tick,conn_0_0,conn_0_2,conn_0_3,conn_0_4,conn_0_5,conn_0_6,conn_0_8,conn_0_10,conn_1_1,conn_1_2,conn_1_4,conn_1_6,conn_1_8,conn_1_9,conn_2_0,conn_2_1,conn_2_2,conn_2_5,conn_2_6,conn_2_7,conn_2_9,conn_2_10,conn_3_0,conn_3_1,conn_3_5,conn_3_7,conn_3_8,conn_3_9,conn_3_10,conn_4_0,conn_4_2,conn_4_5,conn_4_6,conn_4_10,conn_5_2,conn_5_3,conn_5_5,conn_5_6,conn_5_7,conn_5_8,conn_5_9,conn_6_1,conn_6_3,conn_6_8,conn_6_9,conn_6_10,conn_7_0,conn_7_1,conn_7_3,conn_7_6,conn_7_7,conn_7_8,conn_7_10,conn_8_1,conn_8_3,conn_8_4,conn_8_5,conn_8_7,conn_8_8,conn_8_10,conn_9_0,conn_9_2,conn_9_5,conn_9_7,conn_9_8,conn_9_10,conn_10_0,conn_10_1,conn_10_2,conn_10_3,conn_10_10
0,-0.600000,-0.600000,0.600000,-0.600000,1.000000,-0.600000,-0.600000,-0.600000,0.600000,0.600000,-0.600000,0.600000,-0.600000,0.600000,-0.600000,0.600000,-0.600000,0.600000,0.600000,-0.600000,0.600000,-0.600000,-0.600000,-0.600000,-0.600000,-0.600000,-0.600000,-0.600000,-0.600000,-0.600000,-0.600000,-0.600000,-0.600000,0.600000,-0.600000,-0.600000,-0.600000,-0.600000,0.600000,-0.600000,-0.600000,-0.600000,-0.600000,-0.600000,-0.600000,0.600000,0.600000,0.600000,-0.600000,-0.600000,0.600000,-0.600000,-0.600000,-0.600000,0.600000,0.600000,0.600000,-0.600000,-0.600000,0.600000,-0.600000,0.600000,0.600000,-0.600000,0.600000,-0.600000,0.600000,-0.600000,-0.600000,-0.600000,-0.600000
1,-0.609570,-0.600000,0.600000,-0.600000,1.000000,-0.600000,-0.600000,-0.600000,0.600000,0.600000,-0.600000,0.600000,-0.600000,0.600000,-0.600000,0.600000,-0.600000,0.600000,0.600000,-0.600000,0.600000,-0.600000,-0.595193,-0.600000,-0.600000,-0.600000,-0.600000,-0.600000,-0.600000,-0.600000,-0.600000,-0.600000,-0.600000,0.600000,-0.600000,-0.600000,-0.600000,-0.600000,0.600000,-0.600000,-0.600000,-0.604795,-0.600000,-0.604795,-0.600000,0.604795,0.600000,0.600000,-0.600000,-0.600000,0.600000,-0.600000,-0.600000,-0.600000,0.600000,0.600000,0.600000,-0.600000,-0.600000,0.600000,-0.600000,0.600000,0.600000,-0.600000,0.600000,-0.597599,0.600000,-0.600000,-0.600000,-0.600000,-0.600000
2,-0.628457,-0.600000,0.600000,-0.600000,1.000000,-0.600000,-0.600000,-0.600000,0.600000,0.600000,-0.600000,0.600000,-0.600000,0.600000,-0.600000,0.600000,-0.600000,0.600000,0.600000,-0.600000,0.600000,-0.600000,-0.580664,-0.600000,-0.600000,-0.600000,-0.600000,-0.600000,-0.600000,-0.600000,-0.600000,-0.600000,-0.600000,0.600000,-0.600000,-0.600000,-0.600000,-0.600000,0.602400,-0.600000,-0.600000,-0.656057,-0.600000,-0.637760,-0.600000,0.637760,0.600000,0.600000,-0.600000,-0.600000,0.600000,-0.600000,-0.600000,-0.600000,0.600000,0.600000,0.600000,-0.600000,-0.600000,0.600000,-0.600000,0.600000,0.600000,-0.600000,0.600000,-0.570898,0.600000,-0.600000,-0.600000,-0.600000,-0.600000
3,-0.646962,-0.600000,0.600000,-0.600000,1.000000,-0.600000,-0.600000,-0.600000,0.600000,0.600000,-0.600000,0.600000,-0.600000,0.600000,-0.600000,0.600000,-0.600000,0.600000,0.600000,-0.600000,0.600000,-0.600000,-0.570898,-0.600000,-0.600000,-0.600000,-0.600000,-0.600000,-0.600000,-0.600000,-0.600000,-0.600000,-0.600000,0.600000,-0.600000,-0.600000,-0.600000,-0.600000,0.602400,-0.600000,-0.600000,-0.699755,-0.600000,-0.646962,-0.600000,0.646962,0.600000,0.600000,-0.600000,-0.600000,0.600000,-0.600000,-0.600000,-0.600000,0.600000,0.600000,0.600000,-0.600000,-0.600000,0.600000,-0.600000,0.600000,0.600000,-0.600000,0.600000,-0.546254,0.600000,-0.600000,-0.600000,-0.600000,-0.600000
4,-0.665040,-0.600000,0.600000,-0.600000,1.000000,-0.600000,-0.600000,-0.600000,0.600000,0.600000,-0.600000,0.600000,-0.600000,0.600000,-0.600000,0.600000,-0.600000,0.600000,0.600000,-0.600000,0.600000,-0.600000,-0.570898,-0.600000,-0.600000,-0.600000,-0.600000,-0.600000,-0.600000,-0.600000,-0.600000,-0.600000,-0.600000,0.600000,-0.600000,-0.600000,-0.600000,-0.600000,0.604795,-0.600000,-0.600000,-0.736241,-0.600000,-0.651523,-0.600000,0.651523,0.600000,0.600000,-0.600000,-0.600000,0.600000,-0.600000,-0.600000,-0.600000,0.600000,0.600000,0.600000,-0.600000,-0.600000,0.600000,-0.600000,0.600000,0.600000,-0.600000,0.600000,-0.523872,0.600000,-0.600000,-0.600000,-0.600000,-0.600000
5,-0.682650,-0.600000,0.600000,-0.600000,1.000000,-0.600000,-0.600000,-0.600000,0.600000,0.600000,-0.600000,0.600000,-0.600000,0.600000,-0.600000,0.600000,-0.600000,0.600000,0.600000,-0.600000,0.600000,-0.596396,-0.561076,-0.600000,-0.600000,-0.600000,-0.600000,-0.600000,-0.600000,-0.600000,-0.600000,-0.600000,-0.600000,0.600000,-0.600000,-0.600000,-0.600000,-0.600000,0.607185,-0.600000,-0.600000,-0.773299,-0.600000,-0.678293,-0.600000,0.678293,0.600000,0.600000,-0.600000,-0.600000,0.600000,-0.600000,-0.600000,-0.600000,0.600000,0.600000,0.600000,-0.600000,-0.600000,0.600000,-0.600000,0.600000,0.600000,-0.600000,0.600000,-0.498892,0.600000,-0.600000,-0.600000,-0.600000,-0.600000
6,-0.691267,-0.600000,0.600000,-0.600000,1.000000,-0.600000,-0.600000,-0.600000,0.600000,0.600000,-0.600000,0.600000,-0.600000,0.600000,-0.600000,0.600000,-0.600000,0.600000,0.600000,-0.600000,0.600000,-0.593988,-0.557380,-0.600000,-0.600000,-0.600000,-0.600000,-0.600000,-0.600000,-0.600000,-0.600000,-0.600000,-0.600000,0.600000,-0.600000,-0.600000,-0.600000,-0.600000,0.607185,-0.600000,-0.600000,-0.788730,-0.600000,-0.682650,-0.600000,0.682650,0.600000,0.600000,-0.600000,-0.600000,0.600000,-0.600000,-0.600000,-0.600000,0.600000,0.600000,0.600000,-0.600000,-0.600000,0.600000,-0.600000,0.600000,0.600000,-0.600000,0.600000,-0.487644,0.600000,-0.600000,-0.600000,-0.600000,-0.600000
7,-0.697645,-0.600000,0.600000,-0.600000,1.000000,-0.600000,-0.600000,-0.600000,0.600000,0.600000,-0.600000,0.600000,-0.600000,0.600000,-0.600000,0.600000,-0.600000,0.600000,0.600000,-0.600000,0.600000,-0.593988,-0.545015,-0.600000,-0.600000,-0.600000,-0.600000,-0.600000,-0.600000,-0.600000,-0.600000,-0.600000,-0.600000,0.600000,-0.600000,-0.600000,-0.600000,-0.600000,0.607185,-0.600000,-0.600000,-0.801791,-0.600000,-0.701855,-0.600000,0.701855,0.600000,0.600000,-0.600000,-0.600000,0.600000,-0.600000,-0.600000,-0.600000,0.600000,0.600000,0.600000,-0.600000,-0.600000,0.600000,-0.600000,0.600000,0.600000,-0.600000,0.600000,-0.477656,0.600000,-0.600000,-0.600000,-0.600000,-0.600000
8,-0.718355,-0.600000,0.600000,-0.600000,1.000000,-0.600000,-0.600000,-0.600000,0.600000,0.600000,-0.600000,0.600000,-0.600000,0.600000,-0.600000,0.600000,-0.600000,0.600000,0.600000,-0.600000,0.600000,-0.591575,-0.540052,-0.600000,-0.600000,-0.600000,-0.600000,-0.600000,-0.600000,-0.600000,-0.600000,-0.600000,-0.600000,0.600000,-0.600000,-0.600000,-0.600000,-0.600000,0.607185,-0.600000,-0.600000,-0.826070,-0.600000,-0.706032,-0.600000,0.706032,0.600000,0.600000,-0.600000,-0.600000,0.600000,-0.600000,-0.600000,-0.600000,0.600000,0.600000,0.600000,-0.600000,-0.600000,0.600000,-0.600000,0.600000,0.600000,-0.600000,0.600000,-0.457739,0.600000,-0.600000,-0.600000,-0.600000,-0.600000
9,-0.740116,-0.600000,0.600000,-0.600000,1.000000,-0.600000,-0.600000,-0.600000,0.600000,0.600000,-0.600000,0.600000,-0.600000,0.600000,-0.600000,0.600000,-0.600000,0.600000,0.600000,-0.600000,0.600000,-0.584311,-0.535081,-0.600000,-0.600000,-0.600000,-0.600000,-0.600000,-0.600000,-0.600000,-0.600000,-0.600000,-0.600000,0.600000,-0.600000,-0.600000,-0.600000,-0.600000,0.607185,-0.600000,-0.600000,-0.853048,-0.600000,-0.712233,-0.600000,0.712233,0.600000,0.600000,-0.600000,-0.600000,0.600000,-0.600000,-0.600000,-0.600000,0.600000,0.600000,0.600000,-0.600000,-0.600000,0.600000,-0.600000,0.600000,0.600000,-0.600000,0.600000,-0.433035,0.600000,-0.600000,-0.600000,-0.600000,-0.600000
10,-0.743953,-0.600000,0.600000,-0.600000,1.000000,-0.600000,-0.600000,-0.600000,0.600000,0.600000,-0.600000,0.600000,-0.600000,0.600000,-0.600000,0.600000,-0.600000,0.600000,0.600000,-0.600000,0.600000,-0.584311,-0.528858,-0.600000,-0.600000,-0.600000,-0.600000,-0.600000,-0.600000,-0.600000,-0.600000,-0.600000,-0.600000,0.600000,-0.600000,-0.600000,-0.600000,-0.600000,0.611950,-0.600000,-0.600000,-0.860437,-0.600000,-0.720378,-0.600000,0.720378,0.600000,0.600000,-0.600000,-0.600000,0.600000,-0.600000,-0.600000,-0.600000,0.600000,0.600000,0.600000,-0.600000,-0.600000,0.600000,-0.600000,0.600000,0.600000,-0.600000,0.600000,-0.425683,0.600000,-0.600000,-0.600000,-0.600000,-0.600000
11,-0.743953,-0.600000,0.600000,-0.600000,1.000000,-0.600000,-0.600000,-0.600000,0.600000,0.600000,-0.600000,0.600000,-0.600000,0.600000,-0.600000,0.600000,-0.600000,0.600000,0.600000,-0.600000,0.600000,-0.584311,-0.528858,-0.600000,-0.600000,-0.600000,-0.600000,-0.600000,-0.600000,-0.600000,-0.600000,-0.600000,-0.600000,0.600000,-0.600000,-0.600000,-0.600000,-0.600000,0.619058,-0.600000,-0.600000,-0.860437,-0.600000,-0.726395,-0.600000,0.726395,0.600000,0.600000,-0.600000,-0.600000,0.600000,-0.600000,-0.600000,-0.600000,0.600000,0.600000,0.600000,-0.600000,-0.600000,0.600000,-0.600000,0.600000,0.600000,-0.600000,0.600000,-0.425683,0.600000,-0.600000,-0.600000,-0.600000,-0.600000
12,-0.743953,-0.600000,0.600000,-0.600000,1.000000,-0.600000,-0.600000,-0.600000,0.600000,0.600000,-0.600000,0.600000,-0.600000,0.600000,-0.600000,0.600000,-0.600000,0.600000,0.600000,-0.600000,0.600000,-0.584311,-0.528858,-0.600000,-0.600000,-0.600000,-0.600000,-0.600000,-0.600000,-0.600000,-0.600000,-0.600000,-0.600000,0.600000,-0.600000,-0.600000,-0.600000,-0.600000,0.626116,-0.600000,-0.600000,-0.860437,-0.600000,-0.732330,-0.600000,0.732330,0.600000,0.600000,-0.600000,-0.600000,0.600000,-0.600000,-0.600000,-0.600000,0.600000,0.600000,0.600000,-0.600000,-0.600000,0.600000,-0.600000,0.600000,0.600000,-0.600000,0.600000,-0.425683,0.600000,-0.600000,-0.600000,-0.600000,-0.600000
13,-0.749640,-0.600000,0.600000,-0.600000,1.000000,-0.600000,-0.600000,-0.600000,0.600000,0.600000,-0.600000,0.600000,-0.600000,0.600000,-0.600000,0.600000,-0.600000,0.600000,0.600000,-0.600000,0.600000,-0.584311,-0.525119,-0.600000,-0.600000,-0.600000,-0.600000,-0.600000,-0.600000,-0.600000,-0.600000,-0.600000,-0.600000,0.600000,-0.600000,-0.600000,-0.600000,-0.600000,0.628457,-0.600000,-0.600000,-0.866355,-0.600000,-0.740116,-0.600000,0.740116,0.600000,0.600000,-0.600000,-0.600000,0.600000,-0.600000,-0.600000,-0.600000,0.600000,0.600000,0.600000,-0.600000,-0.600000,0.600000,-0.600000,0.600000,0.600000,-0.600000,0.600000,-0.419580,0.600000,-0.600000,-0.600000,-0.600000,-0.600000
14,-0.749640,-0.600000,0.600000,-0.600000,1.000000,-0.600000,-0.600000,-0.600000,0.600000,0.600000,-0.600000,0.600000,-0.600000,0.600000,-0.600000,0.600000,-0.600000,0.600000,0.600000,-0.600000,0.600000,-0.584311,-0.525119,-0.600000,-0.600000,-0.600000,-0.600000,-0.600000,-0.600000,-0.600000,-0.600000,-0.600000,-0.600000,0.600000,-0.600000,-0.600000,-0.600000,-0.600000,0.635443,-0.600000,-0.600000,-0.866355,-0.600000,-0.745858,-0.600000,0.745858,0.600000,0.600000,-0.600000,-0.600000,0.600000,-0.600000,-0.600000,-0.600000,0.600000,0.600000,0.600000,-0.600000,-0.600000,0.600000,-0.600000,0.600000,0.600000,-0.600000,0.600000,-0.419580,0.600000,-0.600000,-0.600000,-0.600000,-0.600000
15,-0.755242,-0.600000,0.600000,-0.600000,1.000000,-0.600000,-0.600000,-0.600000,0.600000,0.600000,-0.600000,0.600000,-0.600000,0.600000,-0.600000,0.600000,-0.600000,0.600000,0.600000,-0.600000,0.600000,-0.584311,-0.518882,-0.600000,-0.600000,-0.600000,-0.600000,-0.600000,-0.600000,-0.600000,-0.600000,-0.600000,-0.600000,0.600000,-0.600000,-0.600000,-0.600000,-0.600000,0.635443,-0.600000,-0.600000,-0.872060,-0.600000,-0.753384,-0.600000,0.753384,0.600000,0.600000,-0.600000,-0.600000,0.600000,-0.600000,-0.600000,-0.600000,0.600000,0.600000,0.600000,-0.600000,-0.600000,0.600000,-0.600000,0.600000,0.600000,-0.600000,0.600000,-0.413502,0.600000,-0.600000,-0.600000,-0.600000,-0.600000
16,-0.758930,-0.600000,0.600000,-0.600000,1.000000,-0.600000,-0.600000,-0.600000,0.600000,0.600000,-0.600000,0.600000,-0.600000,0.600000,-0.600000,0.600000,-0.600000,0.600000,0.600000,-0.600000,0.600000,-0.584311,-0.513888,-0.600000,-0.600000,-0.600000,-0.600000,-0.600000,-0.600000,-0.600000,-0.600000,-0.600000,-0.600000,0.600000,-0.600000,-0.600000,-0.600000,-0.600000,0.637760,-0.600000,-0.600000,-0.875382,-0.600000,-0.758930,-0.600000,0.758930,0.600000,0.600000,-0.600000,-0.600000,0.600000,-0.600000,-0.600000,-0.600000,0.600000,0.600000,0.600000,-0.600000,-0.600000,0.600000,-0.600000,0.600000,0.600000,-0.600000,0.600000,-0.409867,0.600000,-0.600000,-0.600000,-0.600000,-0.600000
17,-0.758930,-0.600000,0.600000,-0.600000,1.000000,-0.600000,-0.600000,-0.600000,0.600000,0.600000,-0.600000,0.600000,-0.600000,0.600000,-0.600000,0.600000,-0.600000,0.600000,0.600000,-0.600000,0.600000,-0.584311,-0.513888,-0.600000,-0.600000,-0.600000,-0.600000,-0.600000,-0.600000,-0.600000,-0.600000,-0.600000,-0.600000,0.600000,-0.600000,-0.600000,-0.600000,-0.600000,0.644671,-0.600000,-0.600000,-0.875382,-0.600000,-0.764390,-0.600000,0.764390,0.600000,0.600000,-0.600000,-0.600000,0.600000,-0.600000,-0.600000,-0.600000,0.600000,0.600000,0.600000,-0.600000,-0.600000,0.600000,-0.600000,0.600000,0.600000,-0.600000,0.600000,-0.409867,0.600000,-0.600000,-0.600000,-0.600000,-0.600000
18,-0.766191,-0.600000,0.600000,-0.600000,1.000000,-0.600000,-0.600000,-0.600000,0.600000,0.600000,-0.600000,0.600000,-0.600000,0.600000,-0.600000,0.600000,-0.600000,0.600000,0.600000,-0.600000,0.600000,-0.584311,-0.503892,-0.600000,-0.600000,-0.600000,-0.600000,-0.600000,-0.600000,-0.600000,-0.600000,-0.600000,-0.600000,0.600000,-0.600000,-0.600000,-0.600000,-0.600000,0.646962,-0.600000,-0.600000,-0.884908,-0.600000,-0.775052,-0.600000,0.775052,0.600000,0.600000,-0.600000,-0.600000,0.600000,-0.600000,-0.600000,-0.600000,0.600000,0.600000,0.600000,-0.600000,-0.600000,0.600000,-0.600000,0.600000,0.600000,-0.600000,0.600000,-0.399023,0.600000,-0.600000,-0.600000,-0.600000,-0.600000
19,-0.766191,-0.600000,0.600000,-0.600000,1.000000,-0.600000,-0.600000,-0.600000,0.600000,0.600000,-0.600000,0.600000,-0.600000,0.600000,-0.600000,0.600000,-0.600000,0.600000,0.600000,-0.600000,0.600000,-0.584311,-0.503892,-0.600000,-0.600000,-0.600000,-0.600000,-0.600000,-0.600000,-0.600000,-0.600000,-0.600000,-0.600000,0.600000,-0.600000,-0.600000,-0.600000,-0.600000,0.653794,-0.600000,-0.600000,-0.884908,-0.600000,-0.780254,-0.600000,0.780254,0.600000,0.600000,-0.600000,-0.600000,0.600000,-0.600000,-0.600000,-0.600000,0.600000,0.600000,0.600000,-0.600000,-0.600000,0.600000,-0.600000,0.600000,0.600000,-0.600000,0.600000,-0.399023,0.600000,-0.600000,-0.600000,-0.600000,-0.600000
20,-0.766191,-0.600000,0.600000,-0.600000,1.000000,-0.600000,-0.600000,-0.600000,0.600000,0.600000,-0.600000,0.600000,-0.600000,0.600000,-0.600000,0.600000,-0.600000,0.600000,0.600000,-0.600000,0.600000,-0.558612,-0.503892,-0.600000,-0.600000,-0.600000,-0.600000,-0.600000,-0.600000,-0.600000,-0.600000,-0.600000,-0.600000,0.600000,-0.600000,-0.600000,-0.600000,-0.600000,0.653794,-0.600000,-0.600000,-0.884908,-0.600000,-0.780254,-0.600000,0.780254,0.600000,0.600000,-0.600000,-0.600000,0.600000,-0.600000,-0.600000,-0.600000,0.600000,0.600000,0.600000,-0.600000,-0.600000,0.600000,-0.600000,0.600000,0.600000,-0.600000,0.600000,-0.399023,0.600000,-0.600000,-0.600000,-0.600000,-0.600000
21,-0.766191,-0.600000,0.600000,-0.600000,1.000000,-0.600000,-0.600000,-0.600000,0.600000,0.600000,-0.600000,0.600000,-0.600000,0.600000,-0.600000,0.600000,-0.600000,0.600000,0.600000,-0.600000,0.600000,-0.531348,-0.503892,-0.600000,-0.600000,-0.600000,-0.600000,-0.600000,-0.600000,-0.600000,-0.600000,-0.600000,-0.600000,0.600000,-0.600000,-0.600000,-0.600000,-0.600000,0.653794,-0.600000,-0.600000,-0.884908,-0.600000,-0.780254,-0.600000,0.780254,0.600000,0.600000,-0.600000,-0.600000,0.600000,-0.600000,-0.600000,-0.600000,0.600000,0.600000,0.600000,-0.600000,-0.600000,0.600000,-0.600000,0.600000,0.600000,-0.600000,0.600000,-0.399023,0.600000,-0.600000,-0.600000,-0.600000,-0.600000
22,-0.775052,-0.600000,0.600000,-0.600000,1.000000,-0.600000,-0.600000,-0.600000,0.600000,0.600000,-0.600000,0.600000,-0.600000,0.600000,-0.600000,0.600000,-0.600000,0.600000,0.600000,-0.600000,0.600000,-0.530103,-0.501392,-0.600000,-0.600000,-0.600000,-0.600000,-0.600000,-0.600000,-0.600000,-0.600000,-0.600000,-0.600000,0.600000,-0.600000,-0.600000,-0.600000,-0.600000,0.653794,-0.600000,-0.600000,-0.894744,-0.600000,-0.783673,-0.600000,0.783673,0.600000,0.600000,-0.600000,-0.600000,0.600000,-0.600000,-0.600000,-0.600000,0.600000,0.600000,0.600000,-0.600000,-0.600000,0.600000,-0.600000,0.600000,0.600000,-0.600000,0.600000,-0.387090,0.600000,-0.600000,-0.600000,-0.600000,-0.600000
23,-0.785368,-0.600000,0.600000,-0.600000,1.000000,-0.600000,-0.600000,-0.600000,0.600000,0.600000,-0.600000,0.600000,-0.600000,0.600000,-0.600000,0.600000,-0.600000,0.600000,0.600000,-0.600000,0.600000,-0.530103,-0.495142,-0.600000,-0.600000,-0.600000,-0.600000,-0.600000,-0.600000,-0.600000,-0.600000,-0.600000,-0.600000,0.600000,-0.600000,-0.600000,-0.600000,-0.600000,0.656057,-0.600000,-0.600000,-0.909770,-0.600000,-0.793700,-0.600000,0.793700,0.600000,0.600000,-0.600000,-0.600000,0.600000,-0.600000,-0.600000,-0.600000,0.600000,0.600000,0.600000,-0.600000,-0.600000,0.600000,-0.600000,0.600000,0.600000,-0.600000,0.600000,-0.367115,0.600000,-0.600000,-0.600000,-0.600000,-0.600000
24,-0.793700,-0.600000,0.600000,-0.600000,1.000000,-0.600000,-0.600000,-0.600000,0.600000,0.600000,-0.600000,0.600000,-0.600000,0.600000,-0.600000,0.600000,-0.600000,0.600000,0.600000,-0.600000,0.600000,-0.530103,-0.487644,-0.600000,-0.600000,-0.600000,-0.600000,-0.600000,-0.600000,-0.600000,-0.600000,-0.600000,-0.600000,0.600000,-0.600000,-0.600000,-0.600000,-0.600000,0.658314,-0.600000,-0.600000,-0.915376,-0.600000,-0.796965,-0.600000,0.796965,0.600000,0.600000,-0.600000,-0.600000,0.600000,-0.600000,-0.600000,-0.600000,0.600000,0.600000,0.600000,-0.600000,-0.600000,0.600000,-0.600000,0.600000,0.600000,-0.600000,0.600000,-0.359016,0.600000,-0.600000,-0.600000,-0.600000,-0.600000
25,-0.806530,-0.600000,0.600000,-0.600000,1.000000,-0.600000,-0.600000,-0.600000,0.600000,0.600000,-0.600000,0.600000,-0.600000,0.600000,-0.600000,0.600000,-0.600000,0.600000,0.600000,-0.600000,0.600000,-0.530103,-0.487644,-0.600000,-0.600000,-0.600000,-0.600000,-0.600000,-0.600000,-0.600000,-0.600000,-0.600000,-0.600000,0.600000,-0.600000,-0.600000,-0.600000,-0.600000,0.658314,-0.600000,-0.600000,-0.915376,-0.600000,-0.796965,-0.600000,0.796965,0.600000,0.600000,-0.600000,-0.600000,0.600000,-0.600000,-0.600000,-0.600000,0.600000,0.600000,0.600000,-0.600000,-0.600000,0.600000,-0.600000,0.600000,0.600000,-0.600000,0.600000,-0.359016,0.600000,-0.600000,-0.600000,-0.600000,-0.600000
26,-0.817251,-0.600000,0.600000,-0.600000,1.000000,-0.600000,-0.600000,-0.600000,0.600000,0.600000,-0.600000,0.600000,-0.600000,0.600000,-0.600000,0.600000,-0.600000,0.600000,0.600000,-0.600000,0.600000,-0.530103,-0.482648,-0.600000,-0.600000,-0.600000,-0.600000,-0.600000,-0.600000,-0.600000,-0.600000,-0.600000,-0.600000,0.600000,-0.600000,-0.600000,-0.600000,-0.600000,0.658314,-0.600000,-0.600000,-0.917681,-0.600000,-0.800192,-0.600000,0.800192,0.600000,0.600000,-0.600000,-0.600000,0.600000,-0.600000,-0.600000,-0.600000,0.600000,0.600000,0.600000,-0.600000,-0.600000,0.600000,-0.600000,0.600000,0.600000,-0.600000,0.600000,-0.355569,0.600000,-0.600000,-0.600000,-0.600000,-0.600000
27,-0.824624,-0.600000,0.600000,-0.600000,1.000000,-0.600000,-0.600000,-0.600000,0.600000,0.600000,-0.600000,0.600000,-0.600000,0.600000,-0.600000,0.600000,-0.600000,0.600000,0.600000,-0.600000,0.600000,-0.530103,-0.457739,-0.600000,-0.600000,-0.600000,-0.600000,-0.600000,-0.600000,-0.600000,-0.600000,-0.600000,-0.600000,0.600000,-0.600000,-0.600000,-0.600000,-0.600000,0.658314,-0.600000,-0.600000,-0.932273,-0.600000,-0.826070,-0.600000,0.826070,0.600000,0.600000,-0.600000,-0.600000,0.600000,-0.600000,-0.600000,-0.600000,0.600000,0.600000,0.600000,-0.600000,-0.600000,0.600000,-0.600000,0.600000,0.600000,-0.600000,0.600000,-0.331872,0.600000,-0.600000,-0.600000,-0.600000,-0.600000
28,-0.827507,-0.600000,0.600000,-0.600000,1.000000,-0.600000,-0.600000,-0.600000,0.600000,0.600000,-0.600000,0.600000,-0.600000,0.600000,-0.600000,0.600000,-0.600000,0.600000,0.600000,-0.600000,0.600000,-0.530103,-0.452778,-0.600000,-0.600000,-0.600000,-0.600000,-0.600000,-0.600000,-0.600000,-0.600000,-0.600000,-0.600000,0.600000,-0.600000,-0.600000,-0.600000,-0.600000,0.660563,-0.600000,-0.600000,-0.934766,-0.600000,-0.830352,-0.600000,0.830352,0.600000,0.600000,-0.600000,-0.600000,0.600000,-0.600000,-0.600000,-0.600000,0.600000,0.600000,0.600000,-0.600000,-0.600000,0.600000,-0.600000,0.600000,0.600000,-0.600000,0.600000,-0.327448,0.600000,-0.600000,-0.600000,-0.600000,-0.600000
29,-0.835931,-0.600000,0.600000,-0.600000,1.000000,-0.600000,-0.600000,-0.600000,0.600000,0.600000,-0.600000,0.600000,-0.600000,0.600000,-0.600000,0.600000,-0.600000,0.600000,0.600000,-0.600000,0.600000,-0.530103,-0.451539,-0.600000,-0.600000,-0.600000,-0.600000,-0.600000,-0.600000,-0.600000,-0.600000,-0.600000,-0.600000,0.600000,-0.600000,-0.600000,-0.600000,-0.600000,0.673906,-0.600000,-0.600000,-0.936580,-0.600000,-0.833161,-0.600000,0.833161,0.600000,0.600000,-0.600000,-0.600000,0.600000,-0.600000,-0.600000,-0.600000,0.600000,0.600000,0.600000,-0.600000,-0.600000,0.600000,-0.600000,0.600000,0.600000,-0.600000,0.600000,-0.324151,0.600000,-0.600000,-0.600000,-0.600000,-0.600000
30,-0.841362,-0.600000,0.600000,-0.600000,1.000000,-0.600000,-0.600000,-0.600000,0.600000,0.600000,-0.600000,0.600000,-0.600000,0.600000,-0.600000,0.600000,-0.600000,0.600000,0.600000,-0.600000,0.600000,-0.530103,-0.451539,-0.600000,-0.600000,-0.600000,-0.600000,-0.600000,-0.600000,-0.600000,-0.600000,-0.600000,-0.600000,0.600000,-0.600000,-0.600000,-0.600000,-0.600000,0.680475,-0.600000,-0.600000,-0.936580,-0.600000,-0.833161,-0.600000,0.833161,0.600000,0.600000,-0.600000,-0.600000,0.600000,-0.600000,-0.600000,-0.600000,0.600000,0.600000,0.600000,-0.600000,-0.600000,0.600000,-0.600000,0.600000,0.600000,-0.600000,0.600000,-0.324151,0.600000,-0.600000,-0.600000,-0.600000,-0.600000
31,-0.849234,-0.600000,0.600000,-0.600000,1.000000,-0.600000,-0.600000,-0.600000,0.600000,0.600000,-0.600000,0.600000,-0.600000,0.600000,-0.600000,0.600000,-0.600000,0.600000,0.600000,-0.600000,0.600000,-0.530103,-0.449063,-0.600000,-0.600000,-0.600000,-0.600000,-0.600000,-0.600000,-0.600000,-0.600000,-0.600000,-0.600000,0.600000,-0.600000,-0.600000,-0.600000,-0.600000,0.689125,-0.600000,-0.600000,-0.937174,-0.600000,-0.834551,-0.600000,0.834551,0.600000,0.600000,-0.600000,-0.600000,0.600000,-0.600000,-0.600000,-0.600000,0.600000,0.600000,0.600000,-0.600000,-0.600000,0.600000,-0.600000,0.600000,0.600000,-0.600000,0.600000,-0.323055,0.600000,-0.600000,-0.600000,-0.600000,-0.600000
32,-0.855546,-0.600000,0.600000,-0.600000,1.000000,-0.600000,-0.600000,-0.600000,0.600000,0.600000,-0.600000,0.600000,-0.600000,0.600000,-0.600000,0.600000,-0.600000,0.600000,0.600000,-0.600000,0.600000,-0.530103,-0.449063,-0.600000,-0.600000,-0.600000,-0.600000,-0.600000,-0.600000,-0.600000,-0.600000,-0.600000,-0.600000,0.600000,-0.600000,-0.600000,-0.600000,-0.600000,0.699755,-0.600000,-0.600000,-0.937762,-0.600000,-0.834551,-0.600000,0.834551,0.600000,0.600000,-0.600000,-0.600000,0.600000,-0.600000,-0.600000,-0.600000,0.600000,0.600000,0.600000,-0.600000,-0.600000,0.600000,-0.600000,0.600000,0.600000,-0.600000,0.600000,-0.321962,0.600000,-0.600000,-0.600000,-0.600000,-0.600000
33,-0.858009,-0.600000,0.600000,-0.600000,1.000000,-0.600000,-0.600000,-0.600000,0.600000,0.600000,-0.600000,0.600000,-0.600000,0.600000,-0.600000,0.600000,-0.600000,0.600000,0.600000,-0.600000,0.600000,-0.530103,-0.444119,-0.600000,-0.600000,-0.600000,-0.600000,-0.600000,-0.600000,-0.600000,-0.600000,-0.600000,-0.600000,0.600000,-0.600000,-0.600000,-0.600000,-0.600000,0.703948,-0.600000,-0.600000,-0.939498,-0.600000,-0.835931,-0.600000,0.835931,0.600000,0.600000,-0.600000,-0.600000,0.600000,-0.600000,-0.600000,-0.600000,0.600000,0.600000,0.600000,-0.600000,-0.600000,0.600000,-0.600000,0.600000,0.600000,-0.600000,0.600000,-0.318693,0.600000,-0.600000,-0.600000,-0.600000,-0.600000
34,-0.867513,-0.600000,0.600000,-0.600000,1.000000,-0.600000,-0.600000,-0.600000,0.600000,0.600000,-0.600000,0.600000,-0.600000,0.600000,-0.600000,0.600000,-0.600000,0.600000,0.600000,-0.600000,0.600000,-0.530103,-0.441650,-0.600000,-0.600000,-0.600000,-0.600000,-0.600000,-0.600000,-0.600000,-0.600000,-0.600000,-0.600000,0.600000,-0.600000,-0.600000,-0.600000,-0.600000,0.714282,-0.600000,-0.600000,-0.940630,-0.600000,-0.837303,-0.600000,0.837303,0.600000,0.600000,-0.600000,-0.600000,0.600000,-0.600000,-0.600000,-0.600000,0.600000,0.600000,0.600000,-0.600000,-0.600000,0.600000,-0.600000,0.600000,0.600000,-0.600000,0.600000,-0.316524,0.600000,-0.600000,-0.600000,-0.600000,-0.600000
35,-0.874283,-0.600000,0.600000,-0.600000,1.000000,-0.600000,-0.600000,-0.600000,0.600000,0.600000,-0.600000,0.600000,-0.600000,0.600000,-0.600000,0.600000,-0.600000,0.600000,0.600000,-0.600000,0.600000,-0.530103,-0.439185,-0.600000,-0.600000,-0.600000,-0.600000,-0.600000,-0.600000,-0.600000,-0.600000,-0.600000,-0.600000,0.600000,-0.600000,-0.600000,-0.600000,-0.600000,0.724398,-0.600000,-0.600000,-0.941742,-0.600000,-0.838665,-0.600000,0.838665,0.600000,0.600000,-0.600000,-0.600000,0.600000,-0.600000,-0.600000,-0.600000,0.600000,0.600000,0.600000,-0.600000,-0.600000,0.600000,-0.600000,0.600000,0.600000,-0.600000,0.600000,-0.314362,0.600000,-0.600000,-0.600000,-0.600000,-0.600000
36,-0.879696,-0.600000,0.600000,-0.600000,1.000000,-0.600000,-0.600000,-0.600000,0.600000,0.600000,-0.600000,0.600000,-0.600000,0.600000,-0.600000,0.600000,-0.600000,0.600000,0.600000,-0.600000,0.600000,-0.530103,-0.439185,-0.600000,-0.600000,-0.600000,-0.600000,-0.600000,-0.600000,-0.600000,-0.600000,-0.600000,-0.600000,0.600000,-0.600000,-0.600000,-0.600000,-0.600000,0.728382,-0.600000,-0.600000,-0.941742,-0.600000,-0.838665,-0.600000,0.838665,0.600000,0.600000,-0.600000,-0.600000,0.600000,-0.600000,-0.600000,-0.600000,0.600000,0.600000,0.600000,-0.600000,-0.600000,0.600000,-0.600000,0.600000,0.600000,-0.600000,0.600000,-0.314362,0.600000,-0.600000,-0.600000,-0.600000,-0.600000
37,-0.884908,-0.600000,0.600000,-0.600000,1.000000,-0.600000,-0.600000,-0.600000,0.600000,0.600000,-0.600000,0.600000,-0.600000,0.600000,-0.600000,0.600000,-0.600000,0.600000,0.600000,-0.600000,0.600000,-0.530103,-0.439185,-0.600000,-0.600000,-0.600000,-0.600000,-0.600000,-0.600000,-0.600000,-0.600000,-0.600000,-0.600000,0.600000,-0.600000,-0.600000,-0.600000,-0.600000,0.736241,-0.600000,-0.600000,-0.941742,-0.600000,-0.838665,-0.600000,0.838665,0.600000,0.600000,-0.600000,-0.600000,0.600000,-0.600000,-0.600000,-0.600000,0.600000,0.600000,0.600000,-0.600000,-0.600000,0.600000,-0.600000,0.600000,0.600000,-0.600000,0.600000,-0.314362,0.600000,-0.600000,-0.600000,-0.600000,-0.600000
38,-0.889922,-0.600000,0.600000,-0.600000,1.000000,-0.600000,-0.600000,-0.600000,0.600000,0.600000,-0.600000,0.600000,-0.600000,0.600000,-0.600000,0.600000,-0.600000,0.600000,0.600000,-0.600000,0.600000,-0.530103,-0.434264,-0.600000,-0.600000,-0.600000,-0.600000,-0.600000,-0.600000,-0.600000,-0.600000,-0.600000,-0.600000,0.600000,-0.600000,-0.600000,-0.600000,-0.600000,0.745858,-0.600000,-0.600000,-0.944437,-0.600000,-0.840018,-0.600000,0.840018,0.600000,0.600000,-0.600000,-0.600000,0.600000,-0.600000,-0.600000,-0.600000,0.600000,0.600000,0.600000,-0.600000,-0.600000,0.600000,-0.600000,0.600000,0.600000,-0.600000,0.600000,-0.308994,0.600000,-0.600000,-0.600000,-0.600000,-0.600000
39,-0.891874,-0.600000,0.600000,-0.600000,1.000000,-0.600000,-0.600000,-0.600000,0.600000,0.600000,-0.600000,0.600000,-0.600000,0.600000,-0.600000,0.600000,-0.600000,0.600000,0.600000,-0.600000,0.600000,-0.530103,-0.429355,-0.600000,-0.600000,-0.600000,-0.600000,-0.600000,-0.600000,-0.600000,-0.600000,-0.600000,-0.600000,0.600000,-0.600000,-0.600000,-0.600000,-0.600000,0.753384,-0.600000,-0.600000,-0.945482,-0.600000,-0.842697,-0.600000,0.842697,0.600000,0.600000,-0.600000,-0.600000,0.600000,-0.600000,-0.600000,-0.600000,0.600000,0.600000,0.600000,-0.600000,-0.600000,0.600000,-0.600000,0.600000,0.600000,-0.600000,0.600000,-0.306861,0.600000,-0.600000,-0.600000,-0.600000,-0.600000
40,-0.896620,-0.600000,0.600000,-0.600000,1.000000,-0.600000,-0.600000,-0.600000,0.600000,0.600000,-0.600000,0.600000,-0.600000,0.600000,-0.600000,0.600000,-0.600000,0.600000,0.600000,-0.600000,0.600000,-0.530103,-0.429355,-0.600000,-0.600000,-0.600000,-0.600000,-0.600000,-0.600000,-0.600000,-0.600000,-0.600000,-0.600000,0.600000,-0.600000,-0.600000,-0.600000,-0.600000,0.773299,-0.600000,-0.600000,-0.947014,-0.600000,-0.849234,-0.600000,0.849234,0.600000,0.600000,-0.600000,-0.600000,0.600000,-0.600000,-0.600000,-0.600000,0.600000,0.600000,0.600000,-0.600000,-0.600000,0.600000,-0.600000,0.600000,0.600000,-0.600000,0.600000,-0.303677,0.600000,-0.600000,-0.600000,-0.600000,-0.600000
41,-0.901182,-0.600000,0.600000,-0.600000,1.000000,-0.600000,-0.600000,-0.600000,0.600000,0.600000,-0.600000,0.600000,-0.600000,0.600000,-0.600000,0.600000,-0.600000,0.600000,0.600000,-0.600000,0.600000,-0.530103,-0.422018,-0.600000,-0.600000,-0.600000,-0.600000,-0.600000,-0.600000,-0.600000,-0.600000,-0.600000,-0.600000,0.600000,-0.600000,-0.600000,-0.600000,-0.600000,0.785368,-0.600000,-0.600000,-0.949479,-0.600000,-0.854302,-0.600000,0.854302,0.600000,0.600000,-0.600000,-0.600000,0.600000,-0.600000,-0.600000,-0.600000,0.600000,0.600000,0.600000,-0.600000,-0.600000,0.600000,-0.600000,0.600000,0.600000,-0.600000,0.600000,-0.298411,0.600000,-0.600000,-0.600000,-0.600000,-0.600000
42,-0.903832,-0.600000,0.600000,-0.600000,1.000000,-0.600000,-0.600000,-0.600000,0.600000,0.600000,-0.600000,0.600000,-0.600000,0.600000,-0.600000,0.600000,-0.600000,0.600000,0.600000,-0.600000,0.600000,-0.530103,-0.417146,-0.600000,-0.600000,-0.600000,-0.600000,-0.600000,-0.600000,-0.600000,-0.600000,-0.600000,-0.600000,0.600000,-0.600000,-0.600000,-0.600000,-0.600000,0.788730,-0.600000,-0.600000,-0.951372,-0.600000,-0.855546,-0.600000,0.855546,0.600000,0.600000,-0.600000,-0.600000,0.600000,-0.600000,-0.600000,-0.600000,0.600000,0.600000,0.600000,-0.600000,-0.600000,0.600000,-0.600000,0.600000,0.600000,-0.600000,0.600000,-0.294237,0.600000,-0.600000,-0.600000,-0.600000,-0.600000
43,-0.905563,-0.600000,0.600000,-0.600000,1.000000,-0.600000,-0.600000,-0.600000,0.600000,0.600000,-0.600000,0.600000,-0.600000,0.600000,-0.600000,0.600000,-0.600000,0.600000,0.600000,-0.600000,0.600000,-0.530103,-0.417146,-0.600000,-0.600000,-0.600000,-0.600000,-0.600000,-0.600000,-0.600000,-0.600000,-0.600000,-0.600000,0.600000,-0.600000,-0.600000,-0.600000,-0.600000,0.800192,-0.600000,-0.600000,-0.951834,-0.600000,-0.861638,-0.600000,0.861638,0.600000,0.600000,-0.600000,-0.600000,0.600000,-0.600000,-0.600000,-0.600000,0.600000,0.600000,0.600000,-0.600000,-0.600000,0.600000,-0.600000,0.600000,0.600000,-0.600000,0.600000,-0.293198,0.600000,-0.600000,-0.600000,-0.600000,-0.600000
44,-0.908108,-0.600000,0.600000,-0.600000,1.000000,-0.600000,-0.600000,-0.600000,0.600000,0.600000,-0.600000,0.600000,-0.600000,0.600000,-0.600000,0.600000,-0.600000,0.600000,0.600000,-0.600000,0.600000,-0.530103,-0.417146,-0.600000,-0.600000,-0.600000,-0.600000,-0.600000,-0.600000,-0.600000,-0.600000,-0.600000,-0.600000,0.600000,-0.600000,-0.600000,-0.600000,-0.600000,0.809641,-0.600000,-0.600000,-0.951834,-0.600000,-0.862830,-0.600000,0.862830,0.600000,0.600000,-0.600000,-0.600000,0.600000,-0.600000,-0.600000,-0.600000,0.600000,0.600000,0.600000,-0.600000,-0.600000,0.600000,-0.600000,0.600000,0.600000,-0.600000,0.600000,-0.293198,0.600000,-0.600000,-0.600000,-0.600000,-0.600000
45,-0.913013,-0.600000,0.600000,-0.600000,1.000000,-0.600000,-0.600000,-0.600000,0.600000,0.600000,-0.600000,0.600000,-0.600000,0.600000,-0.600000,0.600000,-0.600000,0.600000,0.600000,-0.600000,0.600000,-0.530103,-0.417146,-0.600000,-0.600000,-0.600000,-0.600000,-0.600000,-0.600000,-0.600000,-0.600000,-0.600000,-0.600000,0.600000,-0.600000,-0.600000,-0.600000,-0.600000,0.812714,-0.600000,-0.600000,-0.951834,-0.600000,-0.862830,-0.600000,0.862830,0.600000,0.600000,-0.600000,-0.600000,0.600000,-0.600000,-0.600000,-0.600000,0.600000,0.600000,0.600000,-0.600000,-0.600000,0.600000,-0.600000,0.600000,0.600000,-0.600000,0.600000,-0.293198,0.600000,-0.600000,-0.600000,-0.600000,-0.600000
46,-0.916151,-0.600000,0.600000,-0.600000,1.000000,-0.600000,-0.600000,-0.600000,0.600000,0.600000,-0.600000,0.600000,-0.600000,0.600000,-0.600000,0.600000,-0.600000,0.600000,0.600000,-0.600000,0.600000,-0.530103,-0.415930,-0.600000,-0.600000,-0.600000,-0.600000,-0.600000,-0.600000,-0.600000,-0.600000,-0.600000,-0.600000,0.600000,-0.600000,-0.600000,-0.600000,-0.600000,0.817251,-0.600000,-0.600000,-0.951834,-0.600000,-0.864014,-0.600000,0.864014,0.600000,0.600000,-0.600000,-0.600000,0.600000,-0.600000,-0.600000,-0.600000,0.600000,0.600000,0.600000,-0.600000,-0.600000,0.600000,-0.600000,0.600000,0.600000,-0.600000,0.600000,-0.293198,0.600000,-0.600000,-0.600000,-0.600000,-0.600000
47,-0.916919,-0.600000,0.600000,-0.600000,1.000000,-0.600000,-0.600000,-0.600000,0.600000,0.600000,-0.600000,0.600000,-0.600000,0.600000,-0.600000,0.600000,-0.600000,0.600000,0.600000,-0.600000,0.600000,-0.530103,-0.415930,-0.600000,-0.600000,-0.600000,-0.600000,-0.600000,-0.600000,-0.600000,-0.600000,-0.600000,-0.600000,0.600000,-0.600000,-0.600000,-0.600000,-0.600000,0.821703,-0.600000,-0.600000,-0.951834,-0.600000,-0.867513,-0.600000,0.867513,0.600000,0.600000,-0.600000,-0.600000,0.600000,-0.600000,-0.600000,-0.600000,0.600000,0.600000,0.600000,-0.600000,-0.600000,0.600000,-0.600000,0.600000,0.600000,-0.600000,0.600000,-0.293198,0.600000,-0.600000,-0.600000,-0.600000,-0.600000
48,-0.919928,-0.600000,0.600000,-0.600000,1.000000,-0.600000,-0.600000,-0.600000,0.600000,0.600000,-0.600000,0.600000,-0.600000,0.600000,-0.600000,0.600000,-0.600000,0.600000,0.600000,-0.600000,0.600000,-0.530103,-0.408658,-0.600000,-0.600000,-0.600000,-0.600000,-0.600000,-0.600000,-0.600000,-0.600000,-0.600000,-0.600000,0.600000,-0.600000,-0.600000,-0.600000,-0.600000,0.823168,-0.600000,-0.600000,-0.954958,-0.600000,-0.872060,-0.600000,0.872060,0.600000,0.600000,-0.600000,-0.600000,0.600000,-0.600000,-0.600000,-0.600000,0.600000,0.600000,0.600000,-0.600000,-0.600000,0.600000,-0.600000,0.600000,0.600000,-0.600000,0.600000,-0.285991,0.600000,-0.600000,-0.600000,-0.600000,-0.600000
49,-0.922119,-0.600000,0.600000,-0.600000,1.000000,-0.600000,-0.600000,-0.600000,0.600000,0.600000,-0.600000,0.600000,-0.600000,0.600000,-0.600000,0.600000,-0.600000,0.600000,0.600000,-0.600000,0.600000,-0.530103,-0.401425,-0.600000,-0.600000,-0.600000,-0.600000,-0.600000,-0.600000,-0.600000,-0.600000,-0.600000,-0.600000,0.600000,-0.600000,-0.600000,-0.600000,-0.600000,0.824624,-0.600000,-0.600000,-0.957070,-0.600000,-0.876473,-0.600000,0.876473,0.600000,0.600000,-0.600000,-0.600000,0.600000,-0.600000,-0.600000,-0.600000,0.600000,0.600000,0.600000,-0.600000,-0.600000,0.600000,-0.600000,0.600000,0.600000,-0.600000,0.600000,-0.280907,0.600000,-0.600000,-0.600000,-0.600000,-0.600000
50,-0.922119,-0.600000,0.600000,-0.600000,1.000000,-0.600000,-0.600000,-0.600000,0.600000,0.600000,-0.600000,0.600000,-0.600000,0.600000,-0.600000,0.600000,-0.600000,0.600000,0.600000,-0.600000,0.600000,-0.530103,-0.401425,-0.600000,-0.600000,-0.600000,-0.600000,-0.600000,-0.600000,-0.600000,-0.600000,-0.600000,-0.600000,0.600000,-0.600000,-0.600000,-0.600000,-0.600000,0.828934,-0.600000,-0.600000,-0.957070,-0.600000,-0.879696,-0.600000,0.879696,0.600000,0.600000,-0.600000,-0.600000,0.600000,-0.600000,-0.600000,-0.600000,0.600000,0.600000,0.600000,-0.600000,-0.600000,0.600000,-0.600000,0.600000,0.600000,-0.600000,0.600000,-0.280907,0.600000,-0.600000,-0.600000,-0.600000,-0.600000
51,-0.922119,-0.600000,0.600000,-0.600000,1.000000,-0.600000,-0.600000,-0.600000,0.600000,0.600000,-0.600000,0.600000,-0.600000,0.600000,-0.600000,0.600000,-0.600000,0.600000,0.600000,-0.600000,0.600000,-0.530103,-0.401425,-0.600000,-0.600000,-0.600000,-0.600000,-0.600000,-0.600000,-0.600000,-0.600000,-0.600000,-0.600000,0.600000,-0.600000,-0.600000,-0.600000,-0.600000,0.833161,-0.600000,-0.600000,-0.957070,-0.600000,-0.882847,-0.600000,0.882847,0.600000,0.600000,-0.600000,-0.600000,0.600000,-0.600000,-0.600000,-0.600000,0.600000,0.600000,0.600000,-0.600000,-0.600000,0.600000,-0.600000,0.600000,0.600000,-0.600000,0.600000,-0.280907,0.600000,-0.600000,-0.600000,-0.600000,-0.600000
52,-0.922119,-0.600000,0.600000,-0.600000,1.000000,-0.600000,-0.600000,-0.600000,0.600000,0.600000,-0.600000,0.600000,-0.600000,0.600000,-0.600000,0.600000,-0.600000,0.600000,0.600000,-0.600000,0.600000,-0.530103,-0.397824,-0.600000,-0.600000,-0.600000,-0.600000,-0.600000,-0.600000,-0.600000,-0.600000,-0.600000,-0.600000,0.600000,-0.600000,-0.600000,-0.600000,-0.600000,0.834551,-0.600000,-0.600000,-0.957888,-0.600000,-0.885926,-0.600000,0.885926,0.600000,0.600000,-0.600000,-0.600000,0.600000,-0.600000,-0.600000,-0.600000,0.600000,0.600000,0.600000,-0.600000,-0.600000,0.600000,-0.600000,0.600000,0.600000,-0.600000,0.600000,-0.278890,0.600000,-0.600000,-0.600000,-0.600000,-0.600000
53,-0.922838,-0.600000,0.600000,-0.600000,1.000000,-0.600000,-0.600000,-0.600000,0.600000,0.600000,-0.600000,0.600000,-0.600000,0.600000,-0.600000,0.600000,-0.600000,0.600000,0.600000,-0.600000,0.600000,-0.530103,-0.396627,-0.600000,-0.600000,-0.600000,-0.600000,-0.600000,-0.600000,-0.600000,-0.600000,-0.600000,-0.600000,0.600000,-0.600000,-0.600000,-0.600000,-0.600000,0.847945,-0.600000,-0.600000,-0.958691,-0.600000,-0.887940,-0.600000,0.887940,0.600000,0.600000,-0.600000,-0.600000,0.600000,-0.600000,-0.600000,-0.600000,0.600000,0.600000,0.600000,-0.600000,-0.600000,0.600000,-0.600000,0.600000,0.600000,-0.600000,0.600000,-0.276881,0.600000,-0.600000,-0.600000,-0.600000,-0.600000
54,-0.925650,-0.600000,0.600000,-0.600000,1.000000,-0.600000,-0.600000,-0.600000,0.600000,0.600000,-0.600000,0.600000,-0.600000,0.600000,-0.600000,0.600000,-0.600000,0.600000,0.600000,-0.600000,0.600000,-0.530103,-0.387090,-0.600000,-0.600000,-0.600000,-0.600000,-0.600000,-0.600000,-0.600000,-0.600000,-0.600000,-0.600000,0.600000,-0.600000,-0.600000,-0.600000,-0.600000,0.847945,-0.600000,-0.600000,-0.961013,-0.600000,-0.897547,-0.600000,0.897547,0.600000,0.600000,-0.600000,-0.600000,0.600000,-0.600000,-0.600000,-0.600000,0.600000,0.600000,0.600000,-0.600000,-0.600000,0.600000,-0.600000,0.600000,0.600000,-0.600000,0.600000,-0.270908,0.600000,-0.600000,-0.600000,-0.600000,-0.600000
55,-0.929033,-0.600000,0.600000,-0.600000,1.000000,-0.600000,-0.600000,-0.600000,0.600000,0.600000,-0.600000,0.600000,-0.600000,0.600000,-0.600000,0.600000,-0.600000,0.600000,0.600000,-0.600000,0.600000,-0.530103,-0.363634,-0.600000,-0.600000,-0.600000,-0.600000,-0.600000,-0.600000,-0.600000,-0.600000,-0.600000,-0.600000,0.600000,-0.600000,-0.600000,-0.600000,-0.600000,0.847945,-0.600000,-0.600000,-0.967568,-0.600000,-0.913013,-0.600000,0.913013,0.600000,0.600000,-0.600000,-0.600000,0.600000,-0.600000,-0.600000,-0.600000,0.600000,0.600000,0.600000,-0.600000,-0.600000,0.600000,-0.600000,0.600000,0.600000,-0.600000,0.600000,-0.252536,0.600000,-0.600000,-0.600000,-0.600000,-0.600000
56,-0.930994,-0.600000,0.600000,-0.600000,1.000000,-0.600000,-0.600000,-0.600000,0.600000,0.600000,-0.600000,0.600000,-0.600000,0.600000,-0.600000,0.600000,-0.600000,0.600000,0.600000,-0.600000,0.600000,-0.510140,-0.359016,-0.600000,-0.600000,-0.600000,-0.600000,-0.600000,-0.600000,-0.600000,-0.600000,-0.600000,-0.600000,0.600000,-0.600000,-0.600000,-0.600000,-0.600000,0.847945,-0.600000,-0.600000,-0.969407,-0.600000,-0.914595,-0.600000,0.914595,0.600000,0.600000,-0.600000,-0.600000,0.600000,-0.600000,-0.600000,-0.600000,0.600000,0.600000,0.600000,-0.600000,-0.600000,0.600000,-0.600000,0.600000,0.600000,-0.600000,0.600000,-0.246908,0.600000,-0.600000,-0.600000,-0.600000,-0.600000
57,-0.931636,-0.600000,0.600000,-0.600000,1.000000,-0.600000,-0.600000,-0.600000,0.600000,0.600000,-0.600000,0.600000,-0.600000,0.600000,-0.600000,0.600000,-0.600000,0.600000,0.600000,-0.600000,0.600000,-0.507641,-0.359016,-0.600000,-0.600000,-0.600000,-0.600000,-0.600000,-0.600000,-0.600000,-0.600000,-0.600000,-0.602400,0.600000,-0.600000,-0.600000,-0.600000,-0.600000,0.855546,-0.600000,-0.600000,-0.969407,-0.600000,-0.915376,-0.600000,0.915376,0.600000,0.600000,-0.600000,-0.600000,0.600000,-0.600000,-0.600000,-0.600000,0.600000,0.600000,0.600000,-0.600000,-0.600000,0.602400,-0.600000,0.600000,0.600000,-0.600000,0.600000,-0.246908,0.600000,-0.600000,-0.600000,-0.600000,-0.600000
58,-0.936580,-0.600000,0.600000,-0.600000,1.000000,-0.600000,-0.600000,-0.600000,0.600000,0.600000,-0.600000,0.600000,-0.600000,0.600000,-0.600000,0.600000,-0.600000,0.600000,0.600000,-0.600000,0.600000,-0.507641,-0.350996,-0.600000,-0.600000,-0.600000,-0.600000,-0.600000,-0.600000,-0.600000,-0.600000,-0.600000,-0.602400,0.600000,-0.600000,-0.600000,-0.600000,-0.600000,0.855546,-0.600000,-0.600000,-0.974339,-0.600000,-0.919185,-0.600000,0.919185,0.600000,0.600000,-0.600000,-0.600000,0.600000,-0.600000,-0.600000,-0.600000,0.600000,0.600000,0.600000,-0.600000,-0.600000,0.602400,-0.600000,0.600000,0.600000,-0.600000,0.600000,-0.230536,0.600000,-0.600000,-0.600000,-0.600000,-0.600000
59,-0.942834,-0.600000,0.600000,-0.600000,1.000000,-0.600000,-0.600000,-0.600000,0.600000,0.600000,-0.600000,0.600000,-0.600000,0.600000,-0.600000,0.600000,-0.600000,0.600000,0.600000,-0.600000,0.600000,-0.507641,-0.344188,-0.600000,-0.600000,-0.600000,-0.600000,-0.600000,-0.600000,-0.600000,-0.600000,-0.600000,-0.602400,0.600000,-0.600000,-0.600000,-0.600000,-0.600000,0.855546,-0.600000,-0.600000,-0.979119,-0.600000,-0.921395,-0.600000,0.921395,0.600000,0.600000,-0.600000,-0.600000,0.600000,-0.600000,-0.600000,-0.600000,0.600000,0.600000,0.600000,-0.600000,-0.600000,0.602400,-0.600000,0.600000,0.600000,-0.600000,0.600000,-0.212414,0.600000,-0.600000,-0.600000,-0.600000,-0.600000
60,-0.946508,-0.600000,0.600000,-0.600000,1.000000,-0.600000,-0.600000,-0.600000,0.600000,0.600000,-0.600000,0.600000,-0.600000,0.600000,-0.600000,0.600000,-0.600000,0.600000,0.600000,-0.600000,0.600000,-0.507641,-0.343059,-0.600000,-0.600000,-0.600000,-0.600000,-0.600000,-0.600000,-0.600000,-0.600000,-0.600000,-0.602400,0.600000,-0.600000,-0.600000,-0.600000,-0.600000,0.858009,-0.600000,-0.600000,-0.982340,-0.600000,-0.924256,-0.600000,0.924256,0.600000,0.600000,-0.600000,-0.600000,0.600000,-0.600000,-0.600000,-0.600000,0.600000,0.600000,0.600000,-0.600000,-0.600000,0.602400,-0.600000,0.600000,0.600000,-0.600000,0.600000,-0.198521,0.600000,-0.600000,-0.600000,-0.600000,-0.600000
61,-0.948506,-0.600000,0.600000,-0.600000,1.000000,-0.600000,-0.600000,-0.600000,0.600000,0.600000,-0.600000,0.600000,-0.600000,0.600000,-0.600000,0.600000,-0.600000,0.600000,0.600000,-0.600000,0.600000,-0.507641,-0.336325,-0.600000,-0.600000,-0.600000,-0.600000,-0.600000,-0.600000,-0.600000,-0.600000,-0.600000,-0.602400,0.600000,-0.600000,-0.600000,-0.600000,-0.600000,0.859228,-0.600000,-0.600000,-0.983842,-0.600000,-0.927021,-0.600000,0.927021,0.600000,0.600000,-0.600000,-0.600000,0.600000,-0.600000,-0.600000,-0.600000,0.600000,0.600000,0.600000,-0.600000,-0.600000,0.602400,-0.600000,0.600000,0.600000,-0.600000,0.600000,-0.191448,0.600000,-0.600000,-0.600000,-0.600000,-0.600000
62,-0.952293,-0.600000,0.600000,-0.600000,1.000000,-0.600000,-0.600000,-0.600000,0.600000,0.600000,-0.600000,0.600000,-0.600000,0.600000,-0.600000,0.600000,-0.600000,0.600000,0.600000,-0.600000,0.600000,-0.507641,-0.331872,-0.600000,-0.600000,-0.600000,-0.600000,-0.600000,-0.600000,-0.600000,-0.600000,-0.600000,-0.602400,0.600000,-0.600000,-0.600000,-0.600000,-0.600000,0.864014,-0.600000,-0.600000,-0.986479,-0.600000,-0.929033,-0.600000,0.929033,0.600000,0.600000,-0.600000,-0.600000,0.600000,-0.600000,-0.600000,-0.600000,0.600000,0.600000,0.600000,-0.600000,-0.600000,0.602400,-0.600000,0.600000,0.600000,-0.600000,0.600000,-0.177881,0.600000,-0.600000,-0.600000,-0.600000,-0.600000
63,-0.953643,-0.600000,0.600000,-0.600000,1.000000,-0.600000,-0.600000,-0.600000,0.600000,0.600000,-0.600000,0.600000,-0.600000,0.600000,-0.600000,0.600000,-0.600000,0.600000,0.600000,-0.600000,0.600000,-0.507641,-0.331872,-0.600000,-0.600000,-0.600000,-0.600000,-0.600000,-0.600000,-0.600000,-0.600000,-0.600000,-0.602400,0.600000,-0.600000,-0.600000,-0.600000,-0.600000,0.866355,-0.600000,-0.600000,-0.987260,-0.600000,-0.930346,-0.600000,0.930346,0.600000,0.600000,-0.600000,-0.600000,0.600000,-0.600000,-0.600000,-0.600000,0.600000,0.600000,0.600000,-0.600000,-0.600000,0.602400,-0.600000,0.600000,0.600000,-0.600000,0.600000,-0.173529,0.600000,-0.600000,-0.600000,-0.600000,-0.600000
64,-0.956236,-0.600000,0.600000,-0.600000,1.000000,-0.600000,-0.600000,-0.600000,0.600000,0.600000,-0.600000,0.600000,-0.600000,0.600000,-0.600000,0.600000,-0.600000,0.600000,0.600000,-0.600000,0.600000,-0.501392,-0.328551,-0.600000,-0.600000,-0.600000,-0.600000,-0.600000,-0.600000,-0.600000,-0.600000,-0.600000,-0.602400,0.600000,-0.600000,-0.600000,-0.600000,-0.600000,0.867513,-0.600000,-0.600000,-0.989023,-0.600000,-0.936580,-0.600000,0.936580,0.600000,0.600000,-0.600000,-0.600000,0.600000,-0.600000,-0.600000,-0.600000,0.600000,0.600000,0.600000,-0.600000,-0.600000,0.602400,-0.600000,0.600000,0.600000,-0.600000,0.600000,-0.163018,0.600000,-0.600000,-0.600000,-0.600000,-0.600000
65,-0.957480,-0.600000,0.600000,-0.600000,1.000000,-0.600000,-0.600000,-0.600000,0.600000,0.600000,-0.600000,0.600000,-0.600000,0.600000,-0.600000,0.600000,-0.600000,0.600000,0.600000,-0.600000,0.600000,-0.488893,-0.323055,-0.600000,-0.600000,-0.600000,-0.600000,-0.600000,-0.600000,-0.600000,-0.600000,-0.600000,-0.602400,0.600000,-0.600000,-0.600000,-0.600000,-0.600000,0.869803,-0.600000,-0.600000,-0.989556,-0.600000,-0.942834,-0.600000,0.942834,0.600000,0.600000,-0.600000,-0.600000,0.600000,-0.600000,-0.600000,-0.600000,0.600000,0.600000,0.600000,-0.600000,-0.600000,0.602400,-0.600000,0.600000,0.600000,-0.600000,0.600000,-0.159629,0.600000,-0.600000,-0.600000,-0.600000,-0.600000
66,-0.958691,-0.600000,0.600000,-0.600000,1.000000,-0.600000,-0.600000,-0.600000,0.600000,0.600000,-0.600000,0.600000,-0.600000,0.600000,-0.600000,0.600000,-0.600000,0.600000,0.600000,-0.600000,0.600000,-0.465195,-0.318693,-0.600000,-0.600000,-0.600000,-0.600000,-0.600000,-0.600000,-0.600000,-0.600000,-0.600000,-0.602400,0.600000,-0.600000,-0.600000,-0.600000,-0.600000,0.869803,-0.600000,-0.600000,-0.989963,-0.600000,-0.943907,-0.600000,0.943907,0.600000,0.600000,-0.600000,-0.600000,0.600000,-0.600000,-0.600000,-0.600000,0.600000,0.600000,0.600000,-0.600000,-0.600000,0.602400,-0.600000,0.600000,0.600000,-0.600000,0.600000,-0.156960,0.600000,-0.600000,-0.600000,-0.600000,-0.600000
67,-0.958691,-0.600000,0.600000,-0.600000,1.000000,-0.600000,-0.600000,-0.600000,0.600000,0.600000,-0.600000,0.600000,-0.600000,0.600000,-0.600000,0.600000,-0.600000,0.600000,0.600000,-0.600000,0.600000,-0.463951,-0.318693,-0.600000,-0.600000,-0.600000,-0.600000,-0.600000,-0.600000,-0.600000,-0.600000,-0.600000,-0.602400,0.600000,-0.600000,-0.600000,-0.600000,-0.600000,0.873175,-0.600000,-0.600000,-0.989963,-0.600000,-0.945482,-0.600000,0.945482,0.600000,0.600000,-0.600000,-0.600000,0.600000,-0.600000,-0.600000,-0.600000,0.600000,0.600000,0.600000,-0.600000,-0.600000,0.602400,-0.600000,0.600000,0.600000,-0.600000,0.600000,-0.156960,0.600000,-0.600000,-0.600000,-0.600000,-0.600000
68,-0.959868,-0.600000,0.600000,-0.600000,1.000000,-0.600000,-0.600000,-0.600000,0.600000,0.600000,-0.600000,0.600000,-0.600000,0.600000,-0.600000,0.600000,-0.600000,0.600000,0.600000,-0.600000,0.600000,-0.463951,-0.311135,-0.600000,-0.600000,-0.600000,-0.600000,-0.600000,-0.600000,-0.600000,-0.600000,-0.600000,-0.602400,0.600000,-0.600000,-0.600000,-0.600000,-0.600000,0.874283,-0.600000,-0.600000,-0.990731,-0.600000,-0.948013,-0.600000,0.948013,0.600000,0.600000,-0.600000,-0.600000,0.600000,-0.600000,-0.600000,-0.600000,0.600000,0.600000,0.600000,-0.600000,-0.600000,0.602400,-0.600000,0.600000,0.600000,-0.600000,0.600000,-0.151731,0.600000,-0.600000,-0.600000,-0.600000,-0.600000
69,-0.962127,-0.600000,0.600000,-0.600000,1.000000,-0.600000,-0.600000,-0.600000,0.600000,0.600000,-0.600000,0.600000,-0.600000,0.600000,-0.600000,0.600000,-0.600000,0.600000,0.600000,-0.600000,0.600000,-0.463951,-0.310064,-0.600000,-0.600000,-0.600000,-0.600000,-0.600000,-0.600000,-0.600000,-0.600000,-0.600000,-0.602400,0.600000,-0.600000,-0.600000,-0.600000,-0.600000,0.874283,-0.600000,-0.600000,-0.991004,-0.600000,-0.948506,-0.600000,0.948506,0.600000,0.600000,-0.600000,-0.600000,0.600000,-0.600000,-0.600000,-0.600000,0.600000,0.600000,0.600000,-0.600000,-0.600000,0.602400,-0.600000,0.600000,0.600000,-0.600000,0.600000,-0.149807,0.600000,-0.600000,-0.600000,-0.600000,-0.600000
70,-0.964949,-0.600000,0.600000,-0.600000,1.000000,-0.600000,-0.600000,-0.600000,0.600000,0.600000,-0.600000,0.600000,-0.600000,0.600000,-0.600000,0.600000,-0.600000,0.600000,0.600000,-0.600000,0.600000,-0.463951,-0.307927,-0.600000,-0.600000,-0.600000,-0.600000,-0.600000,-0.600000,-0.600000,-0.600000,-0.600000,-0.602400,0.600000,-0.600000,-0.600000,-0.600000,-0.600000,0.874283,-0.600000,-0.600000,-0.991269,-0.600000,-0.948995,-0.600000,0.948995,0.600000,0.600000,-0.600000,-0.600000,0.600000,-0.600000,-0.600000,-0.600000,0.600000,0.600000,0.600000,-0.600000,-0.600000,0.602400,-0.600000,0.600000,0.600000,-0.600000,0.600000,-0.147903,0.600000,-0.600000,-0.600000,-0.600000,-0.600000
71,-0.967568,-0.600000,0.600000,-0.600000,1.000000,-0.600000,-0.600000,-0.600000,0.600000,0.600000,-0.600000,0.600000,-0.600000,0.600000,-0.600000,0.600000,-0.600000,0.600000,0.600000,-0.600000,0.600000,-0.463951,-0.307927,-0.600000,-0.600000,-0.600000,-0.600000,-0.600000,-0.600000,-0.600000,-0.600000,-0.600000,-0.602400,0.600000,-0.600000,-0.600000,-0.600000,-0.600000,0.874283,-0.600000,-0.600000,-0.991269,-0.600000,-0.948995,-0.600000,0.948995,0.600000,0.600000,-0.600000,-0.600000,0.600000,-0.600000,-0.600000,-0.600000,0.600000,0.600000,0.600000,-0.600000,-0.600000,0.602400,-0.600000,0.600000,0.600000,-0.600000,0.600000,-0.147903,0.600000,-0.600000,-0.600000,-0.600000,-0.600000
72,-0.969407,-0.600000,0.600000,-0.600000,1.000000,-0.600000,-0.600000,-0.600000,0.600000,0.600000,-0.600000,0.600000,-0.600000,0.600000,-0.600000,0.600000,-0.600000,0.600000,0.600000,-0.600000,0.600000,-0.463951,-0.303677,-0.600000,-0.600000,-0.600000,-0.600000,-0.600000,-0.600000,-0.600000,-0.600000,-0.600000,-0.602400,0.600000,-0.600000,-0.600000,-0.600000,-0.600000,0.874283,-0.600000,-0.600000,-0.991693,-0.600000,-0.950434,-0.600000,0.950434,0.600000,0.600000,-0.600000,-0.600000,0.600000,-0.600000,-0.600000,-0.600000,0.600000,0.600000,0.600000,-0.600000,-0.600000,0.602400,-0.600000,0.600000,0.600000,-0.600000,0.600000,-0.144774,0.600000,-0.600000,-0.600000,-0.600000,-0.600000
73,-0.971146,-0.600000,0.600000,-0.600000,1.000000,-0.600000,-0.600000,-0.600000,0.600000,0.600000,-0.600000,0.600000,-0.600000,0.600000,-0.600000,0.600000,-0.600000,0.600000,0.600000,-0.600000,0.600000,-0.463951,-0.299460,-0.600000,-0.600000,-0.600000,-0.600000,-0.600000,-0.600000,-0.600000,-0.600000,-0.600000,-0.602400,0.600000,-0.600000,-0.600000,-0.600000,-0.600000,0.874283,-0.600000,-0.600000,-0.992097,-0.600000,-0.951372,-0.600000,0.951372,0.600000,0.600000,-0.600000,-0.600000,0.600000,-0.600000,-0.600000,-0.600000,0.600000,0.600000,0.600000,-0.600000,-0.600000,0.602400,-0.600000,0.600000,0.600000,-0.600000,0.600000,-0.141701,0.600000,-0.600000,-0.600000,-0.600000,-0.600000
74,-0.972788,-0.600000,0.600000,-0.600000,1.000000,-0.600000,-0.600000,-0.600000,0.600000,0.600000,-0.600000,0.600000,-0.600000,0.600000,-0.600000,0.600000,-0.600000,0.600000,0.600000,-0.600000,0.600000,-0.463951,-0.299460,-0.600000,-0.600000,-0.600000,-0.600000,-0.600000,-0.600000,-0.600000,-0.600000,-0.600000,-0.602400,0.600000,-0.600000,-0.600000,-0.600000,-0.600000,0.874283,-0.600000,-0.600000,-0.992097,-0.600000,-0.951372,-0.600000,0.951372,0.600000,0.600000,-0.600000,-0.600000,0.600000,-0.600000,-0.600000,-0.600000,0.600000,0.600000,0.600000,-0.600000,-0.600000,0.602400,-0.600000,0.600000,0.600000,-0.600000,0.600000,-0.141701,0.600000,-0.600000,-0.600000,-0.600000,-0.600000
75,-0.973832,-0.600000,0.600000,-0.600000,1.000000,-0.600000,-0.600000,-0.600000,0.600000,0.600000,-0.600000,0.600000,-0.600000,0.600000,-0.600000,0.600000,-0.600000,0.600000,0.600000,-0.600000,0.600000,-0.463951,-0.295277,-0.600000,-0.600000,-0.600000,-0.600000,-0.600000,-0.600000,-0.600000,-0.600000,-0.600000,-0.602400,0.600000,-0.600000,-0.600000,-0.600000,-0.600000,0.874283,-0.600000,-0.600000,-0.992481,-0.600000,-0.952293,-0.600000,0.952293,0.600000,0.600000,-0.600000,-0.600000,0.600000,-0.600000,-0.600000,-0.600000,0.600000,0.600000,0.600000,-0.600000,-0.600000,0.602400,-0.600000,0.600000,0.600000,-0.600000,0.600000,-0.138682,0.600000,-0.600000,-0.600000,-0.600000,-0.600000
76,-0.975325,-0.600000,0.600000,-0.600000,1.000000,-0.600000,-0.600000,-0.600000,0.600000,0.600000,-0.600000,0.600000,-0.600000,0.600000,-0.600000,0.600000,-0.600000,0.600000,0.600000,-0.600000,0.600000,-0.463951,-0.295277,-0.600000,-0.600000,-0.600000,-0.600000,-0.600000,-0.600000,-0.600000,-0.600000,-0.600000,-0.602400,0.600000,-0.600000,-0.600000,-0.600000,-0.600000,0.874283,-0.600000,-0.600000,-0.992481,-0.600000,-0.952293,-0.600000,0.952293,0.600000,0.600000,-0.600000,-0.600000,0.600000,-0.600000,-0.600000,-0.600000,0.600000,0.600000,0.600000,-0.600000,-0.600000,0.602400,-0.600000,0.600000,0.600000,-0.600000,0.600000,-0.138682,0.600000,-0.600000,-0.600000,-0.600000,-0.600000
77,-0.976505,-0.600000,0.600000,-0.600000,1.000000,-0.600000,-0.600000,-0.600000,0.600000,0.600000,-0.600000,0.600000,-0.600000,0.600000,-0.600000,0.600000,-0.600000,0.600000,0.600000,-0.600000,0.600000,-0.463951,-0.295277,-0.600000,-0.600000,-0.600000,-0.600000,-0.600000,-0.600000,-0.600000,-0.600000,-0.600000,-0.602400,0.600000,-0.600000,-0.600000,-0.600000,-0.600000,0.874283,-0.600000,-0.600000,-0.992481,-0.600000,-0.952293,-0.600000,0.952293,0.600000,0.600000,-0.600000,-0.600000,0.600000,-0.600000,-0.600000,-0.600000,0.600000,0.600000,0.600000,-0.600000,-0.600000,0.602400,-0.600000,0.600000,0.600000,-0.600000,0.600000,-0.138682,0.600000,-0.600000,-0.600000,-0.600000,-0.600000
78,-0.977187,-0.600000,0.600000,-0.600000,1.000000,-0.600000,-0.600000,-0.600000,0.600000,0.600000,-0.600000,0.600000,-0.600000,0.600000,-0.600000,0.600000,-0.600000,0.600000,0.600000,-0.600000,0.600000,-0.463951,-0.291128,-0.600000,-0.600000,-0.600000,-0.600000,-0.600000,-0.600000,-0.600000,-0.600000,-0.600000,-0.602400,0.600000,-0.600000,-0.600000,-0.600000,-0.600000,0.875382,-0.600000,-0.600000,-0.992776,-0.600000,-0.953197,-0.600000,0.953197,0.600000,0.600000,-0.600000,-0.600000,0.600000,-0.600000,-0.600000,-0.600000,0.600000,0.600000,0.600000,-0.600000,-0.600000,0.602400,-0.600000,0.600000,0.600000,-0.600000,0.600000,-0.136306,0.600000,-0.600000,-0.600000,-0.600000,-0.600000
79,-0.979119,-0.600000,0.600000,-0.600000,1.000000,-0.600000,-0.600000,-0.600000,0.600000,0.600000,-0.600000,0.600000,-0.600000,0.600000,-0.600000,0.600000,-0.600000,0.600000,0.600000,-0.600000,0.600000,-0.463951,-0.290096,-0.600000,-0.600000,-0.600000,-0.600000,-0.600000,-0.600000,-0.600000,-0.600000,-0.600000,-0.602400,0.600000,-0.600000,-0.600000,-0.600000,-0.600000,0.875382,-0.600000,-0.600000,-0.992918,-0.600000,-0.953197,-0.600000,0.953197,0.600000,0.600000,-0.600000,-0.600000,0.600000,-0.600000,-0.600000,-0.600000,0.600000,0.600000,0.600000,-0.600000,-0.600000,0.602400,-0.600000,0.600000,0.600000,-0.600000,0.600000,-0.135131,0.600000,-0.600000,-0.600000,-0.600000,-0.600000
80,-0.979925,-0.600000,0.600000,-0.600000,1.000000,-0.600000,-0.600000,-0.600000,0.600000,0.600000,-0.600000,0.600000,-0.600000,0.600000,-0.600000,0.600000,-0.600000,0.600000,0.600000,-0.600000,0.600000,-0.462708,-0.280907,-0.600000,-0.600000,-0.600000,-0.600000,-0.600000,-0.600000,-0.600000,-0.600000,-0.600000,-0.604795,0.600000,-0.600000,-0.600000,-0.600000,-0.600000,0.875382,-0.600000,-0.600000,-0.993330,-0.600000,-0.955814,-0.600000,0.955814,0.600000,0.600000,-0.600000,-0.600000,0.600000,-0.600000,-0.600000,-0.600000,0.600000,0.600000,0.600000,-0.600000,-0.600000,0.604795,-0.600000,0.600000,0.600000,-0.600000,0.600000,-0.131657,0.600000,-0.600000,-0.600000,-0.600000,-0.600000
81,-0.981447,-0.600000,0.600000,-0.600000,1.000000,-0.600000,-0.600000,-0.600000,0.600000,0.600000,-0.600000,0.600000,-0.600000,0.600000,-0.600000,0.600000,-0.600000,0.600000,0.600000,-0.600000,0.600000,-0.462708,-0.267952,-0.600000,-0.600000,-0.600000,-0.600000,-0.600000,-0.600000,-0.600000,-0.600000,-0.600000,-0.604795,0.600000,-0.600000,-0.600000,-0.600000,-0.600000,0.875382,-0.600000,-0.600000,-0.994258,-0.600000,-0.960635,-0.600000,0.960635,0.600000,0.600000,-0.600000,-0.600000,0.600000,-0.600000,-0.600000,-0.600000,0.600000,0.600000,0.600000,-0.600000,-0.600000,0.604795,-0.600000,0.600000,0.600000,-0.600000,0.600000,-0.123302,0.600000,-0.600000,-0.600000,-0.600000,-0.600000
82,-0.982340,-0.600000,0.600000,-0.600000,1.000000,-0.600000,-0.600000,-0.600000,0.600000,0.600000,-0.600000,0.600000,-0.600000,0.600000,-0.600000,0.600000,-0.600000,0.600000,0.600000,-0.600000,0.600000,-0.462708,-0.264043,-0.600000,-0.600000,-0.600000,-0.600000,-0.600000,-0.600000,-0.600000,-0.600000,-0.600000,-0.604795,0.600000,-0.600000,-0.600000,-0.600000,-0.600000,0.876473,-0.600000,-0.600000,-0.994646,-0.600000,-0.961759,-0.600000,0.961759,0.600000,0.600000,-0.600000,-0.600000,0.600000,-0.600000,-0.600000,-0.600000,0.600000,0.600000,0.600000,-0.600000,-0.600000,0.604795,-0.600000,0.600000,0.600000,-0.600000,0.600000,-0.119561,0.600000,-0.600000,-0.600000,-0.600000,-0.600000
83,-0.982340,-0.600000,0.600000,-0.600000,1.000000,-0.600000,-0.600000,-0.600000,0.600000,0.600000,-0.600000,0.600000,-0.600000,0.600000,-0.600000,0.600000,-0.600000,0.600000,0.600000,-0.600000,0.600000,-0.462708,-0.264043,-0.600000,-0.600000,-0.600000,-0.600000,-0.600000,-0.600000,-0.600000,-0.600000,-0.600000,-0.604795,0.600000,-0.600000,-0.600000,-0.600000,-0.600000,0.879696,-0.600000,-0.600000,-0.994646,-0.600000,-0.962852,-0.600000,0.962852,0.600000,0.600000,-0.600000,-0.600000,0.600000,-0.600000,-0.600000,-0.600000,0.600000,0.600000,0.600000,-0.600000,-0.600000,0.604795,-0.600000,0.600000,0.600000,-0.600000,0.600000,-0.119561,0.600000,-0.600000,-0.600000,-0.600000,-0.600000
84,-0.983024,-0.600000,0.600000,-0.600000,1.000000,-0.600000,-0.600000,-0.600000,0.600000,0.600000,-0.600000,0.600000,-0.600000,0.600000,-0.600000,0.600000,-0.600000,0.600000,0.600000,-0.600000,0.600000,-0.462708,-0.259208,-0.600000,-0.600000,-0.600000,-0.600000,-0.600000,-0.600000,-0.600000,-0.600000,-0.600000,-0.604795,0.600000,-0.600000,-0.600000,-0.600000,-0.600000,0.880755,-0.600000,-0.600000,-0.994907,-0.600000,-0.964263,-0.600000,0.964263,0.600000,0.600000,-0.600000,-0.600000,0.600000,-0.600000,-0.600000,-0.600000,0.600000,0.600000,0.600000,-0.600000,-0.600000,0.604795,-0.600000,0.600000,0.600000,-0.600000,0.600000,-0.116949,0.600000,-0.600000,-0.600000,-0.600000,-0.600000
85,-0.983024,-0.600000,0.600000,-0.600000,1.000000,-0.600000,-0.600000,-0.600000,0.600000,0.600000,-0.600000,0.600000,-0.600000,0.600000,-0.600000,0.600000,-0.600000,0.600000,0.600000,-0.600000,0.600000,-0.462708,-0.259208,-0.600000,-0.600000,-0.600000,-0.600000,-0.600000,-0.600000,-0.600000,-0.600000,-0.600000,-0.604795,0.600000,-0.600000,-0.600000,-0.600000,-0.600000,0.883881,-0.600000,-0.600000,-0.994907,-0.600000,-0.965287,-0.600000,0.965287,0.600000,0.600000,-0.600000,-0.600000,0.600000,-0.600000,-0.600000,-0.600000,0.600000,0.600000,0.600000,-0.600000,-0.600000,0.604795,-0.600000,0.600000,0.600000,-0.600000,0.600000,-0.116949,0.600000,-0.600000,-0.600000,-0.600000,-0.600000
86,-0.983024,-0.600000,0.600000,-0.600000,1.000000,-0.600000,-0.600000,-0.600000,0.600000,0.600000,-0.600000,0.600000,-0.600000,0.600000,-0.600000,0.600000,-0.600000,0.600000,0.600000,-0.600000,0.600000,-0.462708,-0.259208,-0.600000,-0.600000,-0.600000,-0.600000,-0.600000,-0.600000,-0.600000,-0.600000,-0.600000,-0.604795,0.600000,-0.600000,-0.600000,-0.600000,-0.600000,0.885926,-0.600000,-0.600000,-0.994907,-0.600000,-0.966283,-0.600000,0.966283,0.600000,0.600000,-0.600000,-0.600000,0.600000,-0.600000,-0.600000,-0.600000,0.600000,0.600000,0.600000,-0.600000,-0.600000,0.604795,-0.600000,0.600000,0.600000,-0.600000,0.600000,-0.116949,0.600000,-0.600000,-0.600000,-0.600000,-0.600000
87,-0.983519,-0.600000,0.600000,-0.600000,1.000000,-0.600000,-0.600000,-0.600000,0.600000,0.600000,-0.600000,0.600000,-0.600000,0.600000,-0.600000,0.600000,-0.600000,0.600000,0.600000,-0.600000,0.600000,-0.462708,-0.253482,-0.600000,-0.600000,-0.600000,-0.600000,-0.600000,-0.600000,-0.600000,-0.600000,-0.600000,-0.604795,0.600000,-0.600000,-0.600000,-0.600000,-0.600000,0.885926,-0.600000,-0.600000,-0.995107,-0.600000,-0.967251,-0.600000,0.967251,0.600000,0.600000,-0.600000,-0.600000,0.600000,-0.600000,-0.600000,-0.600000,0.600000,0.600000,0.600000,-0.600000,-0.600000,0.604795,-0.600000,0.600000,0.600000,-0.600000,0.600000,-0.114896,0.600000,-0.600000,-0.600000,-0.600000,-0.600000
88,-0.984001,-0.600000,0.600000,-0.600000,1.000000,-0.600000,-0.600000,-0.600000,0.600000,0.600000,-0.600000,0.600000,-0.600000,0.600000,-0.600000,0.600000,-0.600000,0.600000,0.600000,-0.600000,0.600000,-0.462708,-0.249711,-0.600000,-0.600000,-0.600000,-0.600000,-0.600000,-0.600000,-0.600000,-0.600000,-0.600000,-0.604795,0.600000,-0.600000,-0.600000,-0.600000,-0.600000,0.885926,-0.600000,-0.600000,-0.995345,-0.600000,-0.968193,-0.600000,0.968193,0.600000,0.600000,-0.600000,-0.600000,0.600000,-0.600000,-0.600000,-0.600000,0.600000,0.600000,0.600000,-0.600000,-0.600000,0.604795,-0.600000,0.600000,0.600000,-0.600000,0.600000,-0.112373,0.600000,-0.600000,-0.600000,-0.600000,-0.600000
89,-0.984773,-0.600000,0.600000,-0.600000,1.000000,-0.600000,-0.600000,-0.600000,0.600000,0.600000,-0.600000,0.600000,-0.600000,0.600000,-0.600000,0.600000,-0.600000,0.600000,0.600000,-0.600000,0.600000,-0.462708,-0.242283,-0.600000,-0.600000,-0.600000,-0.600000,-0.600000,-0.600000,-0.600000,-0.600000,-0.600000,-0.604795,0.600000,-0.600000,-0.600000,-0.600000,-0.600000,0.886937,-0.600000,-0.600000,-0.995660,-0.600000,-0.969704,-0.600000,0.969704,0.600000,0.600000,-0.600000,-0.600000,0.600000,-0.600000,-0.600000,-0.600000,0.600000,0.600000,0.600000,-0.600000,-0.600000,0.604795,-0.600000,0.600000,0.600000,-0.600000,0.600000,-0.108922,0.600000,-0.600000,-0.600000,-0.600000,-0.600000
90,-0.984773,-0.600000,0.600000,-0.600000,1.000000,-0.600000,-0.600000,-0.600000,0.600000,0.600000,-0.600000,0.600000,-0.600000,0.600000,-0.600000,0.600000,-0.600000,0.600000,0.600000,-0.600000,0.600000,-0.462708,-0.240450,-0.600000,-0.600000,-0.600000,-0.600000,-0.600000,-0.600000,-0.600000,-0.600000,-0.600000,-0.604795,0.600000,-0.600000,-0.600000,-0.600000,-0.600000,0.888935,-0.600000,-0.600000,-0.995660,-0.600000,-0.970577,-0.600000,0.970577,0.600000,0.600000,-0.600000,-0.600000,0.600000,-0.600000,-0.600000,-0.600000,0.600000,0.600000,0.600000,-0.600000,-0.600000,0.604795,-0.600000,0.600000,0.600000,-0.600000,0.600000,-0.108922,0.600000,-0.600000,-0.600000,-0.600000,-0.600000
91,-0.984923,-0.600000,0.600000,-0.600000,1.000000,-0.600000,-0.600000,-0.600000,0.600000,0.600000,-0.600000,0.600000,-0.600000,0.600000,-0.600000,0.600000,-0.600000,0.600000,0.600000,-0.600000,0.600000,-0.462708,-0.236811,-0.600000,-0.600000,-0.600000,-0.600000,-0.600000,-0.600000,-0.600000,-0.600000,-0.600000,-0.604795,0.600000,-0.600000,-0.600000,-0.600000,-0.600000,0.899379,-0.600000,-0.600000,-0.995830,-0.600000,-0.971146,-0.600000,0.971146,0.600000,0.600000,-0.600000,-0.600000,0.600000,-0.600000,-0.600000,-0.600000,0.600000,0.600000,0.600000,-0.600000,-0.600000,0.604795,-0.600000,0.600000,0.600000,-0.600000,0.600000,-0.106992,0.600000,-0.600000,-0.600000,-0.600000,-0.600000
92,-0.984923,-0.600000,0.600000,-0.600000,1.000000,-0.600000,-0.600000,-0.600000,0.600000,0.600000,-0.600000,0.600000,-0.600000,0.600000,-0.600000,0.600000,-0.600000,0.600000,0.600000,-0.600000,0.600000,-0.462708,-0.236811,-0.600000,-0.600000,-0.600000,-0.600000,-0.600000,-0.600000,-0.600000,-0.600000,-0.600000,-0.604795,0.600000,-0.600000,-0.600000,-0.600000,-0.600000,0.902072,-0.600000,-0.600000,-0.995830,-0.600000,-0.971978,-0.600000,0.971978,0.600000,0.600000,-0.600000,-0.600000,0.600000,-0.600000,-0.600000,-0.600000,0.600000,0.600000,0.600000,-0.600000,-0.600000,0.604795,-0.600000,0.600000,0.600000,-0.600000,0.600000,-0.106992,0.600000,-0.600000,-0.600000,-0.600000,-0.600000
93,-0.984923,-0.600000,0.600000,-0.600000,1.000000,-0.600000,-0.600000,-0.600000,0.600000,0.600000,-0.600000,0.600000,-0.600000,0.600000,-0.600000,0.600000,-0.600000,0.600000,0.600000,-0.600000,0.600000,-0.462708,-0.232317,-0.600000,-0.600000,-0.600000,-0.600000,-0.600000,-0.600000,-0.600000,-0.600000,-0.600000,-0.604795,0.600000,-0.600000,-0.600000,-0.600000,-0.600000,0.902955,-0.600000,-0.600000,-0.995913,-0.600000,-0.973052,-0.600000,0.973052,0.600000,0.600000,-0.600000,-0.600000,0.600000,-0.600000,-0.600000,-0.600000,0.600000,0.600000,0.600000,-0.600000,-0.600000,0.604795,-0.600000,0.600000,0.600000,-0.600000,0.600000,-0.106039,0.600000,-0.600000,-0.600000,-0.600000,-0.600000
94,-0.985364,-0.600000,0.600000,-0.600000,1.000000,-0.600000,-0.600000,-0.600000,0.600000,0.600000,-0.600000,0.600000,-0.600000,0.600000,-0.600000,0.600000,-0.600000,0.600000,0.600000,-0.600000,0.600000,-0.462708,-0.230536,-0.600000,-0.600000,-0.600000,-0.600000,-0.600000,-0.600000,-0.600000,-0.600000,-0.600000,-0.604795,0.600000,-0.600000,-0.600000,-0.600000,-0.600000,0.907267,-0.600000,-0.600000,-0.996034,-0.600000,-0.973574,-0.600000,0.973574,0.600000,0.600000,-0.600000,-0.600000,0.600000,-0.600000,-0.600000,-0.600000,0.600000,0.600000,0.600000,-0.600000,-0.600000,0.604795,-0.600000,0.600000,0.600000,-0.600000,0.600000,-0.104623,0.600000,-0.600000,-0.600000,-0.600000,-0.600000
95,-0.985364,-0.600000,0.600000,-0.600000,1.000000,-0.600000,-0.600000,-0.600000,0.600000,0.600000,-0.600000,0.600000,-0.600000,0.600000,-0.600000,0.600000,-0.600000,0.600000,0.600000,-0.600000,0.600000,-0.462708,-0.230536,-0.600000,-0.600000,-0.600000,-0.600000,-0.600000,-0.600000,-0.600000,-0.600000,-0.600000,-0.604795,0.600000,-0.600000,-0.600000,-0.600000,-0.600000,0.918436,-0.600000,-0.600000,-0.996034,-0.600000,-0.973832,-0.600000,0.973832,0.600000,0.600000,-0.600000,-0.600000,0.600000,-0.600000,-0.600000,-0.600000,0.600000,0.600000,0.600000,-0.600000,-0.600000,0.604795,-0.600000,0.600000,0.600000,-0.600000,0.600000,-0.104623,0.600000,-0.600000,-0.600000,-0.600000,-0.600000
96,-0.985364,-0.600000,0.600000,-0.600000,1.000000,-0.600000,-0.600000,-0.600000,0.600000,0.600000,-0.600000,0.600000,-0.600000,0.600000,-0.600000,0.600000,-0.600000,0.600000,0.600000,-0.600000,0.600000,-0.462708,-0.230536,-0.600000,-0.600000,-0.600000,-0.600000,-0.600000,-0.600000,-0.600000,-0.600000,-0.600000,-0.604795,0.600000,-0.600000,-0.600000,-0.600000,-0.600000,0.926338,-0.600000,-0.600000,-0.996034,-0.600000,-0.974086,-0.600000,0.974086,0.600000,0.600000,-0.600000,-0.600000,0.600000,-0.600000,-0.600000,-0.600000,0.600000,0.600000,0.600000,-0.600000,-0.600000,0.604795,-0.600000,0.600000,0.600000,-0.600000,0.600000,-0.104623,0.600000,-0.600000,-0.600000,-0.600000,-0.600000
97,-0.985651,-0.600000,0.600000,-0.600000,1.000000,-0.600000,-0.600000,-0.600000,0.600000,0.600000,-0.600000,0.600000,-0.600000,0.600000,-0.600000,0.600000,-0.600000,0.600000,0.600000,-0.600000,0.600000,-0.462708,-0.226125,-0.600000,-0.600000,-0.600000,-0.600000,-0.600000,-0.600000,-0.600000,-0.600000,-0.600000,-0.604795,0.600000,-0.600000,-0.600000,-0.600000,-0.600000,0.931636,-0.600000,-0.600000,-0.996228,-0.600000,-0.975082,-0.600000,0.975082,0.600000,0.600000,-0.600000,-0.600000,0.600000,-0.600000,-0.600000,-0.600000,0.600000,0.600000,0.600000,-0.600000,-0.600000,0.604795,-0.600000,0.600000,0.600000,-0.600000,0.600000,-0.102299,0.600000,-0.600000,-0.600000,-0.600000,-0.600000
98,-0.985651,-0.600000,0.600000,-0.600000,1.000000,-0.600000,-0.600000,-0.600000,0.600000,0.600000,-0.600000,0.600000,-0.600000,0.600000,-0.600000,0.600000,-0.600000,0.600000,0.600000,-0.600000,0.600000,-0.462708,-0.223507,-0.600000,-0.600000,-0.600000,-0.600000,-0.600000,-0.600000,-0.600000,-0.600000,-0.600000,-0.604795,0.600000,-0.600000,-0.600000,-0.600000,-0.600000,0.932905,-0.600000,-0.600000,-0.996228,-0.600000,-0.976040,-0.600000,0.976040,0.600000,0.600000,-0.600000,-0.600000,0.600000,-0.600000,-0.600000,-0.600000,0.600000,0.600000,0.600000,-0.600000,-0.600000,0.604795,-0.600000,0.600000,0.600000,-0.600000,0.600000,-0.102299,0.600000,-0.600000,-0.600000,-0.600000,-0.600000
99,-0.987005,-0.600000,0.600000,-0.600000,1.000000,-0.600000,-0.600000,-0.600000,0.600000,0.600000,-0.600000,0.600000,-0.600000,0.600000,-0.600000,0.600000,-0.600000,0.600000,0.600000,-0.600000,0.600000,-0.462708,-0.220911,-0.600000,-0.600000,-0.600000,-0.600000,-0.600000,-0.600000,-0.600000,-0.600000,-0.600000,-0.604795,0.600000,-0.600000,-0.600000,-0.600000,-0.600000,0.932905,-0.600000,-0.600000,-0.996850,-0.600000,-0.976505,-0.600000,0.976505,0.600000,0.600000,-0.600000,-0.600000,0.600000,-0.600000,-0.600000,-0.600000,0.600000,0.600000,0.600000,-0.600000,-0.600000,0.604795,-0.600000,0.600000,0.600000,-0.600000,0.600000,-0.094309,0.600000,-0.600000,-0.600000,-0.600000,-0.600000
100,-0.987877,-0.600000,0.600000,-0.600000,1.000000,-0.600000,-0.600000,-0.600000,0.600000,0.600000,-0.600000,0.600000,-0.600000,0.600000,-0.600000,0.600000,-0.600000,0.600000,0.600000,-0.600000,0.600000,-0.462708,-0.205790,-0.600000,-0.600000,-0.600000,-0.600000,-0.600000,-0.600000,-0.600000,-0.600000,-0.600000,-0.604795,0.600000,-0.600000,-0.600000,-0.600000,-0.600000,0.932905,-0.600000,-0.600000,-0.997422,-0.600000,-0.979323,-0.600000,0.979323,0.600000,0.600000,-0.600000,-0.600000,0.600000,-0.600000,-0.600000,-0.600000,0.600000,0.600000,0.600000,-0.600000,-0.600000,0.604795,-0.600000,0.600000,0.600000,-0.600000,0.600000,-0.086091,0.600000,-0.600000,-0.600000,-0.600000,-0.600000
101,-0.988233,-0.600000,0.600000,-0.600000,1.000000,-0.600000,-0.600000,-0.600000,0.600000,0.600000,-0.600000,0.600000,-0.600000,0.600000,-0.600000,0.600000,-0.600000,0.600000,0.600000,-0.600000,0.600000,-0.462708,-0.202535,-0.600000,-0.600000,-0.600000,-0.600000,-0.600000,-0.600000,-0.600000,-0.600000,-0.600000,-0.604795,0.600000,-0.600000,-0.600000,-0.600000,-0.600000,0.934151,-0.600000,-0.600000,-0.997573,-0.600000,-0.980121,-0.600000,0.980121,0.600000,0.600000,-0.600000,-0.600000,0.600000,-0.600000,-0.600000,-0.600000,0.600000,0.600000,0.600000,-0.600000,-0.600000,0.604795,-0.600000,0.600000,0.600000,-0.600000,0.600000,-0.083755,0.600000,-0.600000,-0.600000,-0.600000,-0.600000
102,-0.988578,-0.600000,0.600000,-0.600000,1.000000,-0.600000,-0.600000,-0.600000,0.600000,0.600000,-0.600000,0.600000,-0.600000,0.600000,-0.600000,0.600000,-0.600000,0.600000,0.600000,-0.600000,0.600000,-0.462708,-0.197726,-0.600000,-0.600000,-0.600000,-0.600000,-0.600000,-0.600000,-0.600000,-0.600000,-0.600000,-0.604795,0.600000,-0.600000,-0.600000,-0.600000,-0.600000,0.934151,-0.600000,-0.600000,-0.997691,-0.600000,-0.980890,-0.600000,0.980890,0.600000,0.600000,-0.600000,-0.600000,0.600000,-0.600000,-0.600000,-0.600000,0.600000,0.600000,0.600000,-0.600000,-0.600000,0.604795,-0.600000,0.600000,0.600000,-0.600000,0.600000,-0.081853,0.600000,-0.600000,-0.600000,-0.600000,-0.600000
103,-0.988914,-0.600000,0.600000,-0.600000,1.000000,-0.600000,-0.600000,-0.600000,0.600000,0.600000,-0.600000,0.600000,-0.600000,0.600000,-0.600000,0.600000,-0.600000,0.600000,0.600000,-0.600000,0.600000,-0.462708,-0.193003,-0.600000,-0.600000,-0.600000,-0.600000,-0.600000,-0.600000,-0.600000,-0.600000,-0.600000,-0.604795,0.600000,-0.600000,-0.600000,-0.600000,-0.600000,0.934766,-0.600000,-0.600000,-0.997804,-0.600000,-0.981447,-0.600000,0.981447,0.600000,0.600000,-0.600000,-0.600000,0.600000,-0.600000,-0.600000,-0.600000,0.600000,0.600000,0.600000,-0.600000,-0.600000,0.604795,-0.600000,0.600000,0.600000,-0.600000,0.600000,-0.079990,0.600000,-0.600000,-0.600000,-0.600000,-0.600000
104,-0.989346,-0.600000,0.600000,-0.600000,1.000000,-0.600000,-0.600000,-0.600000,0.600000,0.600000,-0.600000,0.600000,-0.600000,0.600000,-0.600000,0.600000,-0.600000,0.600000,0.600000,-0.600000,0.600000,-0.462708,-0.188366,-0.600000,-0.600000,-0.600000,-0.600000,-0.600000,-0.600000,-0.600000,-0.600000,-0.600000,-0.604795,0.600000,-0.600000,-0.600000,-0.600000,-0.600000,0.935376,-0.600000,-0.600000,-0.997953,-0.600000,-0.982164,-0.600000,0.982164,0.600000,0.600000,-0.600000,-0.600000,0.600000,-0.600000,-0.600000,-0.600000,0.600000,0.600000,0.600000,-0.600000,-0.600000,0.604795,-0.600000,0.600000,0.600000,-0.600000,0.600000,-0.077446,0.600000,-0.600000,-0.600000,-0.600000,-0.600000
105,-0.989556,-0.600000,0.600000,-0.600000,1.000000,-0.600000,-0.600000,-0.600000,0.600000,0.600000,-0.600000,0.600000,-0.600000,0.600000,-0.600000,0.600000,-0.600000,0.600000,0.600000,-0.600000,0.600000,-0.462708,-0.183815,-0.600000,-0.600000,-0.600000,-0.600000,-0.600000,-0.600000,-0.600000,-0.600000,-0.600000,-0.604795,0.600000,-0.600000,-0.600000,-0.600000,-0.600000,0.935980,-0.600000,-0.600000,-0.998033,-0.600000,-0.983024,-0.600000,0.983024,0.600000,0.600000,-0.600000,-0.600000,0.600000,-0.600000,-0.600000,-0.600000,0.600000,0.600000,0.600000,-0.600000,-0.600000,0.604795,-0.600000,0.600000,0.600000,-0.600000,0.600000,-0.076026,0.600000,-0.600000,-0.600000,-0.600000,-0.600000
106,-0.989863,-0.600000,0.600000,-0.600000,1.000000,-0.600000,-0.600000,-0.600000,0.600000,0.600000,-0.600000,0.600000,-0.600000,0.600000,-0.600000,0.600000,-0.600000,0.600000,0.600000,-0.600000,0.600000,-0.462708,-0.177881,-0.600000,-0.600000,-0.600000,-0.600000,-0.600000,-0.600000,-0.600000,-0.600000,-0.600000,-0.604795,0.600000,-0.600000,-0.600000,-0.600000,-0.600000,0.936580,-0.600000,-0.600000,-0.998185,-0.600000,-0.983681,-0.600000,0.983681,0.600000,0.600000,-0.600000,-0.600000,0.600000,-0.600000,-0.600000,-0.600000,0.600000,0.600000,0.600000,-0.600000,-0.600000,0.604795,-0.600000,0.600000,0.600000,-0.600000,0.600000,-0.073258,0.600000,-0.600000,-0.600000,-0.600000,-0.600000
107,-0.990355,-0.600000,0.600000,-0.600000,1.000000,-0.600000,-0.600000,-0.600000,0.600000,0.600000,-0.600000,0.600000,-0.600000,0.600000,-0.600000,0.600000,-0.600000,0.600000,0.600000,-0.600000,0.600000,-0.462708,-0.172812,-0.600000,-0.600000,-0.600000,-0.600000,-0.600000,-0.600000,-0.600000,-0.600000,-0.600000,-0.604795,0.600000,-0.600000,-0.600000,-0.600000,-0.600000,0.937174,-0.600000,-0.600000,-0.998342,-0.600000,-0.984314,-0.600000,0.984314,0.600000,0.600000,-0.600000,-0.600000,0.600000,-0.600000,-0.600000,-0.600000,0.600000,0.600000,0.600000,-0.600000,-0.600000,0.604795,-0.600000,0.600000,0.600000,-0.600000,0.600000,-0.070254,0.600000,-0.600000,-0.600000,-0.600000,-0.600000
108,-0.990731,-0.600000,0.600000,-0.600000,1.000000,-0.600000,-0.600000,-0.600000,0.600000,0.600000,-0.600000,0.600000,-0.600000,0.600000,-0.600000,0.600000,-0.600000,0.600000,0.600000,-0.600000,0.600000,-0.462708,-0.169261,-0.600000,-0.600000,-0.600000,-0.600000,-0.600000,-0.600000,-0.600000,-0.600000,-0.600000,-0.604795,0.600000,-0.600000,-0.600000,-0.600000,-0.600000,0.939498,-0.600000,-0.600000,-0.998439,-0.600000,-0.985071,-0.600000,0.985071,0.600000,0.600000,-0.600000,-0.600000,0.600000,-0.600000,-0.600000,-0.600000,0.600000,0.600000,0.600000,-0.600000,-0.600000,0.604795,-0.600000,0.600000,0.600000,-0.600000,0.600000,-0.068316,0.600000,-0.600000,-0.600000,-0.600000,-0.600000
109,-0.990731,-0.600000,0.600000,-0.600000,1.000000,-0.600000,-0.600000,-0.600000,0.600000,0.600000,-0.600000,0.600000,-0.600000,0.600000,-0.600000,0.600000,-0.600000,0.600000,0.600000,-0.600000,0.600000,-0.462708,-0.168558,-0.600000,-0.600000,-0.600000,-0.600000,-0.600000,-0.600000,-0.600000,-0.600000,-0.600000,-0.604795,0.600000,-0.600000,-0.600000,-0.600000,-0.600000,0.940630,-0.600000,-0.600000,-0.998439,-0.600000,-0.985508,-0.600000,0.985508,0.600000,0.600000,-0.600000,-0.600000,0.600000,-0.600000,-0.600000,-0.600000,0.600000,0.600000,0.600000,-0.600000,-0.600000,0.604795,-0.600000,0.600000,0.600000,-0.600000,0.600000,-0.068316,0.600000,-0.600000,-0.600000,-0.600000,-0.600000
110,-0.991093,-0.600000,0.600000,-0.600000,1.000000,-0.600000,-0.600000,-0.600000,0.600000,0.600000,-0.600000,0.600000,-0.600000,0.600000,-0.600000,0.600000,-0.600000,0.600000,0.600000,-0.600000,0.600000,-0.462708,-0.165769,-0.600000,-0.600000,-0.600000,-0.600000,-0.600000,-0.600000,-0.600000,-0.600000,-0.600000,-0.604795,0.600000,-0.600000,-0.600000,-0.600000,-0.600000,0.943373,-0.600000,-0.600000,-0.998574,-0.600000,-0.985933,-0.600000,0.985933,0.600000,0.600000,-0.600000,-0.600000,0.600000,-0.600000,-0.600000,-0.600000,0.600000,0.600000,0.600000,-0.600000,-0.600000,0.604795,-0.600000,0.600000,0.600000,-0.600000,0.600000,-0.065501,0.600000,-0.600000,-0.600000,-0.600000,-0.600000
111,-0.991355,-0.600000,0.600000,-0.600000,1.000000,-0.600000,-0.600000,-0.600000,0.600000,0.600000,-0.600000,0.600000,-0.600000,0.600000,-0.600000,0.600000,-0.600000,0.600000,0.600000,-0.600000,0.600000,-0.462708,-0.158290,-0.600000,-0.600000,-0.600000,-0.600000,-0.600000,-0.600000,-0.600000,-0.600000,-0.600000,-0.604795,0.600000,-0.600000,-0.600000,-0.600000,-0.600000,0.943907,-0.600000,-0.600000,-0.998684,-0.600000,-0.986613,-0.600000,0.986613,0.600000,0.600000,-0.600000,-0.600000,0.600000,-0.600000,-0.600000,-0.600000,0.600000,0.600000,0.600000,-0.600000,-0.600000,0.604795,-0.600000,0.600000,0.600000,-0.600000,0.600000,-0.063089,0.600000,-0.600000,-0.600000,-0.600000,-0.600000
112,-0.991526,-0.600000,0.600000,-0.600000,1.000000,-0.600000,-0.600000,-0.600000,0.600000,0.600000,-0.600000,0.600000,-0.600000,0.600000,-0.600000,0.600000,-0.600000,0.600000,0.600000,-0.600000,0.600000,-0.462708,-0.158290,-0.600000,-0.600000,-0.600000,-0.600000,-0.600000,-0.600000,-0.600000,-0.600000,-0.600000,-0.604795,0.600000,-0.600000,-0.600000,-0.600000,-0.600000,0.947014,-0.600000,-0.600000,-0.998797,-0.600000,-0.986876,-0.600000,0.986876,0.600000,0.600000,-0.600000,-0.600000,0.600000,-0.600000,-0.600000,-0.600000,0.600000,0.600000,0.600000,-0.600000,-0.600000,0.604795,-0.600000,0.600000,0.600000,-0.600000,0.600000,-0.060475,0.600000,-0.600000,-0.600000,-0.600000,-0.600000
113,-0.991938,-0.600000,0.600000,-0.600000,1.000000,-0.600000,-0.600000,-0.600000,0.600000,0.600000,-0.600000,0.600000,-0.600000,0.600000,-0.600000,0.600000,-0.600000,0.600000,0.600000,-0.600000,0.600000,-0.462708,-0.149807,-0.600000,-0.600000,-0.600000,-0.600000,-0.600000,-0.600000,-0.600000,-0.600000,-0.600000,-0.604795,0.600000,-0.600000,-0.600000,-0.600000,-0.600000,0.947014,-0.600000,-0.600000,-0.998955,-0.600000,-0.988578,-0.600000,0.988578,0.600000,0.600000,-0.600000,-0.600000,0.600000,-0.600000,-0.600000,-0.600000,0.600000,0.600000,0.600000,-0.600000,-0.600000,0.604795,-0.600000,0.600000,0.600000,-0.600000,0.600000,-0.056610,0.600000,-0.600000,-0.600000,-0.600000,-0.600000
114,-0.992253,-0.600000,0.600000,-0.600000,1.000000,-0.600000,-0.600000,-0.600000,0.600000,0.600000,-0.600000,0.600000,-0.600000,0.600000,-0.600000,0.600000,-0.600000,0.600000,0.600000,-0.600000,0.600000,-0.462708,-0.147903,-0.600000,-0.600000,-0.600000,-0.600000,-0.600000,-0.600000,-0.600000,-0.600000,-0.600000,-0.604795,0.600000,-0.600000,-0.600000,-0.600000,-0.600000,0.947516,-0.600000,-0.600000,-0.999016,-0.600000,-0.988914,-0.600000,0.988914,0.600000,0.600000,-0.600000,-0.600000,0.600000,-0.600000,-0.600000,-0.600000,0.600000,0.600000,0.600000,-0.600000,-0.600000,0.604795,-0.600000,0.600000,0.600000,-0.600000,0.600000,-0.055026,0.600000,-0.600000,-0.600000,-0.600000,-0.600000
115,-0.992481,-0.600000,0.600000,-0.600000,1.000000,-0.600000,-0.600000,-0.600000,0.600000,0.600000,-0.600000,0.600000,-0.600000,0.600000,-0.600000,0.600000,-0.600000,0.600000,0.600000,-0.600000,0.600000,-0.462708,-0.144155,-0.600000,-0.600000,-0.600000,-0.600000,-0.600000,-0.600000,-0.600000,-0.600000,-0.600000,-0.604795,0.600000,-0.600000,-0.600000,-0.600000,-0.600000,0.948013,-0.600000,-0.600000,-0.999064,-0.600000,-0.989346,-0.600000,0.989346,0.600000,0.600000,-0.600000,-0.600000,0.600000,-0.600000,-0.600000,-0.600000,0.600000,0.600000,0.600000,-0.600000,-0.600000,0.604795,-0.600000,0.600000,0.600000,-0.600000,0.600000,-0.053737,0.600000,-0.600000,-0.600000,-0.600000,-0.600000
116,-0.992776,-0.600000,0.600000,-0.600000,1.000000,-0.600000,-0.600000,-0.600000,0.600000,0.600000,-0.600000,0.600000,-0.600000,0.600000,-0.600000,0.600000,-0.600000,0.600000,0.600000,-0.600000,0.600000,-0.462708,-0.137490,-0.600000,-0.600000,-0.600000,-0.600000,-0.600000,-0.600000,-0.600000,-0.600000,-0.600000,-0.604795,0.600000,-0.600000,-0.600000,-0.600000,-0.600000,0.948013,-0.600000,-0.600000,-0.999145,-0.600000,-0.989863,-0.600000,0.989863,0.600000,0.600000,-0.600000,-0.600000,0.600000,-0.600000,-0.600000,-0.600000,0.600000,0.600000,0.600000,-0.600000,-0.600000,0.604795,-0.600000,0.600000,0.600000,-0.600000,0.600000,-0.051489,0.600000,-0.600000,-0.600000,-0.600000,-0.600000
117,-0.993058,-0.600000,0.600000,-0.600000,1.000000,-0.600000,-0.600000,-0.600000,0.600000,0.600000,-0.600000,0.600000,-0.600000,0.600000,-0.600000,0.600000,-0.600000,0.600000,0.600000,-0.600000,0.600000,-0.462708,-0.131085,-0.600000,-0.600000,-0.600000,-0.600000,-0.600000,-0.600000,-0.600000,-0.600000,-0.600000,-0.604795,0.600000,-0.600000,-0.600000,-0.600000,-0.600000,0.948013,-0.600000,-0.600000,-0.999211,-0.600000,-0.990450,-0.600000,0.990450,0.600000,0.600000,-0.600000,-0.600000,0.600000,-0.600000,-0.600000,-0.600000,0.600000,0.600000,0.600000,-0.600000,-0.600000,0.604795,-0.600000,0.600000,0.600000,-0.600000,0.600000,-0.049566,0.600000,-0.600000,-0.600000,-0.600000,-0.600000
118,-0.993195,-0.600000,0.600000,-0.600000,1.000000,-0.600000,-0.600000,-0.600000,0.600000,0.600000,-0.600000,0.600000,-0.600000,0.600000,-0.600000,0.600000,-0.600000,0.600000,0.600000,-0.600000,0.600000,-0.462708,-0.128259,-0.600000,-0.600000,-0.600000,-0.600000,-0.600000,-0.600000,-0.600000,-0.600000,-0.600000,-0.604795,0.600000,-0.600000,-0.600000,-0.600000,-0.600000,0.948995,-0.600000,-0.600000,-0.999250,-0.600000,-0.990731,-0.600000,0.990731,0.600000,0.600000,-0.600000,-0.600000,0.600000,-0.600000,-0.600000,-0.600000,0.600000,0.600000,0.600000,-0.600000,-0.600000,0.604795,-0.600000,0.600000,0.600000,-0.600000,0.600000,-0.048399,0.600000,-0.600000,-0.600000,-0.600000,-0.600000
119,-0.993330,-0.600000,0.600000,-0.600000,1.000000,-0.600000,-0.600000,-0.600000,0.600000,0.600000,-0.600000,0.600000,-0.600000,0.600000,-0.600000,0.600000,-0.600000,0.600000,0.600000,-0.600000,0.600000,-0.462708,-0.124936,-0.600000,-0.600000,-0.600000,-0.600000,-0.600000,-0.600000,-0.600000,-0.600000,-0.600000,-0.604795,0.600000,-0.600000,-0.600000,-0.600000,-0.600000,0.949479,-0.600000,-0.600000,-0.999279,-0.600000,-0.991181,-0.600000,0.991181,0.600000,0.600000,-0.600000,-0.600000,0.600000,-0.600000,-0.600000,-0.600000,0.600000,0.600000,0.600000,-0.600000,-0.600000,0.604795,-0.600000,0.600000,0.600000,-0.600000,0.600000,-0.047484,0.600000,-0.600000,-0.600000,-0.600000,-0.600000
120,-0.993655,-0.600000,0.600000,-0.600000,1.000000,-0.600000,-0.600000,-0.600000,0.600000,0.600000,-0.600000,0.600000,-0.600000,0.600000,-0.600000,0.600000,-0.600000,0.600000,0.600000,-0.600000,0.600000,-0.462708,-0.123844,-0.600000,-0.600000,-0.600000,-0.600000,-0.600000,-0.600000,-0.600000,-0.600000,-0.600000,-0.604795,0.600000,-0.600000,-0.600000,-0.600000,-0.600000,0.949958,-0.600000,-0.600000,-0.999348,-0.600000,-0.991269,-0.600000,0.991269,0.600000,0.600000,-0.600000,-0.600000,0.600000,-0.600000,-0.600000,-0.600000,0.600000,0.600000,0.600000,-0.600000,-0.600000,0.604795,-0.600000,0.600000,0.600000,-0.600000,0.600000,-0.045268,0.600000,-0.600000,-0.600000,-0.600000,-0.600000
121,-0.994200,-0.600000,0.600000,-0.600000,1.000000,-0.600000,-0.600000,-0.600000,0.600000,0.600000,-0.600000,0.600000,-0.600000,0.600000,-0.600000,0.600000,-0.600000,0.600000,0.600000,-0.600000,0.600000,-0.462708,-0.116433,-0.600000,-0.600000,-0.600000,-0.600000,-0.600000,-0.600000,-0.600000,-0.600000,-0.600000,-0.604795,0.600000,-0.600000,-0.600000,-0.600000,-0.600000,0.950434,-0.600000,-0.600000,-0.999467,-0.600000,-0.992253,-0.600000,0.992253,0.600000,0.600000,-0.600000,-0.600000,0.600000,-0.600000,-0.600000,-0.600000,0.600000,0.600000,0.600000,-0.600000,-0.600000,0.604795,-0.600000,0.600000,0.600000,-0.600000,0.600000,-0.041129,0.600000,-0.600000,-0.600000,-0.600000,-0.600000
122,-0.994538,-0.600000,0.600000,-0.600000,1.000000,-0.600000,-0.600000,-0.600000,0.600000,0.600000,-0.600000,0.600000,-0.600000,0.600000,-0.600000,0.600000,-0.600000,0.600000,0.600000,-0.600000,0.600000,-0.462708,-0.116433,-0.600000,-0.600000,-0.600000,-0.600000,-0.600000,-0.600000,-0.600000,-0.600000,-0.600000,-0.604795,0.600000,-0.600000,-0.600000,-0.600000,-0.600000,0.950434,-0.600000,-0.600000,-0.999523,-0.600000,-0.992253,-0.600000,0.992253,0.600000,0.600000,-0.600000,-0.600000,0.600000,-0.600000,-0.600000,-0.600000,0.600000,0.600000,0.600000,-0.600000,-0.600000,0.604795,-0.600000,0.600000,0.600000,-0.600000,0.600000,-0.039009,0.600000,-0.600000,-0.600000,-0.600000,-0.600000
123,-0.994804,-0.600000,0.600000,-0.600000,1.000000,-0.600000,-0.600000,-0.600000,0.600000,0.600000,-0.600000,0.600000,-0.600000,0.600000,-0.600000,0.600000,-0.600000,0.600000,0.600000,-0.600000,0.600000,-0.462708,-0.116433,-0.600000,-0.600000,-0.600000,-0.600000,-0.600000,-0.600000,-0.600000,-0.600000,-0.600000,-0.604795,0.600000,-0.600000,-0.600000,-0.600000,-0.600000,0.950905,-0.600000,-0.600000,-0.999573,-0.600000,-0.992330,-0.600000,0.992330,0.600000,0.600000,-0.600000,-0.600000,0.600000,-0.600000,-0.600000,-0.600000,0.600000,0.600000,0.600000,-0.600000,-0.600000,0.604795,-0.600000,0.600000,0.600000,-0.600000,0.600000,-0.036994,0.600000,-0.600000,-0.600000,-0.600000,-0.600000
124,-0.994856,-0.600000,0.600000,-0.600000,1.000000,-0.600000,-0.600000,-0.600000,0.600000,0.600000,-0.600000,0.600000,-0.600000,0.600000,-0.600000,0.600000,-0.600000,0.600000,0.600000,-0.600000,0.600000,-0.462708,-0.116433,-0.600000,-0.600000,-0.600000,-0.600000,-0.600000,-0.600000,-0.600000,-0.600000,-0.600000,-0.604795,0.600000,-0.600000,-0.600000,-0.600000,-0.600000,0.951834,-0.600000,-0.600000,-0.999577,-0.600000,-0.992556,-0.600000,0.992556,0.600000,0.600000,-0.600000,-0.600000,0.600000,-0.600000,-0.600000,-0.600000,0.600000,0.600000,0.600000,-0.600000,-0.600000,0.604795,-0.600000,0.600000,0.600000,-0.600000,0.600000,-0.036816,0.600000,-0.600000,-0.600000,-0.600000,-0.600000
125,-0.995008,-0.600000,0.600000,-0.600000,1.000000,-0.600000,-0.600000,-0.600000,0.600000,0.600000,-0.600000,0.600000,-0.600000,0.600000,-0.600000,0.600000,-0.600000,0.600000,0.600000,-0.600000,0.600000,-0.462708,-0.113376,-0.600000,-0.600000,-0.600000,-0.600000,-0.600000,-0.600000,-0.600000,-0.600000,-0.600000,-0.604795,0.600000,-0.600000,-0.600000,-0.600000,-0.600000,0.951834,-0.600000,-0.600000,-0.999598,-0.600000,-0.992776,-0.600000,0.992776,0.600000,0.600000,-0.600000,-0.600000,0.600000,-0.600000,-0.600000,-0.600000,0.600000,0.600000,0.600000,-0.600000,-0.600000,0.604795,-0.600000,0.600000,0.600000,-0.600000,0.600000,-0.035938,0.600000,-0.600000,-0.600000,-0.600000,-0.600000
126,-0.995107,-0.600000,0.600000,-0.600000,1.000000,-0.600000,-0.600000,-0.600000,0.600000,0.600000,-0.600000,0.600000,-0.600000,0.600000,-0.600000,0.600000,-0.600000,0.600000,0.600000,-0.600000,0.600000,-0.462708,-0.108437,-0.600000,-0.600000,-0.600000,-0.600000,-0.600000,-0.600000,-0.600000,-0.600000,-0.600000,-0.604795,0.600000,-0.600000,-0.600000,-0.600000,-0.600000,0.951834,-0.600000,-0.600000,-0.999625,-0.600000,-0.993058,-0.600000,0.993058,0.600000,0.600000,-0.600000,-0.600000,0.600000,-0.600000,-0.600000,-0.600000,0.600000,0.600000,0.600000,-0.600000,-0.600000,0.604795,-0.600000,0.600000,0.600000,-0.600000,0.600000,-0.034742,0.600000,-0.600000,-0.600000,-0.600000,-0.600000
127,-0.995528,-0.600000,0.600000,-0.600000,1.000000,-0.600000,-0.600000,-0.600000,0.600000,0.600000,-0.600000,0.600000,-0.600000,0.600000,-0.600000,0.600000,-0.600000,0.600000,0.600000,-0.600000,0.600000,-0.462708,-0.105093,-0.600000,-0.600000,-0.600000,-0.600000,-0.600000,-0.600000,-0.600000,-0.600000,-0.600000,-0.604795,0.600000,-0.600000,-0.600000,-0.600000,-0.600000,0.951834,-0.600000,-0.600000,-0.999693,-0.600000,-0.993330,-0.600000,0.993330,0.600000,0.600000,-0.600000,-0.600000,0.600000,-0.600000,-0.600000,-0.600000,0.600000,0.600000,0.600000,-0.600000,-0.600000,0.604795,-0.600000,0.600000,0.600000,-0.600000,0.600000,-0.031533,0.600000,-0.600000,-0.600000,-0.600000,-0.600000
128,-0.995703,-0.600000,0.600000,-0.600000,1.000000,-0.600000,-0.600000,-0.600000,0.600000,0.600000,-0.600000,0.600000,-0.600000,0.600000,-0.600000,0.600000,-0.600000,0.600000,0.600000,-0.600000,0.600000,-0.462708,-0.103223,-0.600000,-0.600000,-0.600000,-0.600000,-0.600000,-0.600000,-0.600000,-0.600000,-0.600000,-0.604795,0.600000,-0.600000,-0.600000,-0.600000,-0.600000,0.951834,-0.600000,-0.600000,-0.999708,-0.600000,-0.993462,-0.600000,0.993462,0.600000,0.600000,-0.600000,-0.600000,0.600000,-0.600000,-0.600000,-0.600000,0.600000,0.600000,0.600000,-0.600000,-0.600000,0.604795,-0.600000,0.600000,0.600000,-0.600000,0.600000,-0.030776,0.600000,-0.600000,-0.600000,-0.600000,-0.600000
129,-0.995872,-0.600000,0.600000,-0.600000,1.000000,-0.600000,-0.600000,-0.600000,0.600000,0.600000,-0.600000,0.600000,-0.600000,0.600000,-0.600000,0.600000,-0.600000,0.600000,0.600000,-0.600000,0.600000,-0.462708,-0.101383,-0.600000,-0.600000,-0.600000,-0.600000,-0.600000,-0.600000,-0.600000,-0.600000,-0.600000,-0.604795,0.600000,-0.600000,-0.600000,-0.600000,-0.600000,0.954958,-0.600000,-0.600000,-0.999728,-0.600000,-0.993903,-0.600000,0.993903,0.600000,0.600000,-0.600000,-0.600000,0.600000,-0.600000,-0.600000,-0.600000,0.600000,0.600000,0.600000,-0.600000,-0.600000,0.604795,-0.600000,0.600000,0.600000,-0.600000,0.600000,-0.029747,0.600000,-0.600000,-0.600000,-0.600000,-0.600000
130,-0.995872,-0.600000,0.600000,-0.600000,1.000000,-0.600000,-0.600000,-0.600000,0.600000,0.600000,-0.600000,0.600000,-0.600000,0.600000,-0.600000,0.600000,-0.600000,0.600000,0.600000,-0.600000,0.600000,-0.462708,-0.100022,-0.600000,-0.600000,-0.600000,-0.600000,-0.600000,-0.600000,-0.600000,-0.600000,-0.600000,-0.604795,0.600000,-0.600000,-0.600000,-0.600000,-0.600000,0.957888,-0.600000,-0.600000,-0.999731,-0.600000,-0.994142,-0.600000,0.994142,0.600000,0.600000,-0.600000,-0.600000,0.600000,-0.600000,-0.600000,-0.600000,0.600000,0.600000,0.600000,-0.600000,-0.600000,0.604795,-0.600000,0.600000,0.600000,-0.600000,0.600000,-0.029603,0.600000,-0.600000,-0.600000,-0.600000,-0.600000
131,-0.995872,-0.600000,0.600000,-0.600000,1.000000,-0.600000,-0.600000,-0.600000,0.600000,0.600000,-0.600000,0.600000,-0.600000,0.600000,-0.600000,0.600000,-0.600000,0.600000,0.600000,-0.600000,0.600000,-0.462708,-0.100022,-0.600000,-0.600000,-0.600000,-0.600000,-0.600000,-0.600000,-0.600000,-0.600000,-0.600000,-0.604795,0.600000,-0.600000,-0.600000,-0.600000,-0.600000,0.964608,-0.600000,-0.600000,-0.999731,-0.600000,-0.994315,-0.600000,0.994315,0.600000,0.600000,-0.600000,-0.600000,0.600000,-0.600000,-0.600000,-0.600000,0.600000,0.600000,0.600000,-0.600000,-0.600000,0.604795,-0.600000,0.600000,0.600000,-0.600000,0.600000,-0.029603,0.600000,-0.600000,-0.600000,-0.600000,-0.600000
132,-0.995872,-0.600000,0.600000,-0.600000,1.000000,-0.600000,-0.600000,-0.600000,0.600000,0.600000,-0.600000,0.600000,-0.600000,0.600000,-0.600000,0.600000,-0.600000,0.600000,0.600000,-0.600000,0.600000,-0.462708,-0.100022,-0.600000,-0.600000,-0.600000,-0.600000,-0.600000,-0.600000,-0.600000,-0.600000,-0.600000,-0.604795,0.600000,-0.600000,-0.600000,-0.600000,-0.600000,0.965954,-0.600000,-0.600000,-0.999731,-0.600000,-0.994483,-0.600000,0.994483,0.600000,0.600000,-0.600000,-0.600000,0.600000,-0.600000,-0.600000,-0.600000,0.600000,0.600000,0.600000,-0.600000,-0.600000,0.604795,-0.600000,0.600000,0.600000,-0.600000,0.600000,-0.029603,0.600000,-0.600000,-0.600000,-0.600000,-0.600000
133,-0.995954,-0.600000,0.600000,-0.600000,1.000000,-0.600000,-0.600000,-0.600000,0.600000,0.600000,-0.600000,0.600000,-0.600000,0.600000,-0.600000,0.600000,-0.600000,0.600000,0.600000,-0.600000,0.600000,-0.462708,-0.098232,-0.600000,-0.600000,-0.600000,-0.600000,-0.600000,-0.600000,-0.600000,-0.600000,-0.600000,-0.604795,0.600000,-0.600000,-0.600000,-0.600000,-0.600000,0.966283,-0.600000,-0.600000,-0.999739,-0.600000,-0.994699,-0.600000,0.994699,0.600000,0.600000,-0.600000,-0.600000,0.600000,-0.600000,-0.600000,-0.600000,0.600000,0.600000,0.600000,-0.600000,-0.600000,0.604795,-0.600000,0.600000,0.600000,-0.600000,0.600000,-0.029174,0.600000,-0.600000,-0.600000,-0.600000,-0.600000
134,-0.996113,-0.600000,0.600000,-0.600000,1.000000,-0.600000,-0.600000,-0.600000,0.600000,0.600000,-0.600000,0.600000,-0.600000,0.600000,-0.600000,0.600000,-0.600000,0.600000,0.600000,-0.600000,0.600000,-0.462708,-0.094738,-0.600000,-0.600000,-0.600000,-0.600000,-0.600000,-0.600000,-0.600000,-0.600000,-0.600000,-0.604795,0.600000,-0.600000,-0.600000,-0.600000,-0.600000,0.966283,-0.600000,-0.600000,-0.999756,-0.600000,-0.994856,-0.600000,0.994856,0.600000,0.600000,-0.600000,-0.600000,0.600000,-0.600000,-0.600000,-0.600000,0.600000,0.600000,0.600000,-0.600000,-0.600000,0.604795,-0.600000,0.600000,0.600000,-0.600000,0.600000,-0.028196,0.600000,-0.600000,-0.600000,-0.600000,-0.600000
135,-0.996190,-0.600000,0.600000,-0.600000,1.000000,-0.600000,-0.600000,-0.600000,0.600000,0.600000,-0.600000,0.600000,-0.600000,0.600000,-0.600000,0.600000,-0.600000,0.600000,0.600000,-0.600000,0.600000,-0.462708,-0.094738,-0.600000,-0.600000,-0.600000,-0.600000,-0.600000,-0.600000,-0.600000,-0.600000,-0.600000,-0.604795,0.600000,-0.600000,-0.600000,-0.600000,-0.600000,0.968193,-0.600000,-0.600000,-0.999759,-0.600000,-0.994958,-0.600000,0.994958,0.600000,0.600000,-0.600000,-0.600000,0.600000,-0.600000,-0.600000,-0.600000,0.600000,0.600000,0.600000,-0.600000,-0.600000,0.604795,-0.600000,0.600000,0.600000,-0.600000,0.600000,-0.028059,0.600000,-0.600000,-0.600000,-0.600000,-0.600000
136,-0.996190,-0.600000,0.600000,-0.600000,1.000000,-0.600000,-0.600000,-0.600000,0.600000,0.600000,-0.600000,0.600000,-0.600000,0.600000,-0.600000,0.600000,-0.600000,0.600000,0.600000,-0.600000,0.600000,-0.462708,-0.094738,-0.600000,-0.600000,-0.600000,-0.600000,-0.600000,-0.600000,-0.600000,-0.600000,-0.600000,-0.604795,0.600000,-0.600000,-0.600000,-0.600000,-0.600000,0.969998,-0.600000,-0.600000,-0.999759,-0.600000,-0.995107,-0.600000,0.995107,0.600000,0.600000,-0.600000,-0.600000,0.600000,-0.600000,-0.600000,-0.600000,0.600000,0.600000,0.600000,-0.600000,-0.600000,0.604795,-0.600000,0.600000,0.600000,-0.600000,0.600000,-0.028059,0.600000,-0.600000,-0.600000,-0.600000,-0.600000
137,-0.996190,-0.600000,0.600000,-0.600000,1.000000,-0.600000,-0.600000,-0.600000,0.600000,0.600000,-0.600000,0.600000,-0.600000,0.600000,-0.600000,0.600000,-0.600000,0.600000,0.600000,-0.600000,0.600000,-0.462708,-0.094738,-0.600000,-0.600000,-0.600000,-0.600000,-0.600000,-0.600000,-0.600000,-0.600000,-0.600000,-0.604795,0.600000,-0.600000,-0.600000,-0.600000,-0.600000,0.973574,-0.600000,-0.600000,-0.999759,-0.600000,-0.995204,-0.600000,0.995204,0.600000,0.600000,-0.600000,-0.600000,0.600000,-0.600000,-0.600000,-0.600000,0.600000,0.600000,0.600000,-0.600000,-0.600000,0.604795,-0.600000,0.600000,0.600000,-0.600000,0.600000,-0.028059,0.600000,-0.600000,-0.600000,-0.600000,-0.600000
138,-0.996190,-0.600000,0.600000,-0.600000,1.000000,-0.600000,-0.600000,-0.600000,0.600000,0.600000,-0.600000,0.600000,-0.600000,0.600000,-0.600000,0.600000,-0.600000,0.600000,0.600000,-0.600000,0.600000,-0.462708,-0.094738,-0.600000,-0.600000,-0.600000,-0.600000,-0.600000,-0.600000,-0.600000,-0.600000,-0.600000,-0.604795,0.600000,-0.600000,-0.600000,-0.600000,-0.600000,0.976962,-0.600000,-0.600000,-0.999759,-0.600000,-0.995345,-0.600000,0.995345,0.600000,0.600000,-0.600000,-0.600000,0.600000,-0.600000,-0.600000,-0.600000,0.600000,0.600000,0.600000,-0.600000,-0.600000,0.604795,-0.600000,0.600000,0.600000,-0.600000,0.600000,-0.028059,0.600000,-0.600000,-0.600000,-0.600000,-0.600000
139,-0.996190,-0.600000,0.600000,-0.600000,1.000000,-0.600000,-0.600000,-0.600000,0.600000,0.600000,-0.600000,0.600000,-0.600000,0.600000,-0.600000,0.600000,-0.600000,0.600000,0.600000,-0.600000,0.600000,-0.462708,-0.094738,-0.600000,-0.600000,-0.600000,-0.600000,-0.600000,-0.600000,-0.600000,-0.600000,-0.600000,-0.604795,0.600000,-0.600000,-0.600000,-0.600000,-0.600000,0.979925,-0.600000,-0.600000,-0.999759,-0.600000,-0.995483,-0.600000,0.995483,0.600000,0.600000,-0.600000,-0.600000,0.600000,-0.600000,-0.600000,-0.600000,0.600000,0.600000,0.600000,-0.600000,-0.600000,0.604795,-0.600000,0.600000,0.600000,-0.600000,0.600000,-0.028059,0.600000,-0.600000,-0.600000,-0.600000,-0.600000
140,-0.996228,-0.600000,0.600000,-0.600000,1.000000,-0.600000,-0.600000,-0.600000,0.600000,0.600000,-0.600000,0.600000,-0.600000,0.600000,-0.600000,0.600000,-0.600000,0.600000,0.600000,-0.600000,0.600000,-0.462708,-0.094309,-0.600000,-0.600000,-0.600000,-0.600000,-0.600000,-0.600000,-0.600000,-0.600000,-0.600000,-0.604795,0.600000,-0.600000,-0.600000,-0.600000,-0.600000,0.981629,-0.600000,-0.600000,-0.999761,-0.600000,-0.995660,-0.600000,0.995660,0.600000,0.600000,-0.600000,-0.600000,0.600000,-0.600000,-0.600000,-0.600000,0.600000,0.600000,0.600000,-0.600000,-0.600000,0.604795,-0.600000,0.600000,0.600000,-0.600000,0.600000,-0.027923,0.600000,-0.600000,-0.600000,-0.600000,-0.600000
141,-0.996376,-0.600000,0.600000,-0.600000,1.000000,-0.600000,-0.600000,-0.600000,0.600000,0.600000,-0.600000,0.600000,-0.600000,0.600000,-0.600000,0.600000,-0.600000,0.600000,0.600000,-0.600000,0.600000,-0.462708,-0.090528,-0.600000,-0.600000,-0.600000,-0.600000,-0.600000,-0.600000,-0.600000,-0.600000,-0.600000,-0.604795,0.600000,-0.600000,-0.600000,-0.600000,-0.600000,0.983190,-0.600000,-0.600000,-0.999784,-0.600000,-0.995872,-0.600000,0.995872,0.600000,0.600000,-0.600000,-0.600000,0.600000,-0.600000,-0.600000,-0.600000,0.600000,0.600000,0.600000,-0.600000,-0.600000,0.604795,-0.600000,0.600000,0.600000,-0.600000,0.600000,-0.026594,0.600000,-0.600000,-0.600000,-0.600000,-0.600000
142,-0.996412,-0.600000,0.600000,-0.600000,1.000000,-0.600000,-0.600000,-0.600000,0.600000,0.600000,-0.600000,0.600000,-0.600000,0.600000,-0.600000,0.600000,-0.600000,0.600000,0.600000,-0.600000,0.600000,-0.436723,-0.090528,-0.600000,-0.600000,-0.600000,-0.600000,-0.600000,-0.600000,-0.600000,-0.600000,-0.600000,-0.604795,0.600000,-0.600000,-0.600000,-0.600000,-0.600000,0.983190,-0.600000,-0.600000,-0.999784,-0.600000,-0.995872,-0.600000,0.995872,0.600000,0.600000,-0.600000,-0.600000,0.600000,-0.600000,-0.600000,-0.600000,0.600000,0.600000,0.600000,-0.600000,-0.600000,0.604795,-0.600000,0.600000,0.600000,-0.600000,0.600000,-0.026594,0.600000,-0.600000,-0.600000,-0.600000,-0.600000
143,-0.996412,-0.600000,0.600000,-0.600000,1.000000,-0.600000,-0.600000,-0.600000,0.600000,0.600000,-0.600000,0.600000,-0.600000,0.600000,-0.600000,0.600000,-0.600000,0.600000,0.600000,-0.600000,0.600000,-0.435493,-0.090528,-0.600000,-0.600000,-0.600000,-0.600000,-0.600000,-0.600000,-0.600000,-0.600000,-0.600000,-0.604795,0.600000,-0.600000,-0.600000,-0.600000,-0.600000,0.985793,-0.600000,-0.600000,-0.999784,-0.600000,-0.995954,-0.600000,0.995954,0.600000,0.600000,-0.600000,-0.600000,0.600000,-0.600000,-0.600000,-0.600000,0.600000,0.600000,0.600000,-0.600000,-0.600000,0.604795,-0.600000,0.600000,0.600000,-0.600000,0.600000,-0.026594,0.600000,-0.600000,-0.600000,-0.600000,-0.600000
144,-0.996621,-0.600000,0.600000,-0.600000,1.000000,-0.600000,-0.600000,-0.600000,0.600000,0.600000,-0.600000,0.600000,-0.600000,0.600000,-0.600000,0.600000,-0.600000,0.600000,0.600000,-0.600000,0.600000,-0.435493,-0.085306,-0.600000,-0.600000,-0.600000,-0.600000,-0.600000,-0.600000,-0.600000,-0.600000,-0.600000,-0.604795,0.600000,-0.600000,-0.600000,-0.600000,-0.600000,0.986209,-0.600000,-0.600000,-0.999822,-0.600000,-0.996448,-0.600000,0.996448,0.600000,0.600000,-0.600000,-0.600000,0.600000,-0.600000,-0.600000,-0.600000,0.600000,0.600000,0.600000,-0.600000,-0.600000,0.604795,-0.600000,0.600000,0.600000,-0.600000,0.600000,-0.024237,0.600000,-0.600000,-0.600000,-0.600000,-0.600000
145,-0.996655,-0.600000,0.600000,-0.600000,1.000000,-0.600000,-0.600000,-0.600000,0.600000,0.600000,-0.600000,0.600000,-0.600000,0.600000,-0.600000,0.600000,-0.600000,0.600000,0.600000,-0.600000,0.600000,-0.413502,-0.084141,-0.600000,-0.600000,-0.600000,-0.600000,-0.600000,-0.600000,-0.600000,-0.600000,-0.600000,-0.604795,0.600000,-0.600000,-0.600000,-0.600000,-0.600000,0.987634,-0.600000,-0.600000,-0.999827,-0.600000,-0.996518,-0.600000,0.996518,0.600000,0.600000,-0.600000,-0.600000,0.600000,-0.600000,-0.600000,-0.600000,0.600000,0.600000,0.600000,-0.600000,-0.600000,0.604795,-0.600000,0.600000,0.600000,-0.600000,0.600000,-0.023884,0.600000,-0.600000,-0.600000,-0.600000,-0.600000
146,-0.996655,-0.600000,0.600000,-0.600000,1.000000,-0.600000,-0.600000,-0.600000,0.600000,0.600000,-0.600000,0.600000,-0.600000,0.600000,-0.600000,0.600000,-0.600000,0.600000,0.600000,-0.600000,0.600000,-0.387090,-0.084141,-0.600000,-0.600000,-0.600000,-0.600000,-0.600000,-0.600000,-0.600000,-0.600000,-0.600000,-0.604795,0.600000,-0.600000,-0.600000,-0.600000,-0.600000,0.987634,-0.600000,-0.600000,-0.999827,-0.600000,-0.996518,-0.600000,0.996518,0.600000,0.600000,-0.600000,-0.600000,0.600000,-0.600000,-0.600000,-0.600000,0.600000,0.600000,0.600000,-0.600000,-0.600000,0.604795,-0.600000,0.600000,0.600000,-0.600000,0.600000,-0.023884,0.600000,-0.600000,-0.600000,-0.600000,-0.600000
147,-0.996655,-0.600000,0.600000,-0.600000,1.000000,-0.600000,-0.600000,-0.600000,0.600000,0.600000,-0.600000,0.600000,-0.600000,0.600000,-0.600000,0.600000,-0.600000,0.600000,0.600000,-0.600000,0.600000,-0.361322,-0.084141,-0.600000,-0.600000,-0.600000,-0.600000,-0.600000,-0.600000,-0.600000,-0.600000,-0.600000,-0.604795,0.600000,-0.600000,-0.600000,-0.600000,-0.600000,0.987634,-0.600000,-0.600000,-0.999827,-0.600000,-0.996518,-0.600000,0.996518,0.600000,0.600000,-0.600000,-0.600000,0.600000,-0.600000,-0.600000,-0.600000,0.600000,0.600000,0.600000,-0.600000,-0.600000,0.604795,-0.600000,0.600000,0.600000,-0.600000,0.600000,-0.023884,0.600000,-0.600000,-0.600000,-0.600000,-0.600000
148,-0.996655,-0.600000,0.600000,-0.600000,1.000000,-0.600000,-0.600000,-0.600000,0.600000,0.600000,-0.600000,0.600000,-0.600000,0.600000,-0.600000,0.600000,-0.600000,0.600000,0.600000,-0.600000,0.600000,-0.360168,-0.083755,-0.600000,-0.600000,-0.600000,-0.600000,-0.600000,-0.600000,-0.600000,-0.600000,-0.600000,-0.604795,0.600000,-0.600000,-0.600000,-0.600000,-0.600000,0.987877,-0.600000,-0.600000,-0.999827,-0.600000,-0.996621,-0.600000,0.996621,0.600000,0.600000,-0.600000,-0.600000,0.600000,-0.600000,-0.600000,-0.600000,0.600000,0.600000,0.600000,-0.600000,-0.600000,0.604795,-0.600000,0.600000,0.600000,-0.600000,0.600000,-0.023884,0.600000,-0.600000,-0.600000,-0.600000,-0.600000
149,-0.996655,-0.600000,0.600000,-0.600000,1.000000,-0.600000,-0.600000,-0.600000,0.600000,0.600000,-0.600000,0.600000,-0.600000,0.600000,-0.600000,0.600000,-0.600000,0.600000,0.600000,-0.600000,0.600000,-0.360168,-0.083755,-0.600000,-0.600000,-0.600000,-0.600000,-0.600000,-0.600000,-0.600000,-0.600000,-0.600000,-0.604795,0.600000,-0.600000,-0.600000,-0.600000,-0.600000,0.988349,-0.600000,-0.600000,-0.999827,-0.600000,-0.996754,-0.600000,0.996754,0.600000,0.600000,-0.600000,-0.600000,0.600000,-0.600000,-0.600000,-0.600000,0.600000,0.600000,0.600000,-0.600000,-0.600000,0.604795,-0.600000,0.600000,0.600000,-0.600000,0.600000,-0.023884,0.600000,-0.600000,-0.600000,-0.600000,-0.600000
150,-0.996655,-0.600000,0.600000,-0.600000,1.000000,-0.600000,-0.600000,-0.600000,0.600000,0.600000,-0.600000,0.600000,-0.600000,0.600000,-0.600000,0.600000,-0.600000,0.600000,0.600000,-0.600000,0.600000,-0.360168,-0.083372,-0.600000,-0.600000,-0.600000,-0.600000,-0.600000,-0.600000,-0.600000,-0.600000,-0.600000,-0.604795,0.600000,-0.600000,-0.600000,-0.600000,-0.600000,0.988803,-0.600000,-0.600000,-0.999827,-0.600000,-0.996912,-0.600000,0.996912,0.600000,0.600000,-0.600000,-0.600000,0.600000,-0.600000,-0.600000,-0.600000,0.600000,0.600000,0.600000,-0.600000,-0.600000,0.604795,-0.600000,0.600000,0.600000,-0.600000,0.600000,-0.023884,0.600000,-0.600000,-0.600000,-0.600000,-0.600000
151,-0.996818,-0.600000,0.600000,-0.600000,1.000000,-0.600000,-0.600000,-0.600000,0.600000,0.600000,-0.600000,0.600000,-0.600000,0.600000,-0.600000,0.600000,-0.600000,0.600000,0.600000,-0.600000,0.600000,-0.360168,-0.079622,-0.600000,-0.600000,-0.600000,-0.600000,-0.600000,-0.600000,-0.600000,-0.600000,-0.600000,-0.604795,0.600000,-0.600000,-0.600000,-0.600000,-0.600000,0.988803,-0.600000,-0.600000,-0.999843,-0.600000,-0.997093,-0.600000,0.997093,0.600000,0.600000,-0.600000,-0.600000,0.600000,-0.600000,-0.600000,-0.600000,0.600000,0.600000,0.600000,-0.600000,-0.600000,0.604795,-0.600000,0.600000,0.600000,-0.600000,0.600000,-0.022743,0.600000,-0.600000,-0.600000,-0.600000,-0.600000
