tick,energy,eats,distance,conn_1_6_weight,food_north_sensed,moved_north
0,30,0,0,0.100000,0,0
1,29,0,0,0.100000,0,0
2,29,1,0,0.100000,0,0
3,27,1,1,0.127151,0,0
4,29,2,1,0.156556,0,0
5,27,2,2,0.158994,0,0
6,29,3,2,0.158994,0,0
7,27,3,3,0.158994,0,0
8,25,3,4,0.158994,0,0
9,23,3,5,0.158994,0,0
10,21,3,6,0.158994,0,0
11,19,3,7,0.158994,0,0
12,29,4,7,0.158994,0,0
13,27,4,8,0.158994,0,0
14,29,5,8,0.158994,0,0
15,27,5,9,0.158994,0,0
16,29,6,9,0.158994,0,0
17,27,6,10,0.158994,0,0
18,25,6,11,0.158994,0,0
19,23,6,12,0.188101,1,0
20,29,7,12,0.216883,1,0
21,27,7,13,0.219265,0,0
22,25,7,14,0.219265,0,1
23,23,7,15,0.219265,0,0
24,29,8,15,0.219265,0,0
25,27,8,16,0.219265,0,0
26,25,8,17,0.219265,0,0
27,23,8,18,0.219265,0,0
28,21,8,19,0.219265,0,1
29,19,8,20,0.219265,0,1
30,17,8,21,0.219265,0,1
31,15,8,22,0.219265,0,0
32,29,9,22,0.219265,0,0
33,27,9,23,0.219265,0,0
34,25,9,24,0.219265,0,0
35,29,10,24,0.219265,0,0
36,27,10,25,0.219265,0,0
37,29,11,25,0.219265,0,0
38,27,11,26,0.219265,0,0
39,29,12,26,0.219265,0,0
40,27,12,27,0.219265,0,0
41,25,12,28,0.219265,0,0
42,23,12,29,0.268657,1,0
43,22,12,29,0.309913,1,0
44,20,12,30,0.312173,0,0
45,18,12,31,0.312173,0,0
46,16,12,32,0.312173,0,0
47,29,13,32,0.312173,0,0
48,27,13,33,0.312173,0,0
49,29,14,33,0.312173,0,0
50,27,14,34,0.312173,0,0
51,25,14,35,0.312173,0,0
52,23,14,36,0.312173,0,1
53,21,14,37,0.312173,0,0
54,19,14,38,0.312173,0,0
55,17,14,39,0.312173,0,0
56,29,15,39,0.312173,0,0
57,27,15,40,0.312173,0,0
58,29,16,40,0.312173,0,0
59,27,16,41,0.312173,0,1
60,25,16,42,0.312173,0,0
61,23,16,43,0.312173,0,0
62,21,16,44,0.312173,0,0
63,19,16,45,0.312173,0,0
64,29,17,45,0.312173,0,0
65,27,17,46,0.312173,0,0
66,25,17,47,0.312173,0,1
67,23,17,48,0.312173,0,0
68,21,17,49,0.312173,0,0
69,19,17,50,0.336795,0,0
70,29,18,50,0.363141,0,0
71,27,18,51,0.365311,0,0
72,29,19,51,0.365311,0,0
73,27,19,52,0.365311,0,0
74,29,20,52,0.365311,0,0
75,27,20,53,0.365311,0,0
76,29,21,53,0.365311,0,0
77,27,21,54,0.365311,0,0
78,29,22,54,0.365311,0,0
79,27,22,55,0.391042,1,1
80,25,22,56,0.393160,0,0
81,23,22,57,0.393160,0,0
82,21,22,58,0.416178,0,0
83,29,23,58,0.446725,0,0
84,27,23,59,0.448726,0,0
85,29,24,59,0.448726,0,0
86,27,24,60,0.470440,0,0
87,25,24,61,0.472387,0,0
88,29,25,61,0.472387,0,0
89,27,25,62,0.472387,0,0
90,25,25,63,0.472387,0,0
91,23,25,64,0.472387,0,0
92,21,25,65,0.472387,0,0
93,29,26,65,0.472387,0,0
94,27,26,66,0.472387,0,0
95,25,26,67,0.472387,0,0
96,23,26,68,0.472387,0,0
97,21,26,69,0.472387,0,0
98,19,26,70,0.506636,1,1
99,17,26,71,0.508494,0,1
100,29,27,71,0.508494,0,0
101,27,27,72,0.528623,1,0
102,29,28,72,0.553407,1,0
103,27,28,73,0.555142,0,1
104,29,29,73,0.555142,0,0
105,27,29,74,0.555142,0,1
106,25,29,75,0.555142,0,0
107,23,29,76,0.555142,0,0
108,21,29,77,0.555142,0,0
109,29,30,77,0.555142,0,0
110,27,30,78,0.555142,0,0
111,25,30,79,0.555142,0,0
112,23,30,80,0.555142,0,0
113,21,30,81,0.555142,0,0
114,19,30,82,0.555142,0,0
115,17,30,83,0.555142,0,0
116,15,30,84,0.555142,0,0
117,13,30,85,0.555142,0,0
118,11,30,86,0.555142,0,0
119,29,31,86,0.555142,0,0
120,27,31,87,0.555142,0,0
121,25,31,88,0.555142,0,0
122,23,31,89,0.555142,0,0
123,29,32,89,0.555142,0,0
124,27,32,90,0.555142,0,0
125,29,33,90,0.555142,0,0
126,27,33,91,0.573902,1,0
127,25,33,92,0.575579,0,1
128,29,34,92,0.575579,0,0
129,27,34,93,0.593703,1,0
130,29,35,93,0.612811,1,0
131,27,35,94,0.614373,0,1
132,29,36,94,0.614373,0,0
133,27,36,95,0.614373,0,0
134,25,36,96,0.614373,0,1
135,23,36,97,0.614373,0,0
136,21,36,98,0.614373,0,0
137,19,36,99,0.614373,0,0
138,17,36,100,0.614373,0,1
139,15,36,101,0.614373,0,0
140,13,36,102,0.614373,0,0
141,11,36,103,0.614373,0,0
142,9,36,104,0.614373,0,0
143,7,36,105,0.614373,0,0
144,5,36,106,0.614373,0,0
145,29,37,106,0.614373,0,0
146,27,37,107,0.614373,0,0
147,29,38,107,0.614373,0,0
148,27,38,108,0.614373,0,0
149,25,38,109,0.614373,0,0
150,23,38,110,0.614373,0,0
151,21,38,111,0.614373,0,0
152,29,39,111,0.614373,0,0
153,27,39,112,0.614373,0,0
154,25,39,113,0.614373,0,0
155,23,39,114,0.614373,0,0
156,29,40,114,0.614373,0,0
157,27,40,115,0.614373,0,0
158,29,41,115,0.614373,0,0
159,27,41,116,0.614373,0,0
160,29,42,116,0.614373,0,0
161,27,42,117,0.614373,0,0
162,29,43,117,0.614373,0,0
163,27,43,118,0.614373,0,0
164,29,44,118,0.614373,0,0
165,27,44,119,0.614373,0,0
166,25,44,120,0.614373,0,1
167,23,44,121,0.614373,0,1
168,21,44,122,0.614373,0,0
169,19,44,123,0.614373,0,0
170,17,44,124,0.614373,0,0
171,29,45,124,0.614373,0,0
172,27,45,125,0.614373,0,0
173,25,45,126,0.614373,0,0
174,23,45,127,0.614373,0,0
175,21,45,128,0.631230,1,0
176,29,46,128,0.648963,0,0
177,27,46,129,0.650411,0,0
178,29,47,129,0.650411,0,0
179,27,47,130,0.650411,0,0
180,29,48,130,0.650411,0,0
181,27,48,131,0.650411,0,0
182,25,48,132,0.650411,0,0
183,23,48,133,0.650411,0,0
184,21,48,134,0.650411,0,0
185,19,48,135,0.674297,0,0
186,29,49,135,0.690354,0,0
187,27,49,136,0.691663,0,1
188,29,50,136,0.691663,0,0
189,27,50,137,0.705760,1,0
190,25,50,138,0.707014,0,1
191,29,51,138,0.707014,0,0
192,27,51,139,0.707014,0,1
193,25,51,140,0.707014,0,0
194,29,52,140,0.707014,0,0
195,27,52,141,0.707014,0,1
196,25,52,142,0.720526,0,0
197,23,52,143,0.721728,0,1
198,29,53,143,0.721728,0,0
199,27,53,144,0.721728,0,0
200,29,54,144,0.721728,0,0
201,27,54,145,0.721728,0,0
202,29,55,145,0.721728,0,0
203,27,55,146,0.721728,0,0
204,29,56,146,0.721728,0,0
205,27,56,147,0.721728,0,0
206,29,57,147,0.721728,0,0
207,27,57,148,0.721728,0,0
208,29,58,148,0.721728,0,0
209,27,58,149,0.721728,0,0
210,25,58,150,0.721728,0,0
211,23,58,151,0.721728,0,0
212,29,59,151,0.721728,0,0
213,27,59,152,0.721728,0,0
214,25,59,153,0.721728,0,0
215,23,59,154,0.721728,0,0
216,21,59,155,0.721728,0,1
217,19,59,156,0.734667,1,1
218,17,59,157,0.748198,0,1
219,29,60,157,0.761134,0,0
220,27,60,158,0.762186,0,1
221,29,61,158,0.762186,0,0
222,27,61,159,0.762186,0,0
223,25,61,160,0.773492,1,0
224,23,61,161,0.774496,0,0
225,21,61,162,0.774496,0,0
226,29,62,162,0.774496,0,0
227,27,62,163,0.774496,0,0
228,25,62,164,0.774496,0,0
229,29,63,164,0.774496,0,0
230,27,63,165,0.774496,0,1
231,25,63,166,0.774496,0,0
232,23,63,167,0.774496,0,0
233,21,63,168,0.774496,0,0
234,29,64,168,0.774496,0,0
235,27,64,169,0.785289,1,0
236,29,65,169,0.796542,1,0
237,27,65,170,0.797456,0,0
238,25,65,171,0.797456,0,0
239,29,66,171,0.797456,0,0
240,27,66,172,0.797456,0,1
241,25,66,173,0.807270,1,0
242,23,66,174,0.817490,1,1
243,29,67,174,0.827219,1,0
244,27,67,175,0.836477,1,1
245,29,68,175,0.845281,1,0
246,27,68,176,0.845995,0,1
247,29,69,176,0.845995,0,0
248,27,69,177,0.845995,0,0
249,29,70,177,0.845995,0,0
250,27,70,178,0.845995,0,0
251,25,70,179,0.845995,0,0
252,23,70,180,0.845995,0,0
253,29,71,180,0.845995,0,0
254,27,71,181,0.845995,0,0
255,25,71,182,0.845995,0,0
256,29,72,182,0.845995,0,0
257,27,72,183,0.845995,0,1
258,25,72,184,0.845995,0,0
259,23,72,185,0.845995,0,0
260,21,72,186,0.845995,0,0
261,29,73,186,0.845995,0,0
262,27,73,187,0.845995,0,0
263,29,74,187,0.845995,0,0
264,27,74,188,0.845995,0,0
265,29,75,188,0.845995,0,0
266,27,75,189,0.845995,0,0
267,29,76,189,0.845995,0,0
268,27,76,190,0.845995,0,0
269,25,76,191,0.845995,0,0
270,29,77,191,0.845995,0,0
271,27,77,192,0.853649,1,0
272,29,78,192,0.861599,1,0
273,27,78,193,0.862243,0,1
274,29,79,193,0.862243,0,0
275,27,79,194,0.862243,0,0
276,25,79,195,0.862243,0,0
277,23,79,196,0.862243,0,0
278,21,79,197,0.862243,0,0
279,19,79,198,0.862243,0,1
280,17,79,199,0.862243,0,0
281,15,79,200,0.862243,0,1
282,13,79,201,0.862243,0,0
283,11,79,202,0.862243,0,0
284,9,79,203,0.862243,0,0
285,7,79,204,0.862243,0,0
286,5,79,205,0.862243,0,0
287,29,80,205,0.862243,0,0
288,27,80,206,0.869147,1,0
289,29,81,206,0.876312,1,0
290,27,81,207,0.876892,0,1
291,29,82,207,0.876892,0,0
292,27,82,208,0.883108,0,1
293,25,82,209,0.889553,0,1
294,29,83,209,0.895663,0,0
295,27,83,210,0.896157,0,0
296,29,84,210,0.896157,0,0
297,27,84,211,0.901452,1,0
298,29,85,211,0.906936,1,0
299,27,85,212,0.912129,0,1
300,29,86,212,0.917045,0,0
301,27,86,213,0.921697,1,1
302,29,87,213,0.926099,1,0
303,27,87,214,0.926454,0,1
304,25,87,215,0.926454,0,0
305,29,88,215,0.926454,0,0
306,27,88,216,0.926454,0,0
307,25,88,217,0.926454,0,0
308,29,89,217,0.926454,0,0
309,27,89,218,0.926454,0,0
310,29,90,218,0.926454,0,0
311,27,90,219,0.926454,0,0
312,25,90,220,0.926454,0,1
313,23,90,221,0.926454,0,0
314,21,90,222,0.926454,0,0
315,19,90,223,0.930598,0,0
316,29,91,223,0.934516,0,0
317,27,91,224,0.934833,0,0
318,29,92,224,0.934833,0,0
319,27,92,225,0.938220,1,0
320,29,93,225,0.941721,1,0
321,27,93,226,0.942004,0,1
322,29,94,226,0.942004,0,0
323,27,94,227,0.942004,0,0
324,25,94,228,0.942004,0,1
325,23,94,229,0.942004,0,0
326,21,94,230,0.942004,0,0
327,19,94,231,0.942004,0,0
328,29,95,231,0.942004,0,0
329,27,95,232,0.942004,0,0
330,25,95,233,0.942004,0,0
331,29,96,233,0.942004,0,0
332,27,96,234,0.942004,0,0
333,29,97,234,0.942004,0,0
334,27,97,235,0.942004,0,0
335,29,98,235,0.942004,0,0
336,27,98,236,0.942004,0,0
337,29,99,236,0.942004,0,0
338,27,99,237,0.942004,0,0
339,29,100,237,0.942004,0,0
340,27,100,238,0.945030,1,0
341,29,101,238,0.948155,1,0
342,27,101,239,0.948407,0,1
343,29,102,239,0.948407,0,0
344,27,102,240,0.951107,1,0
345,25,102,241,0.953895,1,1
346,29,103,241,0.956528,1,0
347,27,103,242,0.956741,0,1
348,29,104,242,0.956741,0,0
349,27,104,243,0.959013,1,0
350,29,105,243,0.961360,1,0
351,27,105,244,0.963574,0,1
352,29,106,244,0.965664,0,0
353,27,106,245,0.965833,0,0
354,29,107,245,0.965833,0,0
355,27,107,246,0.965833,0,0
356,29,108,246,0.965833,0,0
357,27,108,247,0.965833,0,0
358,25,108,248,0.965833,0,0
359,23,108,249,0.965833,0,1
360,21,108,250,0.965833,0,0
361,19,108,251,0.965833,0,1
362,17,108,252,0.967636,1,0
363,15,108,253,0.969496,1,1
364,29,109,253,0.971251,1,0
365,27,109,254,0.971393,0,1
366,29,110,254,0.971393,0,0
367,27,110,255,0.971393,0,0
368,29,111,255,0.971393,0,0
369,27,111,256,0.971393,0,1
370,25,111,257,0.972907,1,0
371,23,111,258,0.973040,0,1
372,29,112,258,0.973040,0,0
373,27,112,259,0.973040,0,0
374,25,112,260,0.973040,0,0
375,23,112,261,0.973040,0,0
376,29,113,261,0.973040,0,0
377,27,113,262,0.973040,0,1
378,25,113,263,0.974468,1,1
379,23,113,264,0.975940,1,1
380,29,114,264,0.977329,1,0
381,27,114,265,0.977441,0,0
382,25,114,266,0.977441,0,0
383,23,114,267,0.977441,0,0
384,21,114,268,0.978638,1,0
385,19,114,269,0.979873,0,1
386,29,115,269,0.981036,0,0
387,27,115,270,0.981130,0,0
388,29,116,270,0.981130,0,0
389,27,116,271,0.981130,0,0
390,25,116,272,0.981130,0,0
391,29,117,272,0.981130,0,0
392,27,117,273,0.981130,0,0
393,29,118,273,0.981130,0,0
394,27,118,274,0.981130,0,0
395,25,118,275,0.981130,0,0
396,29,119,275,0.981130,0,0
397,27,119,276,0.981130,0,0
398,29,120,276,0.981130,0,0
399,27,120,277,0.981130,0,0
400,29,121,277,0.981130,0,0
401,27,121,278,0.981130,0,0
402,25,121,279,0.982133,0,0
403,29,122,279,0.983168,0,0
404,27,122,280,0.983251,0,1
405,29,123,280,0.983251,0,0
406,27,123,281,0.983251,0,1
407,25,123,282,0.983251,0,0
408,23,123,283,0.983251,0,1
409,21,123,284,0.983251,0,0
410,19,123,285,0.983251,0,0
411,17,123,286,0.984142,1,0
412,15,123,287,0.984221,0,1
413,29,124,287,0.984221,0,0
414,27,124,288,0.984221,0,0
415,29,125,288,0.984221,0,0
416,27,125,289,0.984221,0,0
417,29,126,289,0.984221,0,0
418,27,126,290,0.984221,0,0
419,25,126,291,0.984221,0,0
420,23,126,292,0.984221,0,0
421,29,127,292,0.984221,0,0
422,27,127,293,0.984221,0,0
423,29,128,293,0.984221,0,0
424,27,128,294,0.984221,0,0
425,29,129,294,0.984221,0,0
426,27,129,295,0.985061,0,0
427,25,129,296,0.985135,0,1
428,29,130,296,0.985135,0,0
429,27,130,297,0.985135,0,0
430,25,130,298,0.985135,0,0
431,23,130,299,0.985135,0,0
432,21,130,300,0.985135,0,0
433,19,130,301,0.985135,0,0
434,17,130,302,0.985135,0,0
435,15,130,303,0.985927,0,0
436,29,131,303,0.986743,0,0
437,27,131,304,0.986809,0,0
438,29,132,304,0.986809,0,0
439,27,132,305,0.987512,1,0
440,29,133,305,0.988237,1,0
441,27,133,306,0.988920,0,1
442,29,134,306,0.989563,0,0
443,27,134,307,0.990170,1,1
444,29,135,307,0.990741,1,0
445,27,135,308,0.990787,0,1
446,29,136,308,0.990787,0,0
447,27,136,309,0.990787,0,0
448,29,137,309,0.990787,0,0
449,27,137,310,0.991279,1,0
450,25,137,311,0.991322,0,0
451,23,137,312,0.991322,0,0
452,21,137,313,0.991322,0,0
453,29,138,313,0.991322,0,0
454,27,138,314,0.991322,0,0
455,25,138,315,0.991322,0,0
456,23,138,316,0.991322,0,0
457,21,138,317,0.991322,0,0
458,19,138,318,0.991322,0,1
459,17,138,319,0.991786,1,0
460,15,138,320,0.991827,0,1
461,29,139,320,0.991827,0,0
462,27,139,321,0.991827,0,1
463,25,139,322,0.991827,0,0
464,23,139,323,0.991827,0,0
465,21,139,324,0.991827,0,0
466,19,139,325,0.991827,0,0
467,29,140,325,0.991827,0,0
468,27,140,326,0.991827,0,0
469,25,140,327,0.992264,1,0
470,29,141,327,0.992714,1,0
471,27,141,328,0.992750,0,1
472,29,142,328,0.992750,0,0
473,27,142,329,0.992750,0,0
474,29,143,329,0.992750,0,0
475,27,143,330,0.993137,1,1
476,25,143,331,0.993172,0,1
477,29,144,331,0.993172,0,0
478,27,144,332,0.993172,0,0
479,29,145,332,0.993172,0,0
480,27,145,333,0.993172,0,0
481,25,145,334,0.993172,0,1
482,23,145,335,0.993172,0,0
483,21,145,336,0.993172,0,0
484,19,145,337,0.993172,0,0
485,17,145,338,0.993172,0,0
486,15,145,339,0.993172,0,0
487,13,145,340,0.993172,0,0
488,11,145,341,0.993172,0,0
489,9,145,342,0.993172,0,0
490,7,145,343,0.993172,0,0
491,5,145,344,0.993172,0,0
492,3,145,345,0.993172,0,0
493,29,146,345,0.993172,0,0
494,27,146,346,0.993172,0,0
495,25,146,347,0.993172,0,0
496,29,147,347,0.993172,0,0
497,27,147,348,0.993172,0,0
498,29,148,348,0.993172,0,0
499,27,148,349,0.993172,0,0
500,29,149,349,0.993172,0,0
501,27,149,350,0.993172,0,0
502,25,149,351,0.993172,0,0
503,29,150,351,0.993172,0,0
504,27,150,352,0.993172,0,1
505,25,150,353,0.993172,0,0
506,23,150,354,0.993172,0,0
507,21,150,355,0.993172,0,0
508,19,150,356,0.993172,0,0
509,17,150,357,0.993172,0,0
510,15,150,358,0.993172,0,0
511,13,150,359,0.993172,0,0
512,11,150,360,0.993172,0,0
513,29,151,360,0.993172,0,0
514,27,151,361,0.993172,0,0
515,29,152,361,0.993172,0,0
516,27,152,362,0.993172,0,0
517,25,152,363,0.993172,0,0
518,29,153,363,0.993172,0,0
519,27,153,364,0.993172,0,0
520,25,153,365,0.993172,0,1
521,23,153,366,0.993172,0,0
522,21,153,367,0.993172,0,1
523,19,153,368,0.993172,0,0
524,17,153,369,0.993172,0,1
525,15,153,370,0.993172,0,0
526,29,154,370,0.993172,0,0
527,27,154,371,0.993172,0,0
528,25,154,372,0.993172,0,0
529,29,155,372,0.993172,0,0
530,27,155,373,0.993172,0,0
531,29,156,373,0.993172,0,0
532,27,156,374,0.993172,0,0
533,25,156,375,0.993172,0,0
534,29,157,375,0.993172,0,0
535,27,157,376,0.993172,0,0
536,25,157,377,0.993172,0,0
537,29,158,377,0.993172,0,0
538,27,158,378,0.993172,0,0
539,29,159,378,0.993172,0,0
540,27,159,379,0.993172,0,0
541,25,159,380,0.993172,0,0
542,29,160,380,0.993172,0,0
543,27,160,381,0.993172,0,0
544,29,161,381,0.993172,0,0
545,27,161,382,0.993172,0,1
546,25,161,383,0.993172,0,0
547,23,161,384,0.993172,0,0
548,29,162,384,0.993172,0,0
549,27,162,385,0.993172,0,0
550,29,163,385,0.993172,0,0
551,27,163,386,0.993172,0,1
552,25,163,387,0.993172,0,0
553,29,164,387,0.993537,1,0
554,27,164,388,0.993913,0,1
555,29,165,388,0.994267,0,0
556,27,165,389,0.994296,0,0
557,29,166,389,0.994296,0,0
558,27,166,390,0.994296,0,0
559,29,167,390,0.994296,0,0
560,27,167,391,0.994296,0,0
561,25,167,392,0.994601,0,1
562,23,167,393,0.994628,0,1
563,29,168,393,0.994628,0,0
564,27,168,394,0.994628,0,0
565,29,169,394,0.994628,0,0
566,27,169,395,0.994628,0,0
567,29,170,395,0.994628,0,0
568,27,170,396,0.994628,0,1
569,25,170,397,0.994628,0,0
570,29,171,397,0.994628,0,0
571,27,171,398,0.994628,0,0
572,25,171,399,0.994628,0,0
573,23,171,400,0.994628,0,0
574,29,172,400,0.994628,0,0
575,27,172,401,0.994628,0,0
576,25,172,402,0.994628,0,0
577,29,173,402,0.994628,0,0
578,27,173,403,0.994628,0,0
579,29,174,403,0.994628,0,0
580,27,174,404,0.994628,0,0
581,29,175,404,0.994628,0,0
582,27,175,405,0.994628,0,0
583,29,176,405,0.994628,0,0
584,27,176,406,0.994628,0,0
585,25,176,407,0.994628,0,0
586,29,177,407,0.994628,0,0
587,27,177,408,0.994628,0,0
588,29,178,408,0.994628,0,0
589,27,178,409,0.994628,0,0
590,29,179,409,0.994628,0,0
591,27,179,410,0.994628,0,0
592,29,180,410,0.994628,0,0
593,27,180,411,0.994628,0,0
594,29,181,411,0.994628,0,0
595,27,181,412,0.994915,1,0
596,29,182,412,0.995211,1,0
597,27,182,413,0.995235,0,1
598,29,183,413,0.995235,0,0
599,27,183,414,0.995490,1,0
600,25,183,415,0.995753,1,1
601,29,184,415,0.996000,1,0
602,27,184,416,0.996020,0,1
603,29,185,416,0.996020,0,0
604,27,185,417,0.996234,1,0
605,29,186,417,0.996453,1,0
606,27,186,418,0.996471,0,0
607,25,186,419,0.996660,1,0
608,29,187,419,0.996870,1,0
609,27,187,420,0.997053,0,1
610,29,188,420,0.997224,0,0
611,27,188,421,0.997386,1,1
612,29,189,421,0.997539,1,0
613,27,189,422,0.997551,0,1
614,29,190,422,0.997551,0,0
615,27,190,423,0.997551,0,0
616,29,191,423,0.997551,0,0
617,27,191,424,0.997551,0,0
618,25,191,425,0.997551,0,0
619,29,192,425,0.997551,0,0
620,27,192,426,0.997551,0,0
621,25,192,427,0.997551,0,0
622,23,192,428,0.997551,0,0
623,21,192,429,0.997551,0,0
624,19,192,430,0.997551,0,0
625,29,193,430,0.997551,0,0
626,27,193,431,0.997551,0,0
627,29,194,431,0.997551,0,0
628,27,194,432,0.997551,0,0
629,29,195,432,0.997551,0,0
630,27,195,433,0.997682,1,0
631,29,196,433,0.997817,1,0
632,27,196,434,0.997965,0,1
633,29,197,434,0.998084,0,0
634,27,197,435,0.998196,1,1
635,29,198,435,0.998301,1,0
636,27,198,436,0.998309,0,1
637,29,199,436,0.998309,0,0
638,27,199,437,0.998309,0,0
639,29,200,437,0.998309,0,0
640,27,200,438,0.998309,0,1
641,25,200,439,0.998309,0,0
642,29,201,439,0.998309,0,0
643,27,201,440,0.998309,0,0
644,25,201,441,0.998309,0,0
645,23,201,442,0.998309,0,0
646,29,202,442,0.998309,0,0
647,27,202,443,0.998309,0,0
648,29,203,443,0.998309,0,0
649,27,203,444,0.998400,0,0
650,29,204,444,0.998493,0,0
651,27,204,445,0.998581,1,1
652,29,205,445,0.998664,1,0
653,27,205,446,0.998671,0,1
654,29,206,446,0.998671,0,0
655,27,206,447,0.998671,0,0
656,29,207,447,0.998671,0,0
657,27,207,448,0.998671,0,0
658,25,207,449,0.998671,0,0
659,29,208,449,0.998671,0,0
660,27,208,450,0.998671,0,0
661,25,208,451,0.998671,0,0
662,23,208,452,0.998671,0,1
663,21,208,453,0.998671,0,0
664,29,209,453,0.998671,0,0
665,27,209,454,0.998671,0,0
666,25,209,455,0.998671,0,0
667,23,209,456,0.998671,0,1
668,21,209,457,0.998671,0,0
669,19,209,458,0.998671,0,0
670,17,209,459,0.998742,1,0
671,29,210,459,0.998815,1,0
672,27,210,460,0.998884,0,0
673,25,210,461,0.998890,0,0
674,29,211,461,0.998890,0,0
675,27,211,462,0.998890,0,0
676,25,211,463,0.998890,0,0
677,29,212,463,0.998890,0,0
678,27,212,464,0.998949,1,1
679,25,212,465,0.998955,0,0
680,23,212,466,0.998955,0,0
681,29,213,466,0.998955,0,0
682,27,213,467,0.999011,1,0
683,25,213,468,0.999068,0,1
684,29,214,468,0.999123,0,0
685,27,214,469,0.999174,1,1
686,29,215,469,0.999222,1,0
687,27,215,470,0.999226,0,1
688,29,216,470,0.999226,0,0
689,27,216,471,0.999226,0,0
690,29,217,471,0.999226,0,0
691,27,217,472,0.999226,0,0
692,25,217,473,0.999226,0,0
693,29,218,473,0.999226,0,0
694,27,218,474,0.999226,0,1
695,25,218,475,0.999226,0,0
696,23,218,476,0.999226,0,1
697,21,218,477,0.999226,0,0
698,19,218,478,0.999226,0,0
699,17,218,479,0.999226,0,0
700,15,218,480,0.999226,0,0
701,13,218,481,0.999226,0,0
702,29,219,481,0.999226,0,0
703,27,219,482,0.999226,0,0
704,25,219,483,0.999268,0,0
705,29,220,483,0.999310,0,0
706,27,220,484,0.999351,1,1
707,29,221,484,0.999388,1,0
708,27,221,485,0.999424,1,1
709,29,222,485,0.999458,1,0
710,27,222,486,0.999460,0,1
711,29,223,486,0.999460,0,0
712,27,223,487,0.999460,0,0
713,29,224,487,0.999460,0,0
714,27,224,488,0.999460,0,1
715,25,224,489,0.999460,0,0
716,23,224,490,0.999460,0,1
717,21,224,491,0.999460,0,0
718,19,224,492,0.999460,0,0
719,29,225,492,0.999460,0,0
720,27,225,493,0.999460,0,0
721,25,225,494,0.999460,0,0
722,23,225,495,0.999460,0,1
723,21,225,496,0.999460,0,0
724,19,225,497,0.999460,0,0
725,17,225,498,0.999460,0,0
726,29,226,498,0.999460,0,0
727,27,226,499,0.999460,0,0
728,25,226,500,0.999460,0,0
729,29,227,500,0.999460,0,0
730,27,227,501,0.999460,0,0
731,29,228,501,0.999460,0,0
732,27,228,502,0.999460,0,0
733,25,228,503,0.999460,0,0
734,29,229,503,0.999460,0,0
735,27,229,504,0.999460,0,0
736,25,229,505,0.999489,0,0
737,23,229,506,0.999492,0,1
738,21,229,507,0.999519,0,0
739,29,230,507,0.999547,0,0
740,27,230,508,0.999550,0,0
741,29,231,508,0.999550,0,0
742,27,231,509,0.999550,0,0
743,29,232,509,0.999550,0,0
744,27,232,510,0.999574,1,0
745,25,232,511,0.999576,0,1
746,29,233,511,0.999576,0,0
747,27,233,512,0.999576,0,1
748,25,233,513,0.999576,0,0
749,29,234,513,0.999576,0,0
750,27,234,514,0.999576,0,0
751,29,235,514,0.999576,0,0
752,27,235,515,0.999576,0,0
753,29,236,515,0.999576,0,0
754,27,236,516,0.999576,0,0
755,25,236,517,0.999576,0,0
756,29,237,517,0.999576,0,0
757,27,237,518,0.999576,0,0
758,25,237,519,0.999576,0,0
759,29,238,519,0.999576,0,0
760,27,238,520,0.999576,0,0
761,29,239,520,0.999576,0,0
762,27,239,521,0.999576,0,0
763,29,240,521,0.999576,0,0
764,27,240,522,0.999576,0,0
765,25,240,523,0.999576,0,0
766,29,241,523,0.999576,0,0
767,27,241,524,0.999576,0,0
768,29,242,524,0.999576,0,0
769,27,242,525,0.999576,0,0
770,29,243,525,0.999576,0,0
771,27,243,526,0.999576,0,0
772,29,244,526,0.999576,0,0
773,27,244,527,0.999599,1,0
774,29,245,527,0.999622,1,0
775,27,245,528,0.999624,0,1
776,29,246,528,0.999624,0,0
777,27,246,529,0.999624,0,1
778,25,246,530,0.999624,0,0
779,29,247,530,0.999624,0,0
780,27,247,531,0.999624,0,0
781,25,247,532,0.999624,0,0
782,23,247,533,0.999624,0,1
783,21,247,534,0.999624,0,0
784,29,248,534,0.999624,0,0
785,27,248,535,0.999624,0,0
786,25,248,536,0.999644,0,0
787,29,249,536,0.999665,0,0
788,27,249,537,0.999684,1,1
789,25,249,538,0.999686,0,1
790,29,250,538,0.999686,0,0
791,27,250,539,0.999686,0,0
792,29,251,539,0.999686,0,0
793,27,251,540,0.999686,0,0
794,25,251,541,0.999686,0,0
795,23,251,542,0.999686,0,0
796,21,251,543,0.999686,0,0
797,19,251,544,0.999703,1,1
798,17,251,545,0.999704,0,1
799,29,252,545,0.999704,0,0
800,27,252,546,0.999704,0,0
801,29,253,546,0.999704,0,0
802,27,253,547,0.999704,0,0
803,25,253,548,0.999704,0,1
804,23,253,549,0.999704,0,0
805,21,253,550,0.999704,0,0
806,29,254,550,0.999704,0,0
807,27,254,551,0.999720,1,0
808,29,255,551,0.999737,1,0
809,27,255,552,0.999738,0,1
810,29,256,552,0.999738,0,0
811,27,256,553,0.999738,0,1
812,25,256,554,0.999752,1,0
813,23,256,555,0.999753,0,1
814,29,257,555,0.999753,0,0
815,27,257,556,0.999753,0,0
816,25,257,557,0.999753,0,1
817,23,257,558,0.999753,0,0
818,21,257,559,0.999753,0,0
819,19,257,560,0.999753,0,0
820,17,257,561,0.999753,0,1
821,15,257,562,0.999753,0,0
822,13,257,563,0.999753,0,0
823,11,257,564,0.999753,0,0
824,9,257,565,0.999753,0,0
825,7,257,566,0.999753,0,0
826,29,258,566,0.999753,0,0
827,27,258,567,0.999753,0,0
828,29,259,567,0.999753,0,0
829,27,259,568,0.999753,0,0
830,29,260,568,0.999753,0,0
831,27,260,569,0.999753,0,0
832,25,260,570,0.999753,0,0
833,29,261,570,0.999753,0,0
834,27,261,571,0.999753,0,0
835,29,262,571,0.999753,0,0
836,27,262,572,0.999753,0,1
837,25,262,573,0.999753,0,0
838,23,262,574,0.999753,0,0
839,21,262,575,0.999753,0,0
840,19,262,576,0.999753,0,1
841,17,262,577,0.999753,0,0
842,15,262,578,0.999753,0,1
843,13,262,579,0.999753,0,0
844,11,262,580,0.999753,0,0
845,9,262,581,0.999753,0,0
846,7,262,582,0.999753,0,0
847,5,262,583,0.999753,0,0
848,29,263,583,0.999753,0,0
849,27,263,584,0.999753,0,0
850,29,264,584,0.999753,0,0
851,27,264,585,0.999753,0,0
852,29,265,585,0.999753,0,0
853,27,265,586,0.999753,0,0
854,29,266,586,0.999753,0,0
855,27,266,587,0.999753,0,0
856,29,267,587,0.999753,0,0
857,27,267,588,0.999753,0,0
858,29,268,588,0.999753,0,0
859,27,268,589,0.999766,0,0
860,25,268,590,0.999768,0,1
861,29,269,590,0.999768,0,0
862,27,269,591,0.999768,0,1
863,25,269,592,0.999768,0,0
864,23,269,593,0.999768,0,1
865,21,269,594,0.999768,0,0
866,19,269,595,0.999768,0,0
867,17,269,596,0.999768,0,0
868,29,270,596,0.999768,0,0
869,27,270,597,0.999768,0,0
870,25,270,598,0.999768,0,0
871,23,270,599,0.999768,0,0
872,21,270,600,0.999768,0,1
873,19,270,601,0.999768,0,0
874,17,270,602,0.999768,0,0
875,15,270,603,0.999780,0,1
876,13,270,604,0.999781,0,0
877,29,271,604,0.999781,0,0
878,27,271,605,0.999781,0,0
879,29,272,605,0.999781,0,0
880,27,272,606,0.999781,0,1
881,25,272,607,0.999781,0,0
882,23,272,608,0.999781,0,0
883,29,273,608,0.999781,0,0
884,27,273,609,0.999781,0,0
885,25,273,610,0.999793,1,0
886,23,273,611,0.999805,1,1
887,29,274,611,0.999816,1,0
888,27,274,612,0.999817,0,1
889,29,275,612,0.999817,0,0
890,27,275,613,0.999817,0,1
891,25,275,614,0.999827,1,0
892,23,275,615,0.999828,0,1
893,29,276,615,0.999828,0,0
894,27,276,616,0.999828,0,1
895,25,276,617,0.999828,0,0
896,23,276,618,0.999837,0,0
897,29,277,618,0.999847,0,0
898,27,277,619,0.999847,0,1
899,29,278,619,0.999847,0,0
900,27,278,620,0.999847,0,0
901,25,278,621,0.999847,0,0
902,23,278,622,0.999847,0,0
903,21,278,623,0.999847,0,0
904,19,278,624,0.999847,0,1
905,17,278,625,0.999847,0,0
906,15,278,626,0.999847,0,0
907,13,278,627,0.999847,0,0
908,29,279,627,0.999847,0,0
909,27,279,628,0.999847,0,0
910,25,279,629,0.999847,0,0
911,29,280,629,0.999856,1,0
912,27,280,630,0.999856,0,1
913,29,281,630,0.999866,1,0
914,27,281,631,0.999867,0,1
915,29,282,631,0.999867,0,0
916,27,282,632,0.999867,0,0
917,25,282,633,0.999867,0,0
918,23,282,634,0.999867,0,1
919,21,282,635,0.999867,0,0
920,19,282,636,0.999867,0,0
921,17,282,637,0.999867,0,1
922,15,282,638,0.999867,0,0
923,13,282,639,0.999867,0,0
924,29,283,639,0.999867,0,0
925,27,283,640,0.999867,0,1
926,25,283,641,0.999867,0,0
927,23,283,642,0.999867,0,0
928,21,283,643,0.999874,1,0
929,29,284,643,0.999881,1,0
930,27,284,644,0.999882,0,0
931,25,284,645,0.999882,0,0
932,23,284,646,0.999882,0,0
933,29,285,646,0.999882,0,0
934,27,285,647,0.999882,0,0
935,29,286,647,0.999882,0,0
936,27,286,648,0.999882,0,0
937,29,287,648,0.999882,0,0
938,27,287,649,0.999882,0,0
939,25,287,650,0.999882,0,0
940,23,287,651,0.999882,0,0
941,21,287,652,0.999882,0,0
942,19,287,653,0.999882,0,0
943,17,287,654,0.999882,0,0
944,15,287,655,0.999882,0,0
945,13,287,656,0.999882,0,1
946,11,287,657,0.999882,0,0
947,9,287,658,0.999882,0,0
948,7,287,659,0.999889,1,1
949,5,287,660,0.999889,0,1
950,29,288,660,0.999889,0,0
951,27,288,661,0.999889,0,0
952,29,289,661,0.999889,0,0
953,27,289,662,0.999889,0,0
954,29,290,662,0.999889,0,0
955,27,290,663,0.999889,0,1
956,25,290,664,0.999895,1,1
957,23,290,665,0.999896,0,1
958,29,291,665,0.999896,0,0
959,27,291,666,0.999896,0,0
960,25,291,667,0.999901,1,0
961,23,291,668,0.999908,0,1
962,29,292,668,0.999913,0,0
963,27,292,669,0.999913,0,0
964,29,293,669,0.999913,0,0
965,27,293,670,0.999913,0,0
966,25,293,671,0.999913,0,1
967,23,293,672,0.999913,0,0
968,21,293,673,0.999913,0,0
969,19,293,674,0.999913,0,0
970,17,293,675,0.999918,0,0
971,29,294,675,0.999923,0,0
972,27,294,676,0.999923,0,0
973,29,295,676,0.999923,0,0
974,27,295,677,0.999927,1,0
975,25,295,678,0.999928,0,0
976,23,295,679,0.999928,0,0
977,21,295,680,0.999928,0,0
978,29,296,680,0.999928,0,0
979,27,296,681,0.999928,0,0
980,29,297,681,0.999928,0,0
981,27,297,682,0.999928,0,0
982,25,297,683,0.999928,0,0
983,29,298,683,0.999928,0,0
984,27,298,684,0.999928,0,0
985,25,298,685,0.999932,0,0
986,29,299,685,0.999936,0,0
987,27,299,686,0.999936,0,1
988,29,300,686,0.999936,0,0
989,27,300,687,0.999936,0,0
990,25,300,688,0.999936,0,1
991,23,300,689,0.999936,0,0
992,21,300,690,0.999936,0,0
993,19,300,691,0.999936,0,1
994,17,300,692,0.999936,0,0
995,29,301,692,0.999936,0,0
996,27,301,693,0.999936,0,0
997,29,302,693,0.999936,0,0
998,27,302,694,0.999936,0,0
999,25,302,695,0.999936,0,0
1000,23,302,696,0.999936,0,0
1001,21,302,697,0.999936,0,0
1002,29,303,697,0.999936,0,0
1003,27,303,698,0.999936,0,0
1004,25,303,699,0.999939,0,0
1005,29,304,699,0.999943,0,0
1006,27,304,700,0.999943,0,0
1007,29,305,700,0.999943,0,0
1008,27,305,701,0.999943,0,0
1009,29,306,701,0.999943,0,0
1010,27,306,702,0.999943,0,1
1011,25,306,703,0.999943,0,0
1012,23,306,704,0.999943,0,0
1013,29,307,704,0.999943,0,0
1014,27,307,705,0.999943,0,0
1015,29,308,705,0.999943,0,0
1016,27,308,706,0.999943,0,0
1017,25,308,707,0.999943,0,1
1018,23,308,708,0.999943,0,1
1019,21,308,709,0.999943,0,0
1020,29,309,709,0.999943,0,0
1021,27,309,710,0.999943,0,0
1022,25,309,711,0.999943,0,0
1023,23,309,712,0.999946,1,1
1024,21,309,713,0.999946,0,1
1025,29,310,713,0.999946,0,0
1026,27,310,714,0.999946,0,0
1027,25,310,715,0.999949,0,1
1028,23,310,716,0.999952,1,0
1029,29,311,716,0.999955,1,0
1030,27,311,717,0.999955,0,1
1031,29,312,717,0.999955,0,0
1032,27,312,718,0.999955,0,0
1033,29,313,718,0.999955,0,0
1034,27,313,719,0.999955,0,0
1035,29,314,719,0.999955,0,0
1036,27,314,720,0.999955,0,0
1037,25,314,721,0.999955,0,0
1038,23,314,722,0.999955,0,0
1039,21,314,723,0.999955,0,0
1040,29,315,723,0.999955,0,0
1041,27,315,724,0.999955,0,0
1042,25,315,725,0.999955,0,0
1043,23,315,726,0.999955,0,0
1044,21,315,727,0.999955,0,0
1045,19,315,728,0.999955,0,0
1046,29,316,728,0.999955,0,0
1047,27,316,729,0.999955,0,0
1048,25,316,730,0.999955,0,1
1049,23,316,731,0.999955,0,0
1050,21,316,732,0.999955,0,0
1051,19,316,733,0.999955,0,1
1052,17,316,734,0.999955,0,0
1053,15,316,735,0.999955,0,0
1054,29,317,735,0.999955,0,0
1055,27,317,736,0.999955,0,0
1056,29,318,736,0.999955,0,0
1057,27,318,737,0.999955,0,0
1058,29,319,737,0.999955,0,0
1059,27,319,738,0.999955,0,0
1060,29,320,738,0.999955,0,0
1061,27,320,739,0.999955,0,0
1062,29,321,739,0.999955,0,0
1063,27,321,740,0.999955,0,0
1064,29,322,740,0.999955,0,0
1065,27,322,741,0.999955,0,1
1066,25,322,742,0.999955,0,0
1067,29,323,742,0.999955,0,0
1068,27,323,743,0.999955,0,0
1069,25,323,744,0.999955,0,0
1070,23,323,745,0.999955,0,0
1071,21,323,746,0.999955,0,0
1072,29,324,746,0.999955,0,0
1073,27,324,747,0.999955,0,0
1074,25,324,748,0.999955,0,0
1075,29,325,748,0.999955,0,0
1076,27,325,749,0.999955,0,0
1077,29,326,749,0.999955,0,0
1078,27,326,750,0.999955,0,0
1079,29,327,750,0.999955,0,0
1080,27,327,751,0.999955,0,0
1081,29,328,751,0.999955,0,0
1082,27,328,752,0.999955,0,1
1083,25,328,753,0.999958,1,0
1084,29,329,753,0.999960,1,0
1085,27,329,754,0.999963,0,1
1086,25,329,755,0.999965,0,1
1087,29,330,755,0.999967,0,0
1088,27,330,756,0.999967,0,1
1089,29,331,756,0.999967,0,0
1090,27,331,757,0.999967,0,0
1091,29,332,757,0.999967,0,0
1092,27,332,758,0.999967,0,1
1093,25,332,759,0.999967,0,0
1094,23,332,760,0.999967,0,1
1095,21,332,761,0.999967,0,1
1096,19,332,762,0.999967,0,0
1097,29,333,762,0.999967,0,0
1098,27,333,763,0.999967,0,0
1099,25,333,764,0.999967,0,0
1100,23,333,765,0.999967,0,0
1101,21,333,766,0.999967,0,0
1102,19,333,767,0.999967,0,0
1103,17,333,768,0.999967,0,0
1104,15,333,769,0.999967,0,0
1105,29,334,769,0.999967,0,0
1106,27,334,770,0.999967,0,0
1107,25,334,771,0.999967,0,1
1108,23,334,772,0.999967,0,0
1109,29,335,772,0.999967,0,0
1110,27,335,773,0.999967,0,0
1111,29,336,773,0.999967,0,0
1112,27,336,774,0.999967,0,0
1113,25,336,775,0.999967,0,0
1114,29,337,775,0.999967,0,0
1115,27,337,776,0.999967,0,1
1116,25,337,777,0.999967,0,0
1117,29,338,777,0.999967,0,0
1118,27,338,778,0.999967,0,0
1119,25,338,779,0.999967,0,0
1120,29,339,779,0.999967,0,0
1121,27,339,780,0.999967,0,0
1122,29,340,780,0.999967,0,0
1123,27,340,781,0.999969,1,0
1124,29,341,781,0.999971,1,0
1125,27,341,782,0.999972,1,1
1126,29,342,782,0.999974,1,0
1127,27,342,783,0.999976,1,1
1128,29,343,783,0.999977,1,0
1129,27,343,784,0.999977,0,1
1130,29,344,784,0.999977,0,0
1131,27,344,785,0.999978,1,0
1132,25,344,786,0.999978,0,1
1133,23,344,787,0.999980,1,0
1134,29,345,787,0.999981,1,0
1135,27,345,788,0.999981,0,0
1136,25,345,789,0.999982,1,0
1137,23,345,790,0.999982,0,1
1138,29,346,790,0.999982,0,0
1139,27,346,791,0.999982,0,1
1140,25,346,792,0.999982,0,0
1141,29,347,792,0.999982,0,0
1142,27,347,793,0.999982,0,0
1143,25,347,794,0.999982,0,0
1144,23,347,795,0.999982,0,0
1145,21,347,796,0.999982,0,0
1146,19,347,797,0.999982,0,0
1147,29,348,797,0.999982,0,0
1148,27,348,798,0.999982,0,0
1149,29,349,798,0.999982,0,0
1150,27,349,799,0.999982,0,0
1151,25,349,800,0.999982,0,0
1152,29,350,800,0.999982,0,0
1153,27,350,801,0.999982,0,0
1154,25,350,802,0.999982,0,0
1155,23,350,803,0.999982,0,0
1156,21,350,804,0.999983,0,1
1157,19,350,805,0.999984,0,0
1158,29,351,805,0.999985,0,0
1159,27,351,806,0.999985,0,1
1160,29,352,806,0.999985,0,0
1161,27,352,807,0.999985,0,0
1162,29,353,807,0.999985,0,0
1163,27,353,808,0.999985,0,0
1164,25,353,809,0.999985,0,0
1165,29,354,809,0.999985,0,0
1166,27,354,810,0.999985,0,1
1167,25,354,811,0.999985,0,0
1168,23,354,812,0.999985,0,0
1169,21,354,813,0.999985,0,0
1170,19,354,814,0.999985,0,0
1171,17,354,815,0.999985,0,0
1172,29,355,815,0.999985,0,0
1173,27,355,816,0.999985,0,1
1174,25,355,817,0.999985,0,0
1175,29,356,817,0.999985,0,0
1176,27,356,818,0.999985,0,0
1177,29,357,818,0.999985,0,0
1178,27,357,819,0.999985,0,0
1179,29,358,819,0.999985,0,0
1180,27,358,820,0.999985,0,1
1181,25,358,821,0.999986,1,1
1182,23,358,822,0.999986,0,1
1183,29,359,822,0.999986,0,0
1184,27,359,823,0.999986,0,0
1185,29,360,823,0.999986,0,0
1186,27,360,824,0.999986,0,1
1187,25,360,825,0.999986,0,0
1188,23,360,826,0.999986,0,0
1189,21,360,827,0.999986,0,0
1190,19,360,828,0.999986,0,0
1191,17,360,829,0.999986,0,0
1192,15,360,830,0.999986,0,0
1193,29,361,830,0.999986,0,0
1194,27,361,831,0.999986,0,0
1195,25,361,832,0.999986,0,0
1196,29,362,832,0.999986,0,0
1197,27,362,833,0.999986,0,0
1198,25,362,834,0.999987,1,0
1199,29,363,834,0.999988,1,0
1200,27,363,835,0.999988,0,1
1201,29,364,835,0.999988,0,0
1202,27,364,836,0.999988,0,0
1203,25,364,837,0.999988,0,1
1204,23,364,838,0.999988,0,0
1205,21,364,839,0.999988,0,0
1206,19,364,840,0.999988,0,0
1207,29,365,840,0.999988,0,0
1208,27,365,841,0.999988,0,0
1209,25,365,842,0.999988,0,0
1210,23,365,843,0.999988,0,1
1211,21,365,844,0.999988,0,0
1212,19,365,845,0.999988,0,1
1213,17,365,846,0.999988,0,0
1214,29,366,846,0.999988,0,0
1215,27,366,847,0.999988,0,1
1216,25,366,848,0.999988,1,0
1217,29,367,848,0.999989,1,0
1218,27,367,849,0.999989,0,1
1219,29,368,849,0.999989,0,0
1220,27,368,850,0.999989,0,0
1221,25,368,851,0.999989,0,1
1222,23,368,852,0.999989,0,0
1223,21,368,853,0.999989,0,1
1224,19,368,854,0.999989,0,0
1225,29,369,854,0.999989,0,0
1226,27,369,855,0.999989,0,1
1227,25,369,856,0.999990,1,0
1228,23,369,857,0.999990,0,1
1229,29,370,857,0.999990,0,0
1230,27,370,858,0.999990,0,0
1231,25,370,859,0.999990,0,0
1232,23,370,860,0.999990,0,0
1233,21,370,861,0.999990,0,1
1234,19,370,862,0.999990,0,1
1235,17,370,863,0.999990,0,1
1236,15,370,864,0.999990,1,0
1237,13,370,865,0.999990,0,1
1238,29,371,865,0.999990,0,0
1239,27,371,866,0.999990,0,0
1240,29,372,866,0.999990,0,0
1241,27,372,867,0.999990,0,0
1242,25,372,868,0.999991,1,1
1243,23,372,869,0.999991,0,1
1244,29,373,869,0.999991,0,0
1245,27,373,870,0.999991,0,0
1246,25,373,871,0.999991,1,0
1247,29,374,871,0.999992,1,0
1248,27,374,872,0.999992,0,1
1249,29,375,872,0.999992,0,0
1250,27,375,873,0.999992,0,1
1251,25,375,874,0.999992,0,0
1252,23,375,875,0.999992,0,0
1253,21,375,876,0.999992,0,1
1254,19,375,877,0.999992,0,0
1255,17,375,878,0.999992,0,0
1256,15,375,879,0.999992,0,0
1257,13,375,880,0.999992,0,0
1258,11,375,881,0.999992,0,1
1259,9,375,882,0.999992,1,1
1260,7,375,883,0.999992,0,1
1261,29,376,883,0.999992,0,0
1262,27,376,884,0.999992,0,0
1263,25,376,885,0.999992,0,0
1264,23,376,886,0.999993,0,1
1265,21,376,887,0.999993,0,1
1266,29,377,887,0.999993,0,0
1267,27,377,888,0.999993,0,1
1268,25,377,889,0.999994,1,1
1269,29,378,889,0.999994,1,0
1270,27,378,890,0.999994,1,1
1271,25,378,891,0.999994,0,1
1272,29,379,891,0.999994,0,0
1273,27,379,892,0.999994,0,0
1274,29,380,892,0.999994,0,0
1275,27,380,893,0.999994,0,0
1276,25,380,894,0.999994,0,0
1277,23,380,895,0.999994,0,0
1278,21,380,896,0.999994,0,0
1279,19,380,897,0.999994,0,0
1280,17,380,898,0.999994,0,0
1281,15,380,899,0.999994,0,0
1282,29,381,899,0.999994,0,0
1283,27,381,900,0.999994,0,0
1284,29,382,900,0.999994,0,0
1285,27,382,901,0.999994,0,0
1286,25,382,902,0.999994,0,1
1287,23,382,903,0.999994,0,0
1288,21,382,904,0.999994,0,0
1289,19,382,905,0.999994,0,0
1290,17,382,906,0.999994,0,0
1291,15,382,907,0.999994,0,0
1292,13,382,908,0.999994,0,0
1293,29,383,908,0.999994,0,0
1294,27,383,909,0.999994,0,0
1295,25,383,910,0.999994,0,0
1296,23,383,911,0.999994,0,0
1297,21,383,912,0.999994,0,0
1298,19,383,913,0.999994,0,0
1299,29,384,913,0.999994,0,0
1300,27,384,914,0.999994,0,0
1301,29,385,914,0.999994,0,0
1302,27,385,915,0.999994,0,1
1303,25,385,916,0.999995,0,1
1304,23,385,917,0.999995,0,1
1305,29,386,917,0.999995,0,0
1306,27,386,918,0.999995,0,1
1307,25,386,919,0.999995,0,0
1308,23,386,920,0.999995,0,0
1309,29,387,920,0.999995,0,0
1310,27,387,921,0.999995,0,0
1311,25,387,922,0.999995,0,1
1312,23,387,923,0.999995,0,0
1313,21,387,924,0.999995,0,0
1314,29,388,924,0.999995,0,0
1315,27,388,925,0.999995,0,0
1316,29,389,925,0.999995,0,0
1317,27,389,926,0.999995,0,0
1318,29,390,926,0.999995,0,0
1319,27,390,927,0.999995,0,0
1320,29,391,927,0.999995,0,0
1321,27,391,928,0.999995,0,0
1322,29,392,928,0.999995,0,0
1323,27,392,929,0.999995,0,0
1324,25,392,930,0.999995,0,0
1325,23,392,931,0.999995,0,0
1326,21,392,932,0.999995,0,0
1327,29,393,932,0.999995,0,0
1328,27,393,933,0.999995,0,1
1329,25,393,934,0.999995,0,0
1330,23,393,935,0.999995,0,0
1331,29,394,935,0.999995,0,0
1332,27,394,936,0.999995,0,0
1333,25,394,937,0.999995,0,1
1334,23,394,938,0.999995,0,0
1335,21,394,939,0.999995,0,0
1336,29,395,939,0.999995,0,0
1337,27,395,940,0.999995,0,1
1338,25,395,941,0.999995,0,1
1339,23,395,942,0.999995,0,1
1340,21,395,943,0.999995,0,0
1341,19,395,944,0.999995,0,0
1342,17,395,945,0.999995,0,0
1343,15,395,946,0.999995,0,0
1344,13,395,947,0.999995,0,0
1345,11,395,948,0.999995,0,1
1346,9,395,949,0.999995,0,1
1347,7,395,950,0.999995,1,0
1348,29,396,950,0.999995,1,0
1349,27,396,951,0.999995,0,1
1350,29,397,951,0.999995,0,0
1351,27,397,952,0.999995,0,1
1352,25,397,953,0.999995,0,0
1353,23,397,954,0.999995,0,0
1354,29,398,954,0.999995,0,0
1355,27,398,955,0.999995,0,0
1356,29,399,955,0.999995,0,0
1357,27,399,956,0.999995,0,0
1358,29,400,956,0.999995,0,0
1359,27,400,957,0.999995,0,0
1360,29,401,957,0.999995,0,0
1361,27,401,958,0.999995,0,1
1362,25,401,959,0.999995,0,1
1363,23,401,960,0.999996,1,0
1364,21,401,961,0.999996,0,1
1365,29,402,961,0.999996,0,0
1366,27,402,962,0.999996,0,0
1367,25,402,963,0.999996,0,0
1368,23,402,964,0.999996,0,0
1369,21,402,965,0.999996,0,0
1370,19,402,966,0.999996,0,0
1371,29,403,966,0.999996,0,0
1372,27,403,967,0.999996,0,0
1373,29,404,967,0.999996,0,0
1374,27,404,968,0.999996,0,0
1375,25,404,969,0.999996,0,0
1376,29,405,969,0.999996,0,0
1377,27,405,970,0.999996,0,0
1378,29,406,970,0.999996,0,0
1379,27,406,971,0.999996,0,0
1380,25,406,972,0.999996,0,0
1381,29,407,972,0.999996,0,0
1382,27,407,973,0.999996,0,0
1383,29,408,973,0.999996,0,0
1384,27,408,974,0.999996,0,0
1385,29,409,974,0.999996,0,0
1386,27,409,975,0.999996,0,0
1387,29,410,975,0.999996,0,0
1388,27,410,976,0.999996,0,0
1389,29,411,976,0.999996,0,0
1390,27,411,977,0.999996,0,0
1391,29,412,977,0.999996,0,0
1392,27,412,978,0.999996,0,0
1393,25,412,979,0.999996,0,0
1394,23,412,980,0.999996,0,0
1395,29,413,980,0.999996,0,0
1396,27,413,981,0.999996,0,1
1397,25,413,982,0.999996,0,0
1398,29,414,982,0.999996,0,0
1399,27,414,983,0.999996,0,1
1400,25,414,984,0.999996,0,1
1401,23,414,985,0.999996,0,0
1402,29,415,985,0.999996,0,0
1403,27,415,986,0.999996,1,1
1404,25,415,987,0.999996,0,1
1405,29,416,987,0.999996,0,0
1406,27,416,988,0.999996,0,1
1407,25,416,989,0.999996,0,0
1408,23,416,990,0.999996,1,1
1409,21,416,991,0.999996,0,1
1410,29,417,991,0.999996,0,0
1411,27,417,992,0.999996,0,0
1412,25,417,993,0.999996,0,0
1413,23,417,994,0.999996,0,0
1414,29,418,994,0.999996,0,0
1415,27,418,995,0.999996,0,1
1416,25,418,996,0.999996,0,0
1417,29,419,996,0.999996,0,0
1418,27,419,997,0.999996,0,1
1419,25,419,998,0.999996,0,0
1420,29,420,998,0.999996,0,0
1421,27,420,999,0.999996,0,0
1422,25,420,1000,0.999996,0,0
1423,29,421,1000,0.999996,0,0
1424,27,421,1001,0.999996,0,0
1425,29,422,1001,0.999996,0,0
1426,27,422,1002,0.999996,0,0
1427,25,422,1003,0.999996,0,0
1428,23,422,1004,0.999996,0,0
1429,21,422,1005,0.999996,0,0
1430,29,423,1005,0.999996,0,0
1431,27,423,1006,0.999996,0,0
1432,25,423,1007,0.999996,0,0
1433,29,424,1007,0.999996,0,0
1434,27,424,1008,0.999996,0,0
1435,25,424,1009,0.999996,0,0
1436,23,424,1010,0.999996,0,0
1437,29,425,1010,0.999996,0,0
1438,27,425,1011,0.999996,0,0
1439,25,425,1012,0.999997,0,0
1440,29,426,1012,0.999997,0,0
1441,27,426,1013,0.999997,0,0
1442,25,426,1014,0.999997,0,0
1443,29,427,1014,0.999997,0,0
1444,27,427,1015,0.999997,0,0
1445,25,427,1016,0.999997,0,0
1446,23,427,1017,0.999997,0,1
1447,21,427,1018,0.999997,0,0
1448,19,427,1019,0.999997,0,0
1449,17,427,1020,0.999997,0,0
1450,29,428,1020,0.999997,0,0
1451,27,428,1021,0.999997,0,1
1452,25,428,1022,0.999997,0,0
1453,23,428,1023,0.999997,0,1
1454,21,428,1024,0.999997,0,0
1455,19,428,1025,0.999997,0,0
1456,17,428,1026,0.999997,0,0
1457,15,428,1027,0.999997,0,0
1458,29,429,1027,0.999997,0,0
1459,27,429,1028,0.999997,0,0
1460,29,430,1028,0.999997,0,0
1461,27,430,1029,0.999997,0,0
1462,25,430,1030,0.999997,0,0
1463,23,430,1031,0.999997,1,0
1464,21,430,1032,0.999997,0,1
1465,29,431,1032,0.999997,0,0
1466,27,431,1033,0.999997,0,0
1467,25,431,1034,0.999997,0,0
1468,23,431,1035,0.999997,0,0
1469,21,431,1036,0.999997,0,0
1470,29,432,1036,0.999997,0,0
1471,27,432,1037,0.999997,0,0
1472,25,432,1038,0.999997,0,0
1473,23,432,1039,0.999997,0,1
1474,21,432,1040,0.999997,0,0
1475,19,432,1041,0.999997,0,0
1476,29,433,1041,0.999997,0,0
1477,27,433,1042,0.999997,0,0
1478,25,433,1043,0.999997,0,0
1479,23,433,1044,0.999997,0,0
1480,21,433,1045,0.999997,0,1
1481,19,433,1046,0.999997,0,1
1482,17,433,1047,0.999997,0,0
1483,15,433,1048,0.999997,0,0
1484,13,433,1049,0.999997,0,0
1485,11,433,1050,0.999997,0,0
1486,9,433,1051,0.999997,0,1
1487,7,433,1052,0.999997,0,0
1488,5,433,1053,0.999997,0,0
1489,3,433,1054,0.999997,0,0
1490,1,433,1055,0.999997,0,0
1491,0,433,1056,0.999997,0,0
