tick,conn_0_1,conn_0_2,conn_0_4,conn_0_5,conn_0_6,conn_0_7,conn_0_8,conn_0_10,conn_1_0,conn_1_3,conn_1_5,conn_1_7,conn_1_8,conn_2_0,conn_2_1,conn_2_7,conn_2_9,conn_3_4,conn_3_6,conn_3_7,conn_3_9,conn_3_10,conn_4_1,conn_4_4,conn_4_5,conn_4_7,conn_4_9,conn_4_10,conn_5_0,conn_5_1,conn_5_2,conn_5_5,conn_5_6,conn_5_8,conn_5_9,conn_5_10,conn_6_1,conn_6_2,conn_6_3,conn_6_4,conn_6_5,conn_6_6,conn_6_9,conn_6_10,conn_7_1,conn_7_2,conn_7_4,conn_7_5,conn_7_6,conn_7_7,conn_7_9,conn_7_10,conn_8_0,conn_8_1,conn_8_4,conn_8_5,conn_8_6,conn_8_7,conn_8_9,conn_9_0,conn_9_1,conn_9_2,conn_9_3,conn_9_6,conn_9_8,conn_9_9,conn_10_0,conn_10_1,conn_10_3,conn_10_9,conn_10_10
0,0.600000,-0.600000,-0.600000,1.000000,-0.600000,-0.600000,-0.600000,0.600000,-0.600000,-0.600000,-0.600000,-0.600000,-0.600000,-0.600000,0.600000,0.600000,-0.600000,0.600000,0.600000,0.600000,0.600000,-0.600000,-0.600000,0.600000,-0.600000,-0.600000,0.600000,-0.600000,0.600000,-0.600000,-0.600000,0.600000,-0.600000,-0.600000,-0.600000,-0.600000,0.600000,-0.600000,-0.600000,0.600000,-0.600000,0.600000,-0.600000,-0.600000,0.600000,-0.600000,0.600000,0.600000,-0.600000,-0.600000,-0.600000,-0.600000,0.600000,-0.600000,-0.600000,-0.600000,-0.600000,-0.600000,-0.600000,-0.600000,-0.600000,0.600000,-0.600000,0.600000,-0.600000,-0.600000,0.600000,-0.600000,-0.600000,0.600000,-0.600000
1,0.600000,-0.600000,-0.600000,1.000000,-0.600000,-0.600000,-0.600000,0.600000,-0.600000,-0.600000,-0.600000,-0.600000,-0.600000,-0.600000,0.600000,0.600000,-0.600000,0.600000,0.600000,0.600000,0.600000,-0.600000,-0.600000,0.600000,-0.600000,-0.600000,0.600000,-0.600000,0.600000,-0.600000,-0.600000,0.600000,-0.600000,-0.600000,-0.600000,-0.600000,0.600000,-0.600000,-0.600000,0.600000,-0.600000,0.600000,-0.600000,-0.600000,0.600000,-0.600000,0.600000,0.626116,-0.600000,-0.600000,-0.600000,-0.600000,0.600000,-0.600000,-0.600000,-0.600000,-0.600000,-0.600000,-0.600000,-0.600000,-0.600000,0.600000,-0.600000,0.600000,-0.600000,-0.600000,0.600000,-0.600000,-0.600000,0.600000,-0.600000
2,0.600000,-0.600000,-0.600000,1.000000,-0.600000,-0.600000,-0.600000,0.600000,-0.600000,-0.600000,-0.600000,-0.600000,-0.600000,-0.600000,0.600000,0.600000,-0.600000,0.600000,0.600000,0.600000,0.600000,-0.600000,-0.600000,0.600000,-0.600000,-0.600000,0.600000,-0.600000,0.600000,-0.600000,-0.600000,0.600000,-0.600000,-0.600000,-0.600000,-0.600000,0.600000,-0.600000,-0.600000,0.600000,-0.600000,0.600000,-0.600000,-0.600000,0.600000,-0.600000,0.600000,0.653794,-0.600000,-0.600000,-0.600000,-0.600000,0.600000,-0.600000,-0.600000,-0.600000,-0.600000,-0.600000,-0.600000,-0.600000,-0.600000,0.600000,-0.600000,0.600000,-0.600000,-0.600000,0.600000,-0.600000,-0.600000,0.600000,-0.600000
3,0.600000,-0.600000,-0.600000,1.000000,-0.600000,-0.600000,-0.600000,0.600000,-0.600000,-0.600000,-0.600000,-0.600000,-0.600000,-0.600000,0.600000,0.600000,-0.598800,0.600000,0.600000,0.600000,0.600000,-0.600000,-0.600000,0.600000,-0.600000,-0.600000,0.600000,-0.600000,0.600000,-0.600000,-0.600000,0.600000,-0.614325,-0.600000,-0.600000,-0.600000,0.600000,-0.600000,-0.600000,0.600000,-0.600000,0.600000,-0.600000,-0.600000,0.600000,-0.600000,0.600000,0.662805,-0.600000,-0.600000,-0.600000,-0.600000,0.600000,-0.600000,-0.614325,-0.600000,-0.600000,-0.614325,-0.600000,-0.600000,-0.600000,0.600000,-0.600000,0.600000,-0.600000,-0.600000,0.600000,-0.600000,-0.600000,0.600000,-0.600000
4,0.600000,-0.600000,-0.600000,1.000000,-0.600000,-0.600000,-0.600000,0.600000,-0.600000,-0.600000,-0.600000,-0.600000,-0.600000,-0.600000,0.600000,0.600000,-0.598800,0.600000,0.600000,0.600000,0.600000,-0.600000,-0.600000,0.600000,-0.600000,-0.600000,0.600000,-0.600000,0.600000,-0.600000,-0.600000,0.600000,-0.630792,-0.600000,-0.600000,-0.600000,0.600000,-0.600000,-0.600000,0.600000,-0.600000,0.600000,-0.600000,-0.600000,0.600000,-0.600000,0.600000,0.678293,-0.600000,-0.600000,-0.600000,-0.600000,0.600000,-0.600000,-0.630792,-0.600000,-0.600000,-0.630792,-0.600000,-0.600000,-0.600000,0.600000,-0.600000,0.600000,-0.600000,-0.600000,0.600000,-0.600000,-0.600000,0.600000,-0.600000
5,0.600000,-0.600000,-0.600000,1.000000,-0.600000,-0.600000,-0.600000,0.600000,-0.600000,-0.600000,-0.600000,-0.600000,-0.600000,-0.600000,0.600000,0.600000,-0.598800,0.600000,0.600000,0.600000,0.600000,-0.600000,-0.600000,0.600000,-0.600000,-0.600000,0.600000,-0.621416,0.600000,-0.600000,-0.600000,0.600000,-0.630792,-0.600000,-0.600000,-0.600000,0.600000,-0.600000,-0.600000,0.600000,-0.600000,0.600000,-0.600000,-0.600000,0.600000,-0.621416,0.600000,0.693401,-0.600000,-0.600000,-0.600000,-0.600000,0.600000,-0.600000,-0.630792,-0.600000,-0.600000,-0.630792,-0.600000,-0.600000,-0.600000,0.600000,-0.600000,0.600000,-0.600000,-0.600000,0.600000,-0.600000,-0.600000,0.600000,-0.600000
6,0.600000,-0.600000,-0.600000,1.000000,-0.600000,-0.600000,-0.600000,0.600000,-0.600000,-0.600000,-0.600000,-0.600000,-0.600000,-0.600000,0.600000,0.600000,-0.598800,0.600000,0.600000,0.600000,0.600000,-0.600000,-0.600000,0.600000,-0.600000,-0.600000,0.600000,-0.649246,0.600000,-0.600000,-0.600000,0.600000,-0.630792,-0.600000,-0.600000,-0.600000,0.600000,-0.600000,-0.600000,0.600000,-0.600000,0.600000,-0.600000,-0.600000,0.600000,-0.649246,0.600000,0.706032,-0.600000,-0.600000,-0.600000,-0.600000,0.600000,-0.600000,-0.630792,-0.600000,-0.600000,-0.630792,-0.600000,-0.600000,-0.600000,0.600000,-0.600000,0.600000,-0.600000,-0.600000,0.600000,-0.600000,-0.600000,0.600000,-0.600000
7,0.600000,-0.600000,-0.600000,1.000000,-0.600000,-0.600000,-0.600000,0.600000,-0.600000,-0.600000,-0.600000,-0.600000,-0.600000,-0.600000,0.600000,0.600000,-0.598800,0.600000,0.600000,0.600000,0.600000,-0.600000,-0.600000,0.600000,-0.600000,-0.600000,0.600000,-0.676104,0.600000,-0.600000,-0.600000,0.600000,-0.630792,-0.600000,-0.600000,-0.600000,0.600000,-0.600000,-0.600000,0.600000,-0.600000,0.600000,-0.600000,-0.600000,0.600000,-0.676104,0.600000,0.720378,-0.600000,-0.600000,-0.600000,-0.600000,0.600000,-0.600000,-0.630792,-0.600000,-0.600000,-0.630792,-0.600000,-0.600000,-0.600000,0.600000,-0.600000,0.600000,-0.600000,-0.600000,0.600000,-0.600000,-0.600000,0.600000,-0.600000
8,0.600000,-0.600000,-0.600000,1.000000,-0.600000,-0.600000,-0.600000,0.600000,-0.600000,-0.600000,-0.600000,-0.600000,-0.600000,-0.600000,0.600000,0.600000,-0.598800,0.600000,0.600000,0.600000,0.600000,-0.600000,-0.600000,0.600000,-0.600000,-0.600000,0.600000,-0.701855,0.600000,-0.600000,-0.600000,0.600000,-0.630792,-0.600000,-0.600000,-0.600000,0.600000,-0.600000,-0.600000,0.600000,-0.600000,0.600000,-0.600000,-0.600000,0.600000,-0.701855,0.600000,0.732330,-0.600000,-0.600000,-0.600000,-0.600000,0.600000,-0.600000,-0.630792,-0.600000,-0.600000,-0.630792,-0.600000,-0.600000,-0.600000,0.600000,-0.600000,0.600000,-0.600000,-0.600000,0.600000,-0.600000,-0.600000,0.600000,-0.600000
9,0.600000,-0.600000,-0.600000,1.000000,-0.600000,-0.600000,-0.600000,0.600000,-0.600000,-0.600000,-0.600000,-0.600000,-0.600000,-0.600000,0.600000,0.600000,-0.598800,0.600000,0.600000,0.600000,0.600000,-0.600000,-0.600000,0.600000,-0.600000,-0.600000,0.600000,-0.726395,0.600000,-0.600000,-0.600000,0.600000,-0.630792,-0.600000,-0.600000,-0.600000,0.600000,-0.600000,-0.600000,0.600000,-0.600000,0.600000,-0.600000,-0.600000,0.600000,-0.726395,0.600000,0.745858,-0.600000,-0.600000,-0.600000,-0.600000,0.600000,-0.600000,-0.630792,-0.600000,-0.600000,-0.630792,-0.600000,-0.600000,-0.600000,0.600000,-0.600000,0.600000,-0.600000,-0.600000,0.600000,-0.600000,-0.600000,0.600000,-0.600000
10,0.600000,-0.600000,-0.600000,1.000000,-0.600000,-0.600000,-0.600000,0.600000,-0.600000,-0.600000,-0.600000,-0.600000,-0.600000,-0.600000,0.600000,0.600000,-0.598800,0.600000,0.600000,0.600000,0.600000,-0.600000,-0.600000,0.600000,-0.600000,-0.600000,0.600000,-0.749640,0.600000,-0.600000,-0.600000,0.600000,-0.630792,-0.600000,-0.600000,-0.600000,0.600000,-0.600000,-0.600000,0.600000,-0.600000,0.600000,-0.600000,-0.600000,0.600000,-0.749640,0.600000,0.757091,-0.600000,-0.600000,-0.600000,-0.600000,0.600000,-0.600000,-0.630792,-0.600000,-0.600000,-0.630792,-0.600000,-0.600000,-0.600000,0.600000,-0.600000,0.600000,-0.600000,-0.600000,0.600000,-0.600000,-0.600000,0.600000,-0.600000
11,0.600000,-0.600000,-0.600000,1.000000,-0.600000,-0.600000,-0.600000,0.600000,-0.600000,-0.600000,-0.600000,-0.600000,-0.600000,-0.600000,0.600000,0.600000,-0.598800,0.600000,0.600000,0.600000,0.600000,-0.600000,-0.600000,0.600000,-0.600000,-0.600000,0.600000,-0.771536,0.600000,-0.600000,-0.600000,0.600000,-0.630792,-0.600000,-0.600000,-0.600000,0.600000,-0.600000,-0.600000,0.600000,-0.600000,0.600000,-0.600000,-0.600000,0.600000,-0.771536,0.600000,0.767982,-0.600000,-0.600000,-0.600000,-0.600000,0.600000,-0.600000,-0.630792,-0.600000,-0.600000,-0.630792,-0.600000,-0.600000,-0.600000,0.600000,-0.600000,0.600000,-0.600000,-0.600000,0.600000,-0.600000,-0.600000,0.600000,-0.600000
12,0.600000,-0.600000,-0.600000,1.000000,-0.600000,-0.600000,-0.600000,0.600000,-0.600000,-0.600000,-0.600000,-0.600000,-0.600000,-0.600000,0.600000,0.600000,-0.598800,0.600000,0.600000,0.600000,0.600000,-0.600000,-0.600000,0.600000,-0.600000,-0.600000,0.600000,-0.792053,0.600000,-0.600000,-0.600000,0.600000,-0.630792,-0.600000,-0.600000,-0.600000,0.600000,-0.600000,-0.600000,0.600000,-0.600000,0.600000,-0.600000,-0.600000,0.600000,-0.792053,0.600000,0.778529,-0.600000,-0.600000,-0.600000,-0.600000,0.600000,-0.600000,-0.630792,-0.600000,-0.600000,-0.630792,-0.600000,-0.600000,-0.600000,0.600000,-0.600000,0.600000,-0.600000,-0.600000,0.600000,-0.600000,-0.600000,0.600000,-0.600000
13,0.600000,-0.600000,-0.600000,1.000000,-0.600000,-0.600000,-0.600000,0.600000,-0.600000,-0.600000,-0.600000,-0.600000,-0.600000,-0.600000,0.600000,0.600000,-0.598800,0.600000,0.600000,0.600000,0.600000,-0.600000,-0.600000,0.600000,-0.600000,-0.600000,0.600000,-0.811182,0.600000,-0.600000,-0.600000,0.600000,-0.630792,-0.600000,-0.600000,-0.600000,0.600000,-0.600000,-0.600000,0.600000,-0.600000,0.600000,-0.600000,-0.600000,0.600000,-0.811182,0.600000,0.790396,-0.600000,-0.600000,-0.600000,-0.600000,0.600000,-0.600000,-0.630792,-0.600000,-0.600000,-0.630792,-0.600000,-0.600000,-0.600000,0.600000,-0.600000,0.600000,-0.600000,-0.600000,0.600000,-0.600000,-0.600000,0.600000,-0.600000
14,0.600000,-0.600000,-0.600000,1.000000,-0.600000,-0.600000,-0.600000,0.600000,-0.600000,-0.600000,-0.600000,-0.600000,-0.600000,-0.600000,0.600000,0.600000,-0.598800,0.600000,0.600000,0.600000,0.600000,-0.600000,-0.600000,0.600000,-0.600000,-0.600000,0.600000,-0.828934,0.600000,-0.600000,-0.600000,0.600000,-0.630792,-0.600000,-0.600000,-0.600000,0.600000,-0.600000,-0.600000,0.600000,-0.600000,0.600000,-0.600000,-0.600000,0.600000,-0.828934,0.600000,0.801791,-0.600000,-0.600000,-0.600000,-0.600000,0.600000,-0.600000,-0.630792,-0.600000,-0.600000,-0.630792,-0.600000,-0.600000,-0.600000,0.600000,-0.600000,0.600000,-0.600000,-0.600000,0.600000,-0.600000,-0.600000,0.600000,-0.600000
15,0.600000,-0.600000,-0.600000,1.000000,-0.600000,-0.600000,-0.600000,0.600000,-0.600000,-0.600000,-0.600000,-0.600000,-0.600000,-0.600000,0.600000,0.600000,-0.598800,0.600000,0.600000,0.600000,0.600000,-0.600000,-0.600000,0.600000,-0.600000,-0.600000,0.600000,-0.845339,0.600000,-0.600000,-0.600000,0.600000,-0.630792,-0.600000,-0.600000,-0.600000,0.600000,-0.600000,-0.600000,0.600000,-0.600000,0.600000,-0.600000,-0.600000,0.600000,-0.845339,0.600000,0.811182,-0.600000,-0.600000,-0.600000,-0.600000,0.600000,-0.600000,-0.630792,-0.600000,-0.600000,-0.630792,-0.600000,-0.600000,-0.600000,0.600000,-0.600000,0.600000,-0.600000,-0.600000,0.600000,-0.600000,-0.600000,0.600000,-0.600000
16,0.600000,-0.600000,-0.600000,1.000000,-0.600000,-0.600000,-0.600000,0.600000,-0.600000,-0.600000,-0.600000,-0.600000,-0.600000,-0.600000,0.600000,0.600000,-0.598800,0.600000,0.600000,0.600000,0.600000,-0.600000,-0.600000,0.600000,-0.600000,-0.600000,0.600000,-0.860437,0.600000,-0.600000,-0.600000,0.600000,-0.630792,-0.600000,-0.600000,-0.600000,0.600000,-0.600000,-0.600000,0.600000,-0.600000,0.600000,-0.600000,-0.600000,0.600000,-0.860437,0.600000,0.820229,-0.600000,-0.600000,-0.600000,-0.600000,0.600000,-0.600000,-0.630792,-0.600000,-0.600000,-0.630792,-0.600000,-0.600000,-0.600000,0.600000,-0.600000,0.600000,-0.600000,-0.600000,0.600000,-0.600000,-0.600000,0.600000,-0.600000
17,0.600000,-0.600000,-0.600000,1.000000,-0.600000,-0.600000,-0.600000,0.600000,-0.600000,-0.600000,-0.600000,-0.600000,-0.600000,-0.600000,0.600000,0.600000,-0.598800,0.600000,0.600000,0.600000,0.600000,-0.600000,-0.600000,0.600000,-0.600000,-0.600000,0.600000,-0.873175,0.600000,-0.600000,-0.600000,0.600000,-0.630792,-0.600000,-0.600000,-0.600000,0.600000,-0.600000,-0.600000,0.600000,-0.600000,0.600000,-0.600000,-0.600000,0.600000,-0.873175,0.600000,0.830352,-0.600000,-0.600000,-0.600000,-0.600000,0.600000,-0.600000,-0.630792,-0.600000,-0.600000,-0.630792,-0.600000,-0.600000,-0.600000,0.600000,-0.600000,0.600000,-0.600000,-0.600000,0.600000,-0.600000,-0.600000,0.600000,-0.600000
18,0.600000,-0.600000,-0.600000,1.000000,-0.600000,-0.600000,-0.600000,0.600000,-0.600000,-0.600000,-0.600000,-0.600000,-0.600000,-0.600000,0.600000,0.600000,-0.597599,0.600000,0.600000,0.600000,0.600000,-0.600000,-0.600000,0.600000,-0.600000,-0.600000,0.600000,-0.877555,0.600000,-0.600000,-0.600000,0.600000,-0.630792,-0.600000,-0.600000,-0.600000,0.600000,-0.600000,-0.600000,0.600000,-0.600000,0.600000,-0.600000,-0.600000,0.600000,-0.877555,0.600000,0.837303,-0.600000,-0.600000,-0.600000,-0.600000,0.600000,-0.600000,-0.630792,-0.600000,-0.600000,-0.630792,-0.600000,-0.600000,-0.600000,0.600000,-0.600000,0.600000,-0.600000,-0.600000,0.600000,-0.600000,-0.600000,0.600000,-0.600000
19,0.600000,-0.600000,-0.600000,1.000000,-0.600000,-0.600000,-0.600000,0.600000,-0.600000,-0.600000,-0.600000,-0.600000,-0.600000,-0.600000,0.600000,0.600000,-0.597599,0.600000,0.600000,0.600000,0.600000,-0.600000,-0.600000,0.600000,-0.600000,-0.600000,0.600000,-0.889922,0.600000,-0.600000,-0.600000,0.600000,-0.630792,-0.600000,-0.600000,-0.600000,0.600000,-0.600000,-0.600000,0.600000,-0.600000,0.600000,-0.600000,-0.600000,0.600000,-0.889922,0.600000,0.845339,-0.600000,-0.600000,-0.600000,-0.600000,0.600000,-0.600000,-0.630792,-0.600000,-0.600000,-0.630792,-0.600000,-0.600000,-0.600000,0.600000,-0.600000,0.600000,-0.600000,-0.600000,0.600000,-0.600000,-0.600000,0.600000,-0.600000
20,0.600000,-0.600000,-0.600000,1.000000,-0.600000,-0.600000,-0.600000,0.600000,-0.600000,-0.600000,-0.600000,-0.600000,-0.600000,-0.600000,0.600000,0.600000,-0.597599,0.600000,0.600000,0.600000,0.600000,-0.600000,-0.600000,0.600000,-0.600000,-0.600000,0.600000,-0.901182,0.600000,-0.600000,-0.600000,0.600000,-0.630792,-0.600000,-0.600000,-0.600000,0.600000,-0.600000,-0.600000,0.600000,-0.600000,0.600000,-0.600000,-0.600000,0.600000,-0.901182,0.600000,0.853048,-0.600000,-0.600000,-0.600000,-0.600000,0.600000,-0.600000,-0.630792,-0.600000,-0.600000,-0.630792,-0.600000,-0.600000,-0.600000,0.600000,-0.600000,0.600000,-0.600000,-0.600000,0.600000,-0.600000,-0.600000,0.600000,-0.600000
21,0.600000,-0.600000,-0.600000,1.000000,-0.600000,-0.600000,-0.600000,0.600000,-0.600000,-0.600000,-0.600000,-0.600000,-0.600000,-0.600000,0.600000,0.600000,-0.597599,0.600000,0.600000,0.600000,0.600000,-0.600000,-0.600000,0.600000,-0.600000,-0.600000,0.600000,-0.911405,0.600000,-0.600000,-0.600000,0.600000,-0.630792,-0.600000,-0.600000,-0.600000,0.600000,-0.600000,-0.600000,0.600000,-0.600000,0.600000,-0.600000,-0.600000,0.600000,-0.911405,0.600000,0.862830,-0.600000,-0.600000,-0.600000,-0.600000,0.600000,-0.600000,-0.630792,-0.600000,-0.600000,-0.630792,-0.600000,-0.600000,-0.600000,0.600000,-0.600000,0.600000,-0.600000,-0.600000,0.600000,-0.600000,-0.600000,0.600000,-0.600000
22,0.600000,-0.600000,-0.600000,1.000000,-0.600000,-0.600000,-0.600000,0.600000,-0.600000,-0.600000,-0.600000,-0.600000,-0.600000,-0.600000,0.600000,0.600000,-0.597599,0.600000,0.600000,0.600000,0.600000,-0.600000,-0.600000,0.600000,-0.600000,-0.600000,0.600000,-0.916919,0.600000,-0.600000,-0.600000,0.600000,-0.630792,-0.600000,-0.600000,-0.600000,0.600000,-0.600000,-0.600000,0.600000,-0.600000,0.600000,-0.600000,-0.600000,0.600000,-0.916919,0.600000,0.870936,-0.600000,-0.600000,-0.600000,-0.600000,0.600000,-0.600000,-0.630792,-0.600000,-0.600000,-0.630792,-0.600000,-0.600000,-0.600000,0.600000,-0.600000,0.600000,-0.600000,-0.600000,0.600000,-0.600000,-0.600000,0.600000,-0.600000
23,0.600000,-0.600000,-0.600000,1.000000,-0.600000,-0.600000,-0.600000,0.600000,-0.600000,-0.600000,-0.600000,-0.600000,-0.600000,-0.600000,0.600000,0.600000,-0.597599,0.600000,0.600000,0.600000,0.600000,-0.600000,-0.600000,0.600000,-0.600000,-0.600000,0.600000,-0.925650,0.600000,-0.600000,-0.600000,0.600000,-0.630792,-0.600000,-0.600000,-0.600000,0.600000,-0.600000,-0.600000,0.600000,-0.600000,0.600000,-0.600000,-0.600000,0.600000,-0.925650,0.600000,0.877555,-0.600000,-0.600000,-0.600000,-0.600000,0.600000,-0.600000,-0.630792,-0.600000,-0.600000,-0.630792,-0.600000,-0.600000,-0.600000,0.600000,-0.600000,0.600000,-0.600000,-0.600000,0.600000,-0.600000,-0.600000,0.600000,-0.600000
24,0.600000,-0.600000,-0.600000,1.000000,-0.600000,-0.600000,-0.600000,0.600000,-0.600000,-0.600000,-0.600000,-0.600000,-0.600000,-0.600000,0.600000,0.600000,-0.597599,0.600000,0.600000,0.600000,0.600000,-0.600000,-0.600000,0.600000,-0.600000,-0.600000,0.600000,-0.933531,0.600000,-0.600000,-0.600000,0.600000,-0.630792,-0.600000,-0.600000,-0.600000,0.600000,-0.600000,-0.600000,0.600000,-0.600000,0.600000,-0.600000,-0.600000,0.600000,-0.933531,0.600000,0.883881,-0.600000,-0.600000,-0.600000,-0.600000,0.600000,-0.600000,-0.630792,-0.600000,-0.600000,-0.630792,-0.600000,-0.600000,-0.600000,0.600000,-0.600000,0.600000,-0.600000,-0.600000,0.600000,-0.600000,-0.600000,0.600000,-0.600000
25,0.600000,-0.600000,-0.600000,1.000000,-0.600000,-0.600000,-0.600000,0.600000,-0.600000,-0.600000,-0.600000,-0.600000,-0.600000,-0.600000,0.600000,0.600000,-0.597599,0.600000,0.600000,0.600000,0.600000,-0.600000,-0.600000,0.600000,-0.600000,-0.600000,0.600000,-0.940630,0.600000,-0.600000,-0.600000,0.600000,-0.630792,-0.600000,-0.600000,-0.600000,0.600000,-0.600000,-0.600000,0.600000,-0.600000,0.600000,-0.600000,-0.600000,0.600000,-0.940630,0.600000,0.889922,-0.600000,-0.600000,-0.600000,-0.600000,0.600000,-0.600000,-0.630792,-0.600000,-0.600000,-0.630792,-0.600000,-0.600000,-0.600000,0.600000,-0.600000,0.600000,-0.600000,-0.600000,0.600000,-0.600000,-0.600000,0.600000,-0.600000
26,0.600000,-0.600000,-0.600000,1.000000,-0.600000,-0.600000,-0.600000,0.600000,-0.600000,-0.600000,-0.600000,-0.600000,-0.600000,-0.600000,0.600000,0.600000,-0.597599,0.600000,0.600000,0.600000,0.600000,-0.600000,-0.600000,0.600000,-0.600000,-0.600000,0.600000,-0.947014,0.600000,-0.600000,-0.600000,0.600000,-0.630792,-0.600000,-0.600000,-0.600000,0.600000,-0.600000,-0.600000,0.600000,-0.600000,0.600000,-0.600000,-0.600000,0.600000,-0.947014,0.600000,0.895686,-0.600000,-0.600000,-0.600000,-0.600000,0.600000,-0.600000,-0.630792,-0.600000,-0.600000,-0.630792,-0.600000,-0.600000,-0.600000,0.600000,-0.600000,0.600000,-0.600000,-0.600000,0.600000,-0.600000,-0.600000,0.600000,-0.600000
27,0.600000,-0.600000,-0.600000,1.000000,-0.600000,-0.600000,-0.600000,0.600000,-0.600000,-0.600000,-0.600000,-0.600000,-0.600000,-0.600000,0.600000,0.600000,-0.597599,0.600000,0.600000,0.600000,0.600000,-0.600000,-0.600000,0.600000,-0.600000,-0.600000,0.600000,-0.952747,0.600000,-0.600000,-0.600000,0.600000,-0.630792,-0.600000,-0.600000,-0.600000,0.600000,-0.600000,-0.600000,0.600000,-0.600000,0.600000,-0.600000,-0.600000,0.600000,-0.952747,0.600000,0.902072,-0.600000,-0.600000,-0.600000,-0.600000,0.600000,-0.600000,-0.630792,-0.600000,-0.600000,-0.630792,-0.600000,-0.600000,-0.600000,0.600000,-0.600000,0.600000,-0.600000,-0.600000,0.600000,-0.600000,-0.600000,0.600000,-0.600000
28,0.600000,-0.600000,-0.600000,1.000000,-0.600000,-0.600000,-0.600000,0.600000,-0.600000,-0.600000,-0.600000,-0.600000,-0.600000,-0.600000,0.600000,0.600000,-0.597599,0.600000,0.600000,0.600000,0.600000,-0.600000,-0.600000,0.600000,-0.600000,-0.600000,0.600000,-0.957888,0.600000,-0.600000,-0.600000,0.600000,-0.630792,-0.600000,-0.600000,-0.600000,0.600000,-0.600000,-0.600000,0.600000,-0.600000,0.600000,-0.600000,-0.600000,0.600000,-0.957888,0.600000,0.907267,-0.600000,-0.600000,-0.600000,-0.600000,0.600000,-0.600000,-0.630792,-0.600000,-0.600000,-0.630792,-0.600000,-0.600000,-0.600000,0.600000,-0.600000,0.600000,-0.600000,-0.600000,0.600000,-0.600000,-0.600000,0.600000,-0.600000
29,0.600000,-0.600000,-0.600000,1.000000,-0.600000,-0.600000,-0.600000,0.600000,-0.600000,-0.600000,-0.600000,-0.600000,-0.600000,-0.600000,0.600000,0.600000,-0.597599,0.600000,0.600000,0.600000,0.600000,-0.600000,-0.600000,0.600000,-0.600000,-0.600000,0.600000,-0.962491,0.600000,-0.600000,-0.600000,0.600000,-0.630792,-0.600000,-0.600000,-0.600000,0.600000,-0.600000,-0.600000,0.600000,-0.600000,0.600000,-0.600000,-0.600000,0.600000,-0.962491,0.600000,0.912212,-0.600000,-0.600000,-0.600000,-0.600000,0.600000,-0.600000,-0.630792,-0.600000,-0.600000,-0.630792,-0.600000,-0.600000,-0.600000,0.600000,-0.600000,0.600000,-0.600000,-0.600000,0.600000,-0.600000,-0.600000,0.600000,-0.600000
30,0.600000,-0.600000,-0.600000,1.000000,-0.600000,-0.600000,-0.600000,0.600000,-0.600000,-0.600000,-0.600000,-0.600000,-0.600000,-0.600000,0.600000,0.600000,-0.597599,0.600000,0.600000,0.600000,0.600000,-0.600000,-0.600000,0.600000,-0.600000,-0.600000,0.600000,-0.966609,0.600000,-0.600000,-0.600000,0.600000,-0.630792,-0.600000,-0.600000,-0.600000,0.600000,-0.600000,-0.600000,0.600000,-0.600000,0.600000,-0.600000,-0.600000,0.600000,-0.966609,0.600000,0.917681,-0.600000,-0.600000,-0.600000,-0.600000,0.600000,-0.600000,-0.630792,-0.600000,-0.600000,-0.630792,-0.600000,-0.600000,-0.600000,0.600000,-0.600000,0.600000,-0.600000,-0.600000,0.600000,-0.600000,-0.600000,0.600000,-0.600000
31,0.600000,-0.600000,-0.600000,1.000000,-0.600000,-0.600000,-0.600000,0.600000,-0.600000,-0.600000,-0.600000,-0.600000,-0.600000,-0.600000,0.600000,0.600000,-0.597599,0.600000,0.600000,0.600000,0.600000,-0.600000,-0.600000,0.600000,-0.600000,-0.600000,0.600000,-0.970289,0.600000,-0.600000,-0.600000,0.600000,-0.630792,-0.600000,-0.600000,-0.600000,0.600000,-0.600000,-0.600000,0.600000,-0.600000,0.600000,-0.600000,-0.600000,0.600000,-0.970289,0.600000,0.922119,-0.600000,-0.600000,-0.600000,-0.600000,0.600000,-0.600000,-0.630792,-0.600000,-0.600000,-0.630792,-0.600000,-0.600000,-0.600000,0.600000,-0.600000,0.600000,-0.600000,-0.600000,0.600000,-0.600000,-0.600000,0.600000,-0.600000
32,0.600000,-0.600000,-0.600000,1.000000,-0.600000,-0.600000,-0.600000,0.600000,-0.600000,-0.600000,-0.600000,-0.600000,-0.600000,-0.600000,0.600000,0.600000,-0.597599,0.600000,0.600000,0.600000,0.600000,-0.600000,-0.600000,0.600000,-0.600000,-0.600000,0.600000,-0.973574,0.600000,-0.600000,-0.600000,0.600000,-0.630792,-0.600000,-0.600000,-0.600000,0.600000,-0.600000,-0.600000,0.600000,-0.600000,0.600000,-0.600000,-0.600000,0.600000,-0.973574,0.600000,0.927021,-0.600000,-0.600000,-0.600000,-0.600000,0.600000,-0.600000,-0.630792,-0.600000,-0.600000,-0.630792,-0.600000,-0.600000,-0.600000,0.600000,-0.600000,0.600000,-0.600000,-0.600000,0.600000,-0.600000,-0.600000,0.600000,-0.600000
33,0.600000,-0.600000,-0.600000,1.000000,-0.600000,-0.600000,-0.600000,0.600000,-0.600000,-0.600000,-0.600000,-0.600000,-0.600000,-0.600000,0.600000,0.600000,-0.597599,0.600000,0.600000,0.600000,0.600000,-0.600000,-0.600000,0.600000,-0.600000,-0.600000,0.600000,-0.976505,0.600000,-0.600000,-0.600000,0.600000,-0.630792,-0.600000,-0.600000,-0.600000,0.600000,-0.600000,-0.600000,0.600000,-0.600000,0.600000,-0.600000,-0.600000,0.600000,-0.976505,0.600000,0.931636,-0.600000,-0.600000,-0.600000,-0.600000,0.600000,-0.600000,-0.630792,-0.600000,-0.600000,-0.630792,-0.600000,-0.600000,-0.600000,0.600000,-0.600000,0.600000,-0.600000,-0.600000,0.600000,-0.600000,-0.600000,0.600000,-0.600000
34,0.600000,-0.600000,-0.600000,1.000000,-0.600000,-0.600000,-0.600000,0.600000,-0.600000,-0.600000,-0.600000,-0.600000,-0.600000,-0.600000,0.600000,0.600000,-0.597599,0.600000,0.600000,0.600000,0.600000,-0.600000,-0.600000,0.600000,-0.600000,-0.600000,0.600000,-0.979119,0.600000,-0.600000,-0.600000,0.600000,-0.630792,-0.600000,-0.600000,-0.600000,0.600000,-0.600000,-0.600000,0.600000,-0.600000,0.600000,-0.600000,-0.600000,0.600000,-0.979119,0.600000,0.935376,-0.600000,-0.600000,-0.600000,-0.600000,0.600000,-0.600000,-0.630792,-0.600000,-0.600000,-0.630792,-0.600000,-0.600000,-0.600000,0.600000,-0.600000,0.600000,-0.600000,-0.600000,0.600000,-0.600000,-0.600000,0.600000,-0.600000
35,0.600000,-0.600000,-0.600000,1.000000,-0.600000,-0.600000,-0.600000,0.600000,-0.600000,-0.600000,-0.600000,-0.600000,-0.600000,-0.600000,0.600000,0.600000,-0.597599,0.600000,0.600000,0.600000,0.600000,-0.600000,-0.600000,0.600000,-0.600000,-0.600000,0.600000,-0.981447,0.600000,-0.600000,-0.600000,0.600000,-0.630792,-0.600000,-0.600000,-0.600000,0.600000,-0.600000,-0.600000,0.600000,-0.600000,0.600000,-0.600000,-0.600000,0.600000,-0.981447,0.600000,0.939498,-0.600000,-0.600000,-0.600000,-0.600000,0.600000,-0.600000,-0.630792,-0.600000,-0.600000,-0.630792,-0.600000,-0.600000,-0.600000,0.600000,-0.600000,0.600000,-0.600000,-0.600000,0.600000,-0.600000,-0.600000,0.600000,-0.600000
36,0.600000,-0.600000,-0.600000,1.000000,-0.600000,-0.600000,-0.600000,0.600000,-0.600000,-0.600000,-0.600000,-0.600000,-0.600000,-0.600000,0.600000,0.600000,-0.597599,0.600000,0.600000,0.600000,0.600000,-0.600000,-0.600000,0.600000,-0.600000,-0.600000,0.600000,-0.983519,0.600000,-0.600000,-0.600000,0.600000,-0.630792,-0.600000,-0.600000,-0.600000,0.600000,-0.600000,-0.600000,0.600000,-0.600000,0.600000,-0.600000,-0.600000,0.600000,-0.983519,0.600000,0.942834,-0.600000,-0.600000,-0.600000,-0.600000,0.600000,-0.600000,-0.630792,-0.600000,-0.600000,-0.630792,-0.600000,-0.600000,-0.600000,0.600000,-0.600000,0.600000,-0.600000,-0.600000,0.600000,-0.600000,-0.600000,0.600000,-0.600000
37,0.600000,-0.600000,-0.600000,1.000000,-0.600000,-0.600000,-0.600000,0.600000,-0.600000,-0.600000,-0.600000,-0.600000,-0.600000,-0.600000,0.600000,0.600000,-0.597599,0.600000,0.600000,0.600000,0.600000,-0.600000,-0.600000,0.600000,-0.600000,-0.600000,0.600000,-0.985364,0.600000,-0.600000,-0.600000,0.600000,-0.630792,-0.600000,-0.600000,-0.600000,0.600000,-0.600000,-0.600000,0.600000,-0.600000,0.600000,-0.600000,-0.600000,0.600000,-0.985364,0.600000,0.946508,-0.600000,-0.600000,-0.600000,-0.600000,0.600000,-0.600000,-0.630792,-0.600000,-0.600000,-0.630792,-0.600000,-0.600000,-0.600000,0.600000,-0.600000,0.600000,-0.600000,-0.600000,0.600000,-0.600000,-0.600000,0.600000,-0.600000
38,0.600000,-0.600000,-0.600000,1.000000,-0.600000,-0.600000,-0.600000,0.600000,-0.600000,-0.600000,-0.600000,-0.600000,-0.600000,-0.600000,0.600000,0.600000,-0.597599,0.600000,0.600000,0.600000,0.600000,-0.600000,-0.600000,0.600000,-0.600000,-0.600000,0.600000,-0.987005,0.600000,-0.600000,-0.600000,0.600000,-0.630792,-0.600000,-0.600000,-0.600000,0.600000,-0.600000,-0.600000,0.600000,-0.600000,0.600000,-0.600000,-0.600000,0.600000,-0.987005,0.600000,0.949958,-0.600000,-0.600000,-0.600000,-0.600000,0.600000,-0.600000,-0.630792,-0.600000,-0.600000,-0.630792,-0.600000,-0.600000,-0.600000,0.600000,-0.600000,0.600000,-0.600000,-0.600000,0.600000,-0.600000,-0.600000,0.600000,-0.600000
39,0.600000,-0.600000,-0.600000,1.000000,-0.600000,-0.600000,-0.600000,0.600000,-0.600000,-0.600000,-0.600000,-0.600000,-0.600000,-0.600000,0.600000,0.600000,-0.597599,0.600000,0.600000,0.600000,0.600000,-0.600000,-0.600000,0.600000,-0.600000,-0.600000,0.600000,-0.988464,0.600000,-0.600000,-0.600000,0.600000,-0.630792,-0.600000,-0.600000,-0.600000,0.600000,-0.600000,-0.600000,0.600000,-0.600000,0.600000,-0.600000,-0.600000,0.600000,-0.988464,0.600000,0.952747,-0.600000,-0.600000,-0.600000,-0.600000,0.600000,-0.600000,-0.630792,-0.600000,-0.600000,-0.630792,-0.600000,-0.600000,-0.600000,0.600000,-0.600000,0.600000,-0.600000,-0.600000,0.600000,-0.600000,-0.600000,0.600000,-0.600000
40,0.600000,-0.600000,-0.600000,1.000000,-0.600000,-0.600000,-0.600000,0.600000,-0.600000,-0.600000,-0.600000,-0.600000,-0.600000,-0.600000,0.600000,0.600000,-0.597599,0.600000,0.600000,0.600000,0.600000,-0.600000,-0.600000,0.600000,-0.600000,-0.600000,0.600000,-0.989761,0.600000,-0.600000,-0.600000,0.600000,-0.630792,-0.600000,-0.600000,-0.600000,0.600000,-0.600000,-0.600000,0.600000,-0.600000,0.600000,-0.600000,-0.600000,0.600000,-0.989761,0.600000,0.955814,-0.600000,-0.600000,-0.600000,-0.600000,0.600000,-0.600000,-0.630792,-0.600000,-0.600000,-0.630792,-0.600000,-0.600000,-0.600000,0.600000,-0.600000,0.600000,-0.600000,-0.600000,0.600000,-0.600000,-0.600000,0.600000,-0.600000
41,0.600000,-0.600000,-0.600000,1.000000,-0.600000,-0.600000,-0.600000,0.600000,-0.600000,-0.600000,-0.600000,-0.600000,-0.600000,-0.600000,0.600000,0.600000,-0.597599,0.600000,0.600000,0.600000,0.600000,-0.600000,-0.600000,0.600000,-0.600000,-0.600000,0.600000,-0.990914,0.600000,-0.600000,-0.600000,0.600000,-0.630792,-0.600000,-0.600000,-0.600000,0.600000,-0.600000,-0.600000,0.600000,-0.600000,0.600000,-0.600000,-0.600000,0.600000,-0.990914,0.600000,0.958291,-0.600000,-0.600000,-0.600000,-0.600000,0.600000,-0.600000,-0.630792,-0.600000,-0.600000,-0.630792,-0.600000,-0.600000,-0.600000,0.600000,-0.600000,0.600000,-0.600000,-0.600000,0.600000,-0.600000,-0.600000,0.600000,-0.600000
42,0.600000,-0.600000,-0.600000,1.000000,-0.600000,-0.600000,-0.600000,0.600000,-0.600000,-0.600000,-0.600000,-0.600000,-0.600000,-0.600000,0.600000,0.600000,-0.597599,0.600000,0.600000,0.600000,0.600000,-0.600000,-0.600000,0.600000,-0.600000,-0.600000,0.600000,-0.991938,0.600000,-0.600000,-0.600000,0.600000,-0.630792,-0.600000,-0.600000,-0.600000,0.600000,-0.600000,-0.600000,0.600000,-0.600000,0.600000,-0.600000,-0.600000,0.600000,-0.991938,0.600000,0.961013,-0.600000,-0.600000,-0.600000,-0.600000,0.600000,-0.600000,-0.630792,-0.600000,-0.600000,-0.630792,-0.600000,-0.600000,-0.600000,0.600000,-0.600000,0.600000,-0.600000,-0.600000,0.600000,-0.600000,-0.600000,0.600000,-0.600000
43,0.600000,-0.600000,-0.600000,1.000000,-0.600000,-0.600000,-0.600000,0.600000,-0.600000,-0.600000,-0.600000,-0.600000,-0.600000,-0.600000,0.600000,0.600000,-0.597599,0.600000,0.600000,0.600000,0.600000,-0.600000,-0.600000,0.600000,-0.600000,-0.600000,0.600000,-0.992847,0.600000,-0.600000,-0.600000,0.600000,-0.630792,-0.600000,-0.600000,-0.600000,0.600000,-0.600000,-0.600000,0.600000,-0.600000,0.600000,-0.600000,-0.600000,0.600000,-0.992847,0.600000,0.963564,-0.600000,-0.600000,-0.600000,-0.600000,0.600000,-0.600000,-0.630792,-0.600000,-0.600000,-0.630792,-0.600000,-0.600000,-0.600000,0.600000,-0.600000,0.600000,-0.600000,-0.600000,0.600000,-0.600000,-0.600000,0.600000,-0.600000
44,0.600000,-0.600000,-0.600000,1.000000,-0.600000,-0.600000,-0.600000,0.600000,-0.600000,-0.600000,-0.600000,-0.600000,-0.600000,-0.600000,0.600000,0.600000,-0.597599,0.600000,0.600000,0.600000,0.600000,-0.600000,-0.600000,0.600000,-0.600000,-0.600000,0.600000,-0.993655,0.600000,-0.600000,-0.600000,0.600000,-0.630792,-0.600000,-0.600000,-0.600000,0.600000,-0.600000,-0.600000,0.600000,-0.600000,0.600000,-0.600000,-0.600000,0.600000,-0.993655,0.600000,0.965954,-0.600000,-0.600000,-0.600000,-0.600000,0.600000,-0.600000,-0.630792,-0.600000,-0.600000,-0.630792,-0.600000,-0.600000,-0.600000,0.600000,-0.600000,0.600000,-0.600000,-0.600000,0.600000,-0.600000,-0.600000,0.600000,-0.600000
45,0.600000,-0.600000,-0.600000,1.000000,-0.600000,-0.600000,-0.600000,0.600000,-0.600000,-0.600000,-0.600000,-0.600000,-0.600000,-0.600000,0.600000,0.600000,-0.597599,0.600000,0.600000,0.600000,0.600000,-0.600000,-0.600000,0.600000,-0.600000,-0.600000,0.600000,-0.994315,0.600000,-0.600000,-0.600000,0.600000,-0.630792,-0.600000,-0.600000,-0.600000,0.600000,-0.600000,-0.600000,0.600000,-0.600000,0.600000,-0.600000,-0.600000,0.600000,-0.994315,0.600000,0.967882,-0.600000,-0.600000,-0.600000,-0.600000,0.600000,-0.600000,-0.630792,-0.600000,-0.600000,-0.630792,-0.600000,-0.600000,-0.600000,0.600000,-0.600000,0.600000,-0.600000,-0.600000,0.600000,-0.600000,-0.600000,0.600000,-0.600000
46,0.600000,-0.600000,-0.600000,1.000000,-0.600000,-0.600000,-0.600000,0.600000,-0.600000,-0.600000,-0.600000,-0.600000,-0.600000,-0.600000,0.600000,0.600000,-0.597599,0.600000,0.600000,0.600000,0.600000,-0.600000,-0.600000,0.600000,-0.600000,-0.600000,0.600000,-0.994958,0.600000,-0.600000,-0.600000,0.600000,-0.630792,-0.600000,-0.600000,-0.600000,0.600000,-0.600000,-0.600000,0.600000,-0.600000,0.600000,-0.600000,-0.600000,0.600000,-0.994958,0.600000,0.969704,-0.600000,-0.600000,-0.600000,-0.600000,0.600000,-0.600000,-0.630792,-0.600000,-0.600000,-0.630792,-0.600000,-0.600000,-0.600000,0.600000,-0.600000,0.600000,-0.600000,-0.600000,0.600000,-0.600000,-0.600000,0.600000,-0.600000
47,0.600000,-0.600000,-0.600000,1.000000,-0.600000,-0.600000,-0.600000,0.600000,-0.600000,-0.600000,-0.600000,-0.600000,-0.600000,-0.600000,0.600000,0.600000,-0.597599,0.600000,0.600000,0.600000,0.600000,-0.600000,-0.600000,0.600000,-0.600000,-0.600000,0.600000,-0.995528,0.600000,-0.600000,-0.600000,0.600000,-0.630792,-0.600000,-0.600000,-0.600000,0.600000,-0.600000,-0.600000,0.600000,-0.600000,0.600000,-0.600000,-0.600000,0.600000,-0.995528,0.600000,0.971426,-0.600000,-0.600000,-0.600000,-0.600000,0.600000,-0.600000,-0.630792,-0.600000,-0.600000,-0.630792,-0.600000,-0.600000,-0.600000,0.600000,-0.600000,0.600000,-0.600000,-0.600000,0.600000,-0.600000,-0.600000,0.600000,-0.600000
48,0.600000,-0.600000,-0.600000,1.000000,-0.600000,-0.600000,-0.600000,0.600000,-0.600000,-0.600000,-0.600000,-0.600000,-0.600000,-0.600000,0.600000,0.600000,-0.597599,0.600000,0.600000,0.600000,0.600000,-0.600000,-0.600000,0.600000,-0.600000,-0.600000,0.600000,-0.996034,0.600000,-0.600000,-0.600000,0.600000,-0.630792,-0.600000,-0.600000,-0.600000,0.600000,-0.600000,-0.600000,0.600000,-0.600000,0.600000,-0.600000,-0.600000,0.600000,-0.996034,0.600000,0.973052,-0.600000,-0.600000,-0.600000,-0.600000,0.600000,-0.600000,-0.630792,-0.600000,-0.600000,-0.630792,-0.600000,-0.600000,-0.600000,0.600000,-0.600000,0.600000,-0.600000,-0.600000,0.600000,-0.600000,-0.600000,0.600000,-0.600000
49,0.600000,-0.600000,-0.600000,1.000000,-0.600000,-0.600000,-0.600000,0.600000,-0.600000,-0.600000,-0.600000,-0.600000,-0.600000,-0.600000,0.600000,0.600000,-0.597599,0.600000,0.600000,0.600000,0.600000,-0.600000,-0.600000,0.600000,-0.600000,-0.600000,0.600000,-0.996483,0.600000,-0.600000,-0.600000,0.600000,-0.630792,-0.600000,-0.600000,-0.600000,0.600000,-0.600000,-0.600000,0.600000,-0.600000,0.600000,-0.600000,-0.600000,0.600000,-0.996483,0.600000,0.974589,-0.600000,-0.600000,-0.600000,-0.600000,0.600000,-0.600000,-0.630792,-0.600000,-0.600000,-0.630792,-0.600000,-0.600000,-0.600000,0.600000,-0.600000,0.600000,-0.600000,-0.600000,0.600000,-0.600000,-0.600000,0.600000,-0.600000
50,0.600000,-0.600000,-0.600000,1.000000,-0.600000,-0.600000,-0.600000,0.600000,-0.600000,-0.600000,-0.600000,-0.600000,-0.600000,-0.600000,0.600000,0.600000,-0.597599,0.600000,0.600000,0.600000,0.600000,-0.600000,-0.600000,0.600000,-0.600000,-0.600000,0.600000,-0.996881,0.600000,-0.600000,-0.600000,0.600000,-0.630792,-0.600000,-0.600000,-0.600000,0.600000,-0.600000,-0.600000,0.600000,-0.600000,0.600000,-0.600000,-0.600000,0.600000,-0.996881,0.600000,0.976274,-0.600000,-0.600000,-0.600000,-0.600000,0.600000,-0.600000,-0.630792,-0.600000,-0.600000,-0.630792,-0.600000,-0.600000,-0.600000,0.600000,-0.600000,0.600000,-0.600000,-0.600000,0.600000,-0.600000,-0.600000,0.600000,-0.600000
51,0.600000,-0.600000,-0.600000,1.000000,-0.600000,-0.600000,-0.600000,0.600000,-0.600000,-0.600000,-0.600000,-0.600000,-0.600000,-0.600000,0.600000,0.600000,-0.597599,0.600000,0.600000,0.600000,0.600000,-0.600000,-0.600000,0.600000,-0.600000,-0.600000,0.600000,-0.997235,0.600000,-0.600000,-0.600000,0.600000,-0.630792,-0.600000,-0.600000,-0.600000,0.600000,-0.600000,-0.600000,0.600000,-0.600000,0.600000,-0.600000,-0.600000,0.600000,-0.997235,0.600000,0.977631,-0.600000,-0.600000,-0.600000,-0.600000,0.600000,-0.600000,-0.630792,-0.600000,-0.600000,-0.630792,-0.600000,-0.600000,-0.600000,0.600000,-0.600000,0.600000,-0.600000,-0.600000,0.600000,-0.600000,-0.600000,0.600000,-0.600000
52,0.600000,-0.600000,-0.600000,1.000000,-0.600000,-0.600000,-0.600000,0.600000,-0.600000,-0.600000,-0.600000,-0.600000,-0.600000,-0.600000,0.600000,0.600000,-0.597599,0.600000,0.600000,0.600000,0.600000,-0.600000,-0.600000,0.600000,-0.600000,-0.600000,0.600000,-0.997548,0.600000,-0.600000,-0.600000,0.600000,-0.630792,-0.600000,-0.600000,-0.600000,0.600000,-0.600000,-0.600000,0.600000,-0.600000,0.600000,-0.600000,-0.600000,0.600000,-0.997548,0.600000,0.978912,-0.600000,-0.600000,-0.600000,-0.600000,0.600000,-0.600000,-0.630792,-0.600000,-0.600000,-0.630792,-0.600000,-0.600000,-0.600000,0.600000,-0.600000,0.600000,-0.600000,-0.600000,0.600000,-0.600000,-0.600000,0.600000,-0.600000
53,0.600000,-0.600000,-0.600000,1.000000,-0.600000,-0.600000,-0.600000,0.600000,-0.600000,-0.600000,-0.600000,-0.600000,-0.600000,-0.600000,0.600000,0.600000,-0.597599,0.600000,0.600000,0.600000,0.600000,-0.600000,-0.600000,0.600000,-0.600000,-0.600000,0.600000,-0.997826,0.600000,-0.600000,-0.600000,0.600000,-0.630792,-0.600000,-0.600000,-0.600000,0.600000,-0.600000,-0.600000,0.600000,-0.600000,0.600000,-0.600000,-0.600000,0.600000,-0.997826,0.600000,0.980121,-0.600000,-0.600000,-0.600000,-0.600000,0.600000,-0.600000,-0.630792,-0.600000,-0.600000,-0.630792,-0.600000,-0.600000,-0.600000,0.600000,-0.600000,0.600000,-0.600000,-0.600000,0.600000,-0.600000,-0.600000,0.600000,-0.600000
54,0.600000,-0.600000,-0.600000,1.000000,-0.600000,-0.600000,-0.600000,0.600000,-0.600000,-0.600000,-0.600000,-0.600000,-0.600000,-0.600000,0.600000,0.600000,-0.597599,0.600000,0.600000,0.600000,0.600000,-0.600000,-0.600000,0.600000,-0.600000,-0.600000,0.600000,-0.998073,0.600000,-0.600000,-0.600000,0.600000,-0.630792,-0.600000,-0.600000,-0.600000,0.600000,-0.600000,-0.600000,0.600000,-0.600000,0.600000,-0.600000,-0.600000,0.600000,-0.998073,0.600000,0.981629,-0.600000,-0.600000,-0.600000,-0.600000,0.600000,-0.600000,-0.630792,-0.600000,-0.600000,-0.630792,-0.600000,-0.600000,-0.600000,0.600000,-0.600000,0.600000,-0.600000,-0.600000,0.600000,-0.600000,-0.600000,0.600000,-0.600000
55,0.600000,-0.600000,-0.600000,1.000000,-0.600000,-0.600000,-0.600000,0.600000,-0.600000,-0.600000,-0.600000,-0.600000,-0.600000,-0.600000,0.600000,0.600000,-0.597599,0.600000,0.600000,0.600000,0.600000,-0.600000,-0.600000,0.600000,-0.600000,-0.600000,0.600000,-0.998291,0.600000,-0.600000,-0.600000,0.600000,-0.630792,-0.600000,-0.600000,-0.600000,0.600000,-0.600000,-0.600000,0.600000,-0.600000,0.600000,-0.600000,-0.600000,0.600000,-0.998291,0.600000,0.982685,-0.600000,-0.600000,-0.600000,-0.600000,0.600000,-0.600000,-0.630792,-0.600000,-0.600000,-0.630792,-0.600000,-0.600000,-0.600000,0.600000,-0.600000,0.600000,-0.600000,-0.600000,0.600000,-0.600000,-0.600000,0.600000,-0.600000
56,0.600000,-0.600000,-0.600000,1.000000,-0.600000,-0.600000,-0.600000,0.600000,-0.600000,-0.600000,-0.600000,-0.600000,-0.600000,-0.600000,0.600000,0.600000,-0.597599,0.600000,0.600000,0.600000,0.600000,-0.600000,-0.600000,0.600000,-0.600000,-0.600000,0.600000,-0.998454,0.600000,-0.600000,-0.600000,0.600000,-0.630792,-0.600000,-0.600000,-0.600000,0.600000,-0.600000,-0.600000,0.600000,-0.600000,0.600000,-0.600000,-0.600000,0.600000,-0.998454,0.600000,0.983842,-0.600000,-0.600000,-0.600000,-0.600000,0.600000,-0.600000,-0.630792,-0.600000,-0.600000,-0.630792,-0.600000,-0.600000,-0.600000,0.600000,-0.600000,0.600000,-0.600000,-0.600000,0.600000,-0.600000,-0.600000,0.600000,-0.600000
57,0.600000,-0.600000,-0.600000,1.000000,-0.600000,-0.600000,-0.600000,0.600000,-0.600000,-0.600000,-0.600000,-0.600000,-0.600000,-0.600000,0.600000,0.600000,-0.597599,0.600000,0.600000,0.600000,0.600000,-0.600000,-0.600000,0.600000,-0.600000,-0.600000,0.600000,-0.998574,0.600000,-0.600000,-0.600000,0.600000,-0.630792,-0.600000,-0.600000,-0.600000,0.600000,-0.600000,-0.600000,0.600000,-0.600000,0.600000,-0.600000,-0.600000,0.600000,-0.998574,0.600000,0.984773,-0.600000,-0.600000,-0.600000,-0.600000,0.600000,-0.600000,-0.630792,-0.600000,-0.600000,-0.630792,-0.600000,-0.600000,-0.600000,0.600000,-0.600000,0.600000,-0.600000,-0.600000,0.600000,-0.600000,-0.600000,0.600000,-0.600000
58,0.600000,-0.600000,-0.600000,1.000000,-0.600000,-0.600000,-0.600000,0.600000,-0.600000,-0.600000,-0.600000,-0.600000,-0.600000,-0.600000,0.600000,0.600000,-0.597599,0.600000,0.600000,0.600000,0.600000,-0.600000,-0.600000,0.600000,-0.600000,-0.600000,0.600000,-0.998735,0.600000,-0.600000,-0.600000,0.600000,-0.630792,-0.600000,-0.600000,-0.600000,0.600000,-0.600000,-0.600000,0.600000,-0.600000,0.600000,-0.600000,-0.600000,0.600000,-0.998735,0.600000,0.985651,-0.600000,-0.600000,-0.600000,-0.600000,0.600000,-0.600000,-0.630792,-0.600000,-0.600000,-0.630792,-0.600000,-0.600000,-0.600000,0.600000,-0.600000,0.600000,-0.600000,-0.600000,0.600000,-0.600000,-0.600000,0.600000,-0.600000
59,0.600000,-0.600000,-0.600000,1.000000,-0.600000,-0.600000,-0.600000,0.600000,-0.600000,-0.600000,-0.600000,-0.600000,-0.600000,-0.600000,0.600000,0.600000,-0.597599,0.600000,0.600000,0.600000,0.600000,-0.600000,-0.600000,0.600000,-0.600000,-0.600000,0.600000,-0.998879,0.600000,-0.600000,-0.600000,0.600000,-0.630792,-0.600000,-0.600000,-0.600000,0.600000,-0.600000,-0.600000,0.600000,-0.600000,0.600000,-0.600000,-0.600000,0.600000,-0.998879,0.600000,0.986479,-0.600000,-0.600000,-0.600000,-0.600000,0.600000,-0.600000,-0.630792,-0.600000,-0.600000,-0.630792,-0.600000,-0.600000,-0.600000,0.600000,-0.600000,0.600000,-0.600000,-0.600000,0.600000,-0.600000,-0.600000,0.600000,-0.600000
60,0.600000,-0.600000,-0.600000,1.000000,-0.600000,-0.600000,-0.600000,0.600000,-0.600000,-0.600000,-0.600000,-0.600000,-0.600000,-0.600000,0.600000,0.600000,-0.597599,0.600000,0.600000,0.600000,0.600000,-0.600000,-0.600000,0.600000,-0.600000,-0.600000,0.600000,-0.998955,0.600000,-0.600000,-0.600000,0.600000,-0.630792,-0.600000,-0.600000,-0.600000,0.600000,-0.600000,-0.600000,0.600000,-0.600000,0.600000,-0.600000,-0.600000,0.600000,-0.998955,0.600000,0.987260,-0.600000,-0.600000,-0.600000,-0.600000,0.600000,-0.600000,-0.630792,-0.600000,-0.600000,-0.630792,-0.600000,-0.600000,-0.600000,0.600000,-0.600000,0.600000,-0.600000,-0.600000,0.600000,-0.600000,-0.600000,0.600000,-0.600000
61,0.600000,-0.600000,-0.600000,1.000000,-0.600000,-0.600000,-0.600000,0.600000,-0.600000,-0.600000,-0.600000,-0.600000,-0.600000,-0.600000,0.600000,0.600000,-0.597599,0.600000,0.600000,0.600000,0.600000,-0.600000,-0.600000,0.600000,-0.600000,-0.600000,0.600000,-0.999016,0.600000,-0.600000,-0.600000,0.600000,-0.637760,-0.600000,-0.600000,-0.600000,0.600000,-0.600000,-0.600000,0.600000,-0.600000,0.600000,-0.600000,-0.600000,0.600000,-0.999016,0.600000,0.987511,-0.600000,-0.600000,-0.600000,-0.600000,0.600000,-0.600000,-0.637760,-0.600000,-0.600000,-0.637760,-0.600000,-0.600000,-0.600000,0.600000,-0.600000,0.600000,-0.600000,-0.600000,0.600000,-0.600000,-0.600000,0.600000,-0.600000
62,0.600000,-0.600000,-0.600000,1.000000,-0.600000,-0.600000,-0.600000,0.600000,-0.600000,-0.600000,-0.600000,-0.600000,-0.600000,-0.600000,0.600000,0.600000,-0.597599,0.600000,0.600000,0.600000,0.600000,-0.600000,-0.600000,0.600000,-0.600000,-0.600000,0.600000,-0.999016,0.600000,-0.600000,-0.600000,0.600000,-0.665040,-0.600000,-0.600000,-0.600000,0.600000,-0.600000,-0.600000,0.600000,-0.600000,0.600000,-0.600000,-0.600000,0.600000,-0.999016,0.600000,0.987511,-0.600000,-0.600000,-0.600000,-0.600000,0.600000,-0.600000,-0.665040,-0.600000,-0.600000,-0.665040,-0.600000,-0.600000,-0.600000,0.600000,-0.600000,0.600000,-0.600000,-0.600000,0.600000,-0.600000,-0.600000,0.600000,-0.600000
63,0.600000,-0.600000,-0.600000,1.000000,-0.600000,-0.600000,-0.600000,0.600000,-0.600000,-0.600000,-0.600000,-0.600000,-0.600000,-0.600000,0.600000,0.600000,-0.597599,0.600000,0.600000,0.600000,0.600000,-0.600000,-0.600000,0.600000,-0.600000,-0.600000,0.600000,-0.999064,0.600000,-0.600000,-0.600000,0.600000,-0.673906,-0.600000,-0.600000,-0.600000,0.600000,-0.600000,-0.600000,0.600000,-0.600000,0.600000,-0.600000,-0.600000,0.600000,-0.999064,0.600000,0.987997,-0.600000,-0.600000,-0.600000,-0.600000,0.600000,-0.600000,-0.673906,-0.600000,-0.600000,-0.673906,-0.600000,-0.600000,-0.600000,0.600000,-0.600000,0.600000,-0.600000,-0.600000,0.600000,-0.600000,-0.600000,0.600000,-0.600000
64,0.600000,-0.600000,-0.600000,1.000000,-0.600000,-0.600000,-0.600000,0.600000,-0.600000,-0.600000,-0.600000,-0.600000,-0.600000,-0.600000,0.600000,0.600000,-0.597599,0.600000,0.600000,0.600000,0.600000,-0.600000,-0.600000,0.600000,-0.600000,-0.600000,0.600000,-0.999170,0.600000,-0.600000,-0.600000,0.600000,-0.673906,-0.600000,-0.600000,-0.600000,0.600000,-0.600000,-0.600000,0.600000,-0.600000,0.600000,-0.600000,-0.600000,0.600000,-0.999170,0.600000,0.988803,-0.600000,-0.600000,-0.600000,-0.600000,0.600000,-0.600000,-0.673906,-0.600000,-0.600000,-0.673906,-0.600000,-0.600000,-0.600000,0.600000,-0.600000,0.600000,-0.600000,-0.600000,0.600000,-0.600000,-0.600000,0.600000,-0.600000
65,0.600000,-0.600000,-0.600000,1.000000,-0.600000,-0.600000,-0.600000,0.600000,-0.600000,-0.600000,-0.600000,-0.600000,-0.600000,-0.600000,0.600000,0.600000,-0.597599,0.600000,0.600000,0.600000,0.600000,-0.600000,-0.600000,0.600000,-0.600000,-0.600000,0.600000,-0.999265,0.600000,-0.600000,-0.600000,0.600000,-0.673906,-0.600000,-0.600000,-0.600000,0.600000,-0.600000,-0.600000,0.600000,-0.600000,0.600000,-0.600000,-0.600000,0.600000,-0.999265,0.600000,0.989451,-0.600000,-0.600000,-0.600000,-0.600000,0.600000,-0.600000,-0.673906,-0.600000,-0.600000,-0.673906,-0.600000,-0.600000,-0.600000,0.600000,-0.600000,0.600000,-0.600000,-0.600000,0.600000,-0.600000,-0.600000,0.600000,-0.600000
66,0.600000,-0.600000,-0.600000,1.000000,-0.600000,-0.600000,-0.600000,0.600000,-0.600000,-0.600000,-0.600000,-0.600000,-0.600000,-0.600000,0.600000,0.600000,-0.597599,0.600000,0.600000,0.600000,0.600000,-0.600000,-0.600000,0.600000,-0.600000,-0.600000,0.600000,-0.999348,0.600000,-0.600000,-0.600000,0.600000,-0.673906,-0.600000,-0.600000,-0.600000,0.600000,-0.600000,-0.600000,0.600000,-0.600000,0.600000,-0.600000,-0.600000,0.600000,-0.999348,0.600000,0.990062,-0.600000,-0.600000,-0.600000,-0.600000,0.600000,-0.600000,-0.673906,-0.600000,-0.600000,-0.673906,-0.600000,-0.600000,-0.600000,0.600000,-0.600000,0.600000,-0.600000,-0.600000,0.600000,-0.600000,-0.600000,0.600000,-0.600000
67,0.600000,-0.600000,-0.600000,1.000000,-0.600000,-0.600000,-0.600000,0.600000,-0.600000,-0.600000,-0.600000,-0.600000,-0.600000,-0.600000,0.600000,0.600000,-0.597599,0.600000,0.600000,0.600000,0.600000,-0.600000,-0.600000,0.600000,-0.600000,-0.600000,0.600000,-0.999422,0.600000,-0.600000,-0.600000,0.600000,-0.673906,-0.600000,-0.600000,-0.600000,0.600000,-0.600000,-0.600000,0.600000,-0.600000,0.600000,-0.600000,-0.600000,0.600000,-0.999422,0.600000,0.990823,-0.600000,-0.600000,-0.600000,-0.600000,0.600000,-0.600000,-0.673906,-0.600000,-0.600000,-0.673906,-0.600000,-0.600000,-0.600000,0.600000,-0.600000,0.600000,-0.600000,-0.600000,0.600000,-0.600000,-0.600000,0.600000,-0.600000
68,0.600000,-0.600000,-0.600000,1.000000,-0.600000,-0.600000,-0.600000,0.600000,-0.600000,-0.600000,-0.600000,-0.600000,-0.600000,-0.600000,0.600000,0.600000,-0.597599,0.600000,0.600000,0.600000,0.600000,-0.600000,-0.600000,0.600000,-0.600000,-0.600000,0.600000,-0.999488,0.600000,-0.600000,-0.600000,0.600000,-0.673906,-0.600000,-0.600000,-0.600000,0.600000,-0.600000,-0.600000,0.600000,-0.600000,0.600000,-0.600000,-0.600000,0.600000,-0.999488,0.600000,0.991355,-0.600000,-0.600000,-0.600000,-0.600000,0.600000,-0.600000,-0.673906,-0.600000,-0.600000,-0.673906,-0.600000,-0.600000,-0.600000,0.600000,-0.600000,0.600000,-0.600000,-0.600000,0.600000,-0.600000,-0.600000,0.600000,-0.600000
69,0.600000,-0.600000,-0.600000,1.000000,-0.600000,-0.600000,-0.600000,0.600000,-0.600000,-0.600000,-0.600000,-0.600000,-0.600000,-0.600000,0.600000,0.600000,-0.597599,0.600000,0.600000,0.600000,0.600000,-0.600000,-0.600000,0.600000,-0.600000,-0.600000,0.600000,-0.999546,0.600000,-0.600000,-0.600000,0.600000,-0.673906,-0.600000,-0.600000,-0.600000,0.600000,-0.600000,-0.600000,0.600000,-0.600000,0.600000,-0.600000,-0.600000,0.600000,-0.999546,0.600000,0.991938,-0.600000,-0.600000,-0.600000,-0.600000,0.600000,-0.600000,-0.673906,-0.600000,-0.600000,-0.673906,-0.600000,-0.600000,-0.600000,0.600000,-0.600000,0.600000,-0.600000,-0.600000,0.600000,-0.600000,-0.600000,0.600000,-0.600000
70,0.600000,-0.600000,-0.600000,1.000000,-0.600000,-0.600000,-0.600000,0.600000,-0.600000,-0.600000,-0.600000,-0.600000,-0.600000,-0.600000,0.600000,0.600000,-0.597599,0.600000,0.600000,0.600000,0.600000,-0.600000,-0.600000,0.600000,-0.600000,-0.600000,0.600000,-0.999598,0.600000,-0.600000,-0.600000,0.600000,-0.673906,-0.600000,-0.600000,-0.600000,0.600000,-0.600000,-0.600000,0.600000,-0.600000,0.600000,-0.600000,-0.600000,0.600000,-0.999598,0.600000,0.992481,-0.600000,-0.600000,-0.600000,-0.600000,0.600000,-0.600000,-0.673906,-0.600000,-0.600000,-0.673906,-0.600000,-0.600000,-0.600000,0.600000,-0.600000,0.600000,-0.600000,-0.600000,0.600000,-0.600000,-0.600000,0.600000,-0.600000
71,0.600000,-0.600000,-0.600000,1.000000,-0.600000,-0.600000,-0.600000,0.600000,-0.600000,-0.600000,-0.600000,-0.600000,-0.600000,-0.600000,0.600000,0.600000,-0.597599,0.600000,0.600000,0.600000,0.600000,-0.600000,-0.600000,0.600000,-0.600000,-0.600000,0.600000,-0.999643,0.600000,-0.600000,-0.600000,0.600000,-0.673906,-0.600000,-0.600000,-0.600000,0.600000,-0.600000,-0.600000,0.600000,-0.600000,0.600000,-0.600000,-0.600000,0.600000,-0.999643,0.600000,0.992918,-0.600000,-0.600000,-0.600000,-0.600000,0.600000,-0.600000,-0.673906,-0.600000,-0.600000,-0.673906,-0.600000,-0.600000,-0.600000,0.600000,-0.600000,0.600000,-0.600000,-0.600000,0.600000,-0.600000,-0.600000,0.600000,-0.600000
72,0.600000,-0.600000,-0.600000,1.000000,-0.600000,-0.600000,-0.600000,0.600000,-0.600000,-0.600000,-0.600000,-0.600000,-0.600000,-0.600000,0.600000,0.600000,-0.597599,0.600000,0.600000,0.600000,0.600000,-0.600000,-0.600000,0.600000,-0.600000,-0.600000,0.600000,-0.999684,0.600000,-0.600000,-0.600000,0.600000,-0.673906,-0.600000,-0.600000,-0.600000,0.600000,-0.600000,-0.600000,0.600000,-0.600000,0.600000,-0.600000,-0.600000,0.600000,-0.999684,0.600000,0.993462,-0.600000,-0.600000,-0.600000,-0.600000,0.600000,-0.600000,-0.673906,-0.600000,-0.600000,-0.673906,-0.600000,-0.600000,-0.600000,0.600000,-0.600000,0.600000,-0.600000,-0.600000,0.600000,-0.600000,-0.600000,0.600000,-0.600000
73,0.600000,-0.600000,-0.600000,1.000000,-0.600000,-0.600000,-0.600000,0.600000,-0.600000,-0.600000,-0.600000,-0.600000,-0.600000,-0.600000,0.600000,0.600000,-0.597599,0.600000,0.600000,0.600000,0.600000,-0.600000,-0.600000,0.600000,-0.600000,-0.600000,0.600000,-0.999717,0.600000,-0.600000,-0.600000,0.600000,-0.673906,-0.600000,-0.600000,-0.600000,0.600000,-0.600000,-0.600000,0.600000,-0.600000,0.600000,-0.600000,-0.600000,0.600000,-0.999717,0.600000,0.993842,-0.600000,-0.600000,-0.600000,-0.600000,0.600000,-0.600000,-0.673906,-0.600000,-0.600000,-0.673906,-0.600000,-0.600000,-0.600000,0.600000,-0.600000,0.600000,-0.600000,-0.600000,0.600000,-0.600000,-0.600000,0.600000,-0.600000
74,0.600000,-0.600000,-0.600000,1.000000,-0.600000,-0.600000,-0.600000,0.600000,-0.600000,-0.600000,-0.600000,-0.600000,-0.600000,-0.600000,0.600000,0.600000,-0.597599,0.600000,0.600000,0.600000,0.600000,-0.600000,-0.600000,0.600000,-0.600000,-0.600000,0.600000,-0.999749,0.600000,-0.600000,-0.600000,0.600000,-0.673906,-0.600000,-0.600000,-0.600000,0.600000,-0.600000,-0.600000,0.600000,-0.600000,0.600000,-0.600000,-0.600000,0.600000,-0.999749,0.600000,0.994200,-0.600000,-0.600000,-0.600000,-0.600000,0.600000,-0.600000,-0.673906,-0.600000,-0.600000,-0.673906,-0.600000,-0.600000,-0.600000,0.600000,-0.600000,0.600000,-0.600000,-0.600000,0.600000,-0.600000,-0.600000,0.600000,-0.600000
75,0.600000,-0.600000,-0.600000,1.000000,-0.600000,-0.600000,-0.600000,0.600000,-0.600000,-0.600000,-0.600000,-0.600000,-0.600000,-0.600000,0.600000,0.600000,-0.597599,0.600000,0.600000,0.600000,0.600000,-0.600000,-0.600000,0.600000,-0.600000,-0.600000,0.600000,-0.999778,0.600000,-0.600000,-0.600000,0.600000,-0.673906,-0.600000,-0.600000,-0.600000,0.600000,-0.600000,-0.600000,0.600000,-0.600000,0.600000,-0.600000,-0.600000,0.600000,-0.999778,0.600000,0.994646,-0.600000,-0.600000,-0.600000,-0.600000,0.600000,-0.600000,-0.673906,-0.600000,-0.600000,-0.673906,-0.600000,-0.600000,-0.600000,0.600000,-0.600000,0.600000,-0.600000,-0.600000,0.600000,-0.600000,-0.600000,0.600000,-0.600000
76,0.600000,-0.600000,-0.600000,1.000000,-0.600000,-0.600000,-0.600000,0.600000,-0.600000,-0.600000,-0.600000,-0.600000,-0.600000,-0.600000,0.600000,0.600000,-0.597599,0.600000,0.600000,0.600000,0.600000,-0.600000,-0.600000,0.600000,-0.600000,-0.600000,0.600000,-0.999803,0.600000,-0.600000,-0.600000,0.600000,-0.673906,-0.600000,-0.600000,-0.600000,0.600000,-0.600000,-0.600000,0.600000,-0.600000,0.600000,-0.600000,-0.600000,0.600000,-0.999803,0.600000,0.994958,-0.600000,-0.600000,-0.600000,-0.600000,0.600000,-0.600000,-0.673906,-0.600000,-0.600000,-0.673906,-0.600000,-0.600000,-0.600000,0.600000,-0.600000,0.600000,-0.600000,-0.600000,0.600000,-0.600000,-0.600000,0.600000,-0.600000
77,0.600000,-0.600000,-0.600000,1.000000,-0.600000,-0.600000,-0.600000,0.600000,-0.600000,-0.600000,-0.600000,-0.600000,-0.600000,-0.600000,0.600000,0.600000,-0.597599,0.600000,0.600000,0.600000,0.600000,-0.600000,-0.600000,0.600000,-0.600000,-0.600000,0.600000,-0.999825,0.600000,-0.600000,-0.600000,0.600000,-0.673906,-0.600000,-0.600000,-0.600000,0.600000,-0.600000,-0.600000,0.600000,-0.600000,0.600000,-0.600000,-0.600000,0.600000,-0.999825,0.600000,0.995251,-0.600000,-0.600000,-0.600000,-0.600000,0.600000,-0.600000,-0.673906,-0.600000,-0.600000,-0.673906,-0.600000,-0.600000,-0.600000,0.600000,-0.600000,0.600000,-0.600000,-0.600000,0.600000,-0.600000,-0.600000,0.600000,-0.600000
78,0.600000,-0.600000,-0.600000,1.000000,-0.600000,-0.600000,-0.600000,0.600000,-0.600000,-0.600000,-0.600000,-0.600000,-0.600000,-0.600000,0.600000,0.600000,-0.597599,0.600000,0.600000,0.600000,0.600000,-0.600000,-0.600000,0.600000,-0.600000,-0.600000,0.600000,-0.999845,0.600000,-0.600000,-0.600000,0.600000,-0.673906,-0.600000,-0.600000,-0.600000,0.600000,-0.600000,-0.600000,0.600000,-0.600000,0.600000,-0.600000,-0.600000,0.600000,-0.999845,0.600000,0.995572,-0.600000,-0.600000,-0.600000,-0.600000,0.600000,-0.600000,-0.673906,-0.600000,-0.600000,-0.673906,-0.600000,-0.600000,-0.600000,0.600000,-0.600000,0.600000,-0.600000,-0.600000,0.600000,-0.600000,-0.600000,0.600000,-0.600000
79,0.600000,-0.600000,-0.600000,1.000000,-0.600000,-0.600000,-0.600000,0.600000,-0.600000,-0.600000,-0.600000,-0.600000,-0.600000,-0.600000,0.600000,0.600000,-0.597599,0.600000,0.600000,0.600000,0.600000,-0.600000,-0.600000,0.600000,-0.600000,-0.600000,0.600000,-0.999863,0.600000,-0.600000,-0.600000,0.600000,-0.673906,-0.600000,-0.600000,-0.600000,0.600000,-0.600000,-0.600000,0.600000,-0.600000,0.600000,-0.600000,-0.600000,0.600000,-0.999863,0.600000,0.995830,-0.600000,-0.600000,-0.600000,-0.600000,0.600000,-0.600000,-0.673906,-0.600000,-0.600000,-0.673906,-0.600000,-0.600000,-0.600000,0.600000,-0.600000,0.600000,-0.600000,-0.600000,0.600000,-0.600000,-0.600000,0.600000,-0.600000
80,0.600000,-0.600000,-0.600000,1.000000,-0.600000,-0.600000,-0.600000,0.600000,-0.600000,-0.600000,-0.600000,-0.600000,-0.600000,-0.600000,0.600000,0.600000,-0.597599,0.600000,0.600000,0.600000,0.600000,-0.600000,-0.600000,0.600000,-0.600000,-0.600000,0.600000,-0.999878,0.600000,-0.600000,-0.600000,0.600000,-0.673906,-0.600000,-0.600000,-0.600000,0.600000,-0.600000,-0.600000,0.600000,-0.600000,0.600000,-0.600000,-0.600000,0.600000,-0.999878,0.600000,0.996073,-0.600000,-0.600000,-0.600000,-0.600000,0.600000,-0.600000,-0.673906,-0.600000,-0.600000,-0.673906,-0.600000,-0.600000,-0.600000,0.600000,-0.600000,0.600000,-0.600000,-0.600000,0.600000,-0.600000,-0.600000,0.600000,-0.600000
81,0.600000,-0.600000,-0.600000,1.000000,-0.600000,-0.600000,-0.600000,0.600000,-0.600000,-0.600000,-0.600000,-0.600000,-0.600000,-0.600000,0.600000,0.600000,-0.597599,0.600000,0.600000,0.600000,0.600000,-0.600000,-0.600000,0.600000,-0.600000,-0.600000,0.600000,-0.999890,0.600000,-0.600000,-0.600000,0.600000,-0.673906,-0.600000,-0.600000,-0.600000,0.600000,-0.600000,-0.600000,0.600000,-0.600000,0.600000,-0.600000,-0.600000,0.600000,-0.999890,0.600000,0.996376,-0.600000,-0.600000,-0.600000,-0.600000,0.600000,-0.600000,-0.673906,-0.600000,-0.600000,-0.673906,-0.600000,-0.600000,-0.600000,0.600000,-0.600000,0.600000,-0.600000,-0.600000,0.600000,-0.600000,-0.600000,0.600000,-0.600000
82,0.600000,-0.600000,-0.600000,1.000000,-0.600000,-0.600000,-0.600000,0.600000,-0.600000,-0.600000,-0.600000,-0.600000,-0.600000,-0.600000,0.600000,0.600000,-0.597599,0.600000,0.600000,0.600000,0.600000,-0.600000,-0.600000,0.600000,-0.600000,-0.600000,0.600000,-0.999898,0.600000,-0.600000,-0.600000,0.600000,-0.673906,-0.600000,-0.600000,-0.600000,0.600000,-0.600000,-0.600000,0.600000,-0.600000,0.600000,-0.600000,-0.600000,0.600000,-0.999898,0.600000,0.996587,-0.600000,-0.600000,-0.600000,-0.600000,0.600000,-0.600000,-0.673906,-0.600000,-0.600000,-0.673906,-0.600000,-0.600000,-0.600000,0.600000,-0.600000,0.600000,-0.600000,-0.600000,0.600000,-0.600000,-0.600000,0.600000,-0.600000
83,0.600000,-0.600000,-0.600000,1.000000,-0.600000,-0.600000,-0.600000,0.600000,-0.600000,-0.600000,-0.600000,-0.600000,-0.600000,-0.600000,0.600000,0.600000,-0.597599,0.600000,0.600000,0.600000,0.600000,-0.600000,-0.600000,0.600000,-0.600000,-0.600000,0.600000,-0.999910,0.600000,-0.600000,-0.600000,0.600000,-0.673906,-0.600000,-0.600000,-0.600000,0.600000,-0.600000,-0.600000,0.600000,-0.600000,0.600000,-0.600000,-0.600000,0.600000,-0.999910,0.600000,0.996786,-0.600000,-0.600000,-0.600000,-0.600000,0.600000,-0.600000,-0.673906,-0.600000,-0.600000,-0.673906,-0.600000,-0.600000,-0.600000,0.600000,-0.600000,0.600000,-0.600000,-0.600000,0.600000,-0.600000,-0.600000,0.600000,-0.600000
84,0.600000,-0.600000,-0.600000,1.000000,-0.600000,-0.600000,-0.600000,0.600000,-0.600000,-0.600000,-0.600000,-0.600000,-0.600000,-0.600000,0.600000,0.600000,-0.597599,0.600000,0.600000,0.600000,0.600000,-0.600000,-0.600000,0.600000,-0.600000,-0.600000,0.600000,-0.999920,0.600000,-0.600000,-0.600000,0.600000,-0.673906,-0.600000,-0.600000,-0.600000,0.600000,-0.600000,-0.600000,0.600000,-0.600000,0.600000,-0.600000,-0.600000,0.600000,-0.999920,0.600000,0.997004,-0.600000,-0.600000,-0.600000,-0.600000,0.600000,-0.600000,-0.673906,-0.600000,-0.600000,-0.673906,-0.600000,-0.600000,-0.600000,0.600000,-0.600000,0.600000,-0.600000,-0.600000,0.600000,-0.600000,-0.600000,0.600000,-0.600000
85,0.600000,-0.600000,-0.600000,1.000000,-0.600000,-0.600000,-0.600000,0.600000,-0.600000,-0.600000,-0.600000,-0.600000,-0.600000,-0.600000,0.600000,0.600000,-0.597599,0.600000,0.600000,0.600000,0.600000,-0.600000,-0.600000,0.600000,-0.600000,-0.600000,0.600000,-0.999929,0.600000,-0.600000,-0.600000,0.600000,-0.673906,-0.600000,-0.600000,-0.600000,0.600000,-0.600000,-0.600000,0.600000,-0.600000,0.600000,-0.600000,-0.600000,0.600000,-0.999929,0.600000,0.997179,-0.600000,-0.600000,-0.600000,-0.600000,0.600000,-0.600000,-0.673906,-0.600000,-0.600000,-0.673906,-0.600000,-0.600000,-0.600000,0.600000,-0.600000,0.600000,-0.600000,-0.600000,0.600000,-0.600000,-0.600000,0.600000,-0.600000
86,0.600000,-0.600000,-0.600000,1.000000,-0.600000,-0.600000,-0.600000,0.600000,-0.600000,-0.600000,-0.600000,-0.600000,-0.600000,-0.600000,0.600000,0.600000,-0.597599,0.600000,0.600000,0.600000,0.600000,-0.600000,-0.600000,0.600000,-0.600000,-0.600000,0.600000,-0.999937,0.600000,-0.600000,-0.600000,0.600000,-0.673906,-0.600000,-0.600000,-0.600000,0.600000,-0.600000,-0.600000,0.600000,-0.600000,0.600000,-0.600000,-0.600000,0.600000,-0.999937,0.600000,0.997370,-0.600000,-0.600000,-0.600000,-0.600000,0.600000,-0.600000,-0.673906,-0.600000,-0.600000,-0.673906,-0.600000,-0.600000,-0.600000,0.600000,-0.600000,0.600000,-0.600000,-0.600000,0.600000,-0.600000,-0.600000,0.600000,-0.600000
87,0.600000,-0.600000,-0.600000,1.000000,-0.600000,-0.600000,-0.600000,0.600000,-0.600000,-0.600000,-0.600000,-0.600000,-0.600000,-0.600000,0.600000,0.600000,-0.597599,0.600000,0.600000,0.600000,0.600000,-0.600000,-0.600000,0.600000,-0.600000,-0.600000,0.600000,-0.999944,0.600000,-0.600000,-0.600000,0.600000,-0.673906,-0.600000,-0.600000,-0.600000,0.600000,-0.600000,-0.600000,0.600000,-0.600000,0.600000,-0.600000,-0.600000,0.600000,-0.999944,0.600000,0.997523,-0.600000,-0.600000,-0.600000,-0.600000,0.600000,-0.600000,-0.673906,-0.600000,-0.600000,-0.673906,-0.600000,-0.600000,-0.600000,0.600000,-0.600000,0.600000,-0.600000,-0.600000,0.600000,-0.600000,-0.600000,0.600000,-0.600000
88,0.600000,-0.600000,-0.600000,1.000000,-0.600000,-0.600000,-0.600000,0.600000,-0.600000,-0.600000,-0.600000,-0.600000,-0.600000,-0.600000,0.600000,0.600000,-0.597599,0.600000,0.600000,0.600000,0.600000,-0.600000,-0.600000,0.600000,-0.600000,-0.600000,0.600000,-0.999951,0.600000,-0.600000,-0.600000,0.600000,-0.673906,-0.600000,-0.600000,-0.600000,0.600000,-0.600000,-0.600000,0.600000,-0.600000,0.600000,-0.600000,-0.600000,0.600000,-0.999951,0.600000,0.997668,-0.600000,-0.600000,-0.600000,-0.600000,0.600000,-0.600000,-0.673906,-0.600000,-0.600000,-0.673906,-0.600000,-0.600000,-0.600000,0.600000,-0.600000,0.600000,-0.600000,-0.600000,0.600000,-0.600000,-0.600000,0.600000,-0.600000
89,0.600000,-0.600000,-0.600000,1.000000,-0.600000,-0.600000,-0.600000,0.600000,-0.600000,-0.600000,-0.600000,-0.600000,-0.600000,-0.600000,0.600000,0.600000,-0.597599,0.600000,0.600000,0.600000,0.600000,-0.600000,-0.600000,0.600000,-0.600000,-0.600000,0.600000,-0.999956,0.600000,-0.600000,-0.600000,0.600000,-0.673906,-0.600000,-0.600000,-0.600000,0.600000,-0.600000,-0.600000,0.600000,-0.600000,0.600000,-0.600000,-0.600000,0.600000,-0.999956,0.600000,0.997804,-0.600000,-0.600000,-0.600000,-0.600000,0.600000,-0.600000,-0.673906,-0.600000,-0.600000,-0.673906,-0.600000,-0.600000,-0.600000,0.600000,-0.600000,0.600000,-0.600000,-0.600000,0.600000,-0.600000,-0.600000,0.600000,-0.600000
90,0.600000,-0.600000,-0.600000,1.000000,-0.600000,-0.600000,-0.600000,0.600000,-0.600000,-0.600000,-0.600000,-0.600000,-0.600000,-0.600000,0.600000,0.600000,-0.597599,0.600000,0.600000,0.600000,0.600000,-0.600000,-0.600000,0.600000,-0.600000,-0.600000,0.600000,-0.999961,0.600000,-0.600000,-0.600000,0.600000,-0.673906,-0.600000,-0.600000,-0.600000,0.600000,-0.600000,-0.600000,0.600000,-0.600000,0.600000,-0.600000,-0.600000,0.600000,-0.999961,0.600000,0.997953,-0.600000,-0.600000,-0.600000,-0.600000,0.600000,-0.600000,-0.673906,-0.600000,-0.600000,-0.673906,-0.600000,-0.600000,-0.600000,0.600000,-0.600000,0.600000,-0.600000,-0.600000,0.600000,-0.600000,-0.600000,0.600000,-0.600000
91,0.600000,-0.600000,-0.600000,1.000000,-0.600000,-0.600000,-0.600000,0.600000,-0.600000,-0.600000,-0.600000,-0.600000,-0.600000,-0.600000,0.600000,0.600000,-0.597599,0.600000,0.600000,0.600000,0.600000,-0.600000,-0.600000,0.600000,-0.600000,-0.600000,0.600000,-0.999966,0.600000,-0.600000,-0.600000,0.600000,-0.673906,-0.600000,-0.600000,-0.600000,0.600000,-0.600000,-0.600000,0.600000,-0.600000,0.600000,-0.600000,-0.600000,0.600000,-0.999966,0.600000,0.998092,-0.600000,-0.600000,-0.600000,-0.600000,0.600000,-0.600000,-0.673906,-0.600000,-0.600000,-0.673906,-0.600000,-0.600000,-0.600000,0.600000,-0.600000,0.600000,-0.600000,-0.600000,0.600000,-0.600000,-0.600000,0.600000,-0.600000
92,0.600000,-0.600000,-0.600000,1.000000,-0.600000,-0.600000,-0.600000,0.600000,-0.600000,-0.600000,-0.600000,-0.600000,-0.600000,-0.600000,0.600000,0.600000,-0.597599,0.600000,0.600000,0.600000,0.600000,-0.600000,-0.600000,0.600000,-0.600000,-0.600000,0.600000,-0.999970,0.600000,-0.600000,-0.600000,0.600000,-0.673906,-0.600000,-0.600000,-0.600000,0.600000,-0.600000,-0.600000,0.600000,-0.600000,0.600000,-0.600000,-0.600000,0.600000,-0.999970,0.600000,0.998203,-0.600000,-0.600000,-0.600000,-0.600000,0.600000,-0.600000,-0.673906,-0.600000,-0.600000,-0.673906,-0.600000,-0.600000,-0.600000,0.600000,-0.600000,0.600000,-0.600000,-0.600000,0.600000,-0.600000,-0.600000,0.600000,-0.600000
93,0.600000,-0.600000,-0.600000,1.000000,-0.600000,-0.600000,-0.600000,0.600000,-0.600000,-0.600000,-0.600000,-0.600000,-0.600000,-0.600000,0.600000,0.600000,-0.597599,0.600000,0.600000,0.600000,0.600000,-0.600000,-0.600000,0.600000,-0.600000,-0.600000,0.600000,-0.999973,0.600000,-0.600000,-0.600000,0.600000,-0.673906,-0.600000,-0.600000,-0.600000,0.600000,-0.600000,-0.600000,0.600000,-0.600000,0.600000,-0.600000,-0.600000,0.600000,-0.999973,0.600000,0.998308,-0.600000,-0.600000,-0.600000,-0.600000,0.600000,-0.600000,-0.673906,-0.600000,-0.600000,-0.673906,-0.600000,-0.600000,-0.600000,0.600000,-0.600000,0.600000,-0.600000,-0.600000,0.600000,-0.600000,-0.600000,0.600000,-0.600000
94,0.600000,-0.600000,-0.600000,1.000000,-0.600000,-0.600000,-0.600000,0.600000,-0.600000,-0.600000,-0.600000,-0.600000,-0.600000,-0.600000,0.600000,0.600000,-0.597599,0.600000,0.600000,0.600000,0.600000,-0.600000,-0.600000,0.600000,-0.600000,-0.600000,0.600000,-0.999976,0.600000,-0.600000,-0.600000,0.600000,-0.673906,-0.600000,-0.600000,-0.600000,0.600000,-0.600000,-0.600000,0.600000,-0.600000,0.600000,-0.600000,-0.600000,0.600000,-0.999976,0.600000,0.998407,-0.600000,-0.600000,-0.600000,-0.600000,0.600000,-0.600000,-0.673906,-0.600000,-0.600000,-0.673906,-0.600000,-0.600000,-0.600000,0.600000,-0.600000,0.600000,-0.600000,-0.600000,0.600000,-0.600000,-0.600000,0.600000,-0.600000
95,0.600000,-0.600000,-0.600000,1.000000,-0.600000,-0.600000,-0.600000,0.600000,-0.600000,-0.600000,-0.600000,-0.600000,-0.600000,-0.600000,0.600000,0.600000,-0.597599,0.600000,0.600000,0.600000,0.600000,-0.600000,-0.600000,0.600000,-0.600000,-0.600000,0.600000,-0.999979,0.600000,-0.600000,-0.600000,0.600000,-0.673906,-0.600000,-0.600000,-0.600000,0.600000,-0.600000,-0.600000,0.600000,-0.600000,0.600000,-0.600000,-0.600000,0.600000,-0.999979,0.600000,0.998500,-0.600000,-0.600000,-0.600000,-0.600000,0.600000,-0.600000,-0.673906,-0.600000,-0.600000,-0.673906,-0.600000,-0.600000,-0.600000,0.600000,-0.600000,0.600000,-0.600000,-0.600000,0.600000,-0.600000,-0.600000,0.600000,-0.600000
96,0.600000,-0.600000,-0.600000,1.000000,-0.600000,-0.600000,-0.600000,0.600000,-0.600000,-0.600000,-0.600000,-0.600000,-0.600000,-0.600000,0.600000,0.600000,-0.595193,0.600000,0.600000,0.600000,0.600000,-0.600000,-0.600000,0.600000,-0.600000,-0.600000,0.600000,-0.999980,0.600000,-0.600000,-0.600000,0.600000,-0.676104,-0.600000,-0.600000,-0.600000,0.600000,-0.600000,-0.600000,0.600000,-0.600000,0.600000,-0.600000,-0.600000,0.600000,-0.999980,0.600000,0.998616,-0.600000,-0.600000,-0.600000,-0.600000,0.600000,-0.600000,-0.676104,-0.600000,-0.600000,-0.676104,-0.600000,-0.600000,-0.600000,0.600000,-0.600000,0.600000,-0.600000,-0.600000,0.600000,-0.600000,-0.600000,0.600000,-0.600000
97,0.600000,-0.600000,-0.600000,1.000000,-0.600000,-0.600000,-0.600000,0.600000,-0.600000,-0.600000,-0.600000,-0.600000,-0.600000,-0.596396,0.600000,0.600000,-0.595193,0.600000,0.600000,0.600000,0.600000,-0.600000,-0.600000,0.600000,-0.600000,-0.600000,0.600000,-0.999980,0.600000,-0.600000,-0.600000,0.600000,-0.697645,-0.600000,-0.600000,-0.600000,0.600000,-0.600000,-0.600000,0.600000,-0.600000,0.600000,-0.600000,-0.600000,0.600000,-0.999980,0.600000,0.998616,-0.600000,-0.600000,-0.600000,-0.600000,0.600000,-0.600000,-0.697645,-0.600000,-0.600000,-0.697645,-0.600000,-0.600000,-0.600000,0.600000,-0.600000,0.600000,-0.600000,-0.607185,0.600000,-0.600000,-0.600000,0.600000,-0.600000
98,0.600000,-0.600000,-0.600000,1.000000,-0.600000,-0.600000,-0.600000,0.600000,-0.600000,-0.600000,-0.600000,-0.600000,-0.600000,-0.596396,0.600000,0.600000,-0.595193,0.600000,0.600000,0.600000,0.600000,-0.600000,-0.600000,0.600000,-0.600000,-0.600000,0.600000,-0.999980,0.600000,-0.600000,-0.600000,0.600000,-0.718355,-0.600000,-0.600000,-0.600000,0.600000,-0.600000,-0.600000,0.600000,-0.600000,0.600000,-0.600000,-0.600000,0.600000,-0.999980,0.600000,0.998616,-0.600000,-0.600000,-0.600000,-0.600000,0.600000,-0.600000,-0.718355,-0.600000,-0.600000,-0.718355,-0.600000,-0.600000,-0.600000,0.600000,-0.600000,0.600000,-0.600000,-0.607185,0.600000,-0.600000,-0.600000,0.600000,-0.600000
99,0.600000,-0.600000,-0.600000,1.000000,-0.600000,-0.600000,-0.600000,0.600000,-0.600000,-0.600000,-0.600000,-0.600000,-0.600000,-0.596396,0.600000,0.600000,-0.595193,0.600000,0.600000,0.600000,0.600000,-0.600000,-0.600000,0.600000,-0.600000,-0.600000,0.600000,-0.999980,0.600000,-0.600000,-0.600000,0.600000,-0.742039,-0.600000,-0.600000,-0.600000,0.600000,-0.600000,-0.600000,0.600000,-0.600000,0.600000,-0.600000,-0.600000,0.600000,-0.999980,0.600000,0.998616,-0.600000,-0.600000,-0.600000,-0.600000,0.600000,-0.600000,-0.742039,-0.600000,-0.600000,-0.742039,-0.600000,-0.600000,-0.600000,0.600000,-0.600000,0.600000,-0.600000,-0.607185,0.600000,-0.600000,-0.600000,0.600000,-0.600000
100,0.600000,-0.600000,-0.600000,1.000000,-0.600000,-0.600000,-0.600000,0.600000,-0.600000,-0.600000,-0.600000,-0.600000,-0.600000,-0.596396,0.600000,0.600000,-0.595193,0.600000,0.600000,0.600000,0.600000,-0.600000,-0.600000,0.600000,-0.600000,-0.600000,0.600000,-0.999980,0.600000,-0.600000,-0.600000,0.600000,-0.755242,-0.600000,-0.600000,-0.600000,0.600000,-0.600000,-0.600000,0.600000,-0.600000,0.600000,-0.600000,-0.600000,0.600000,-0.999980,0.600000,0.998616,-0.600000,-0.600000,-0.600000,-0.600000,0.600000,-0.600000,-0.755242,-0.600000,-0.600000,-0.755242,-0.600000,-0.600000,-0.600000,0.600000,-0.600000,0.600000,-0.600000,-0.607185,0.600000,-0.600000,-0.600000,0.600000,-0.600000
101,0.600000,-0.600000,-0.600000,1.000000,-0.600000,-0.600000,-0.600000,0.600000,-0.600000,-0.600000,-0.600000,-0.600000,-0.600000,-0.596396,0.600000,0.600000,-0.595193,0.600000,0.600000,0.600000,0.600000,-0.600000,-0.600000,0.600000,-0.600000,-0.600000,0.600000,-0.999981,0.600000,-0.600000,-0.600000,0.600000,-0.760759,-0.600000,-0.600000,-0.600000,0.600000,-0.600000,-0.600000,0.600000,-0.600000,0.600000,-0.600000,-0.600000,0.600000,-0.999981,0.600000,0.998670,-0.600000,-0.600000,-0.600000,-0.600000,0.600000,-0.600000,-0.760759,-0.600000,-0.600000,-0.760759,-0.600000,-0.600000,-0.600000,0.600000,-0.600000,0.600000,-0.600000,-0.607185,0.600000,-0.600000,-0.600000,0.600000,-0.600000
