tick,food_sensed_N,food_sensed_E,food_sensed_S,food_sensed_W,movement,food_consumed,energy,manhattan_dist,decision_made,conn_0_0,conn_0_2,conn_0_5,conn_0_7,conn_0_8,conn_0_10,conn_1_4,conn_1_5,conn_1_6,conn_1_7,conn_1_9,conn_1_10,conn_2_0,conn_2_2,conn_2_3,conn_2_5,conn_2_8,conn_2_9,conn_2_10,conn_3_0,conn_3_2,conn_3_4,conn_3_6,conn_4_0,conn_4_2,conn_4_6,conn_4_8,conn_4_9,conn_5_0,conn_5_1,conn_5_2,conn_5_3,conn_5_5,conn_5_6,conn_5_8,conn_5_9,conn_5_10,conn_6_0,conn_6_1,conn_6_2,conn_6_3,conn_6_4,conn_6_9,conn_6_10,conn_7_0,conn_7_2,conn_7_3,conn_7_5,conn_7_7,conn_7_8,conn_7_9,conn_7_10,conn_8_0,conn_8_1,conn_8_3,conn_8_6,conn_8_8,conn_8_9,conn_9_0,conn_9_3,conn_9_7,conn_9_8,conn_9_9,conn_9_10,conn_10_1,conn_10_3,conn_10_4,conn_10_6,conn_10_7,conn_10_8,conn_10_9
0,0,0,0,0,stay,0,30,0,0,0.600000,-0.600000,1.000000,-0.600000,-0.600000,-0.600000,-0.600000,-0.600000,-0.600000,-0.600000,-0.600000,-0.600000,-0.600000,-0.600000,-0.600000,-0.600000,0.600000,-0.600000,-0.600000,0.600000,-0.600000,-0.600000,0.600000,-0.600000,-0.600000,-0.600000,-0.600000,0.600000,-0.600000,0.600000,0.600000,-0.600000,-0.600000,-0.600000,0.600000,-0.600000,-0.600000,0.600000,-0.600000,0.600000,-0.600000,-0.600000,0.600000,-0.600000,-0.600000,0.600000,0.600000,-0.600000,0.600000,0.600000,0.600000,-0.600000,-0.600000,0.600000,-0.600000,-0.600000,0.600000,0.600000,-0.600000,0.600000,0.600000,-0.600000,-0.600000,0.600000,-0.600000,-0.600000,-0.600000,-0.600000,-0.600000,0.600000,-0.600000
1,1,1,0,0,stay,0,29,0,1,0.600000,-0.600000,1.000000,-0.601200,-0.600000,-0.587948,-0.611944,-0.600000,-0.600000,-0.611944,-0.600000,-0.595193,-0.600000,-0.600000,-0.587948,-0.600000,0.587948,-0.600000,-0.600000,0.611944,-0.600000,-0.603596,0.600000,-0.600000,-0.592782,-0.592782,-0.587948,0.601200,-0.601200,0.603596,0.597599,-0.600000,-0.587948,-0.600000,0.600000,-0.600000,-0.600000,0.600000,-0.600000,0.601200,-0.587948,-0.600000,0.600000,-0.587948,-0.600000,0.600000,0.587948,-0.600000,0.603596,0.619054,0.600000,-0.611944,-0.587948,0.600000,-0.607182,-0.600000,0.611944,0.592782,-0.600000,0.600000,0.587948,-0.600000,-0.600000,0.600000,-0.600000,-0.600000,-0.600000,-0.600000,-0.607182,0.600000,-0.598800
2,0,0,0,1,S,0,27,1,1,0.600000,-0.600000,1.000000,-0.602399,-0.600000,-0.585524,-0.623756,-0.600000,-0.600000,-0.623756,-0.600000,-0.592782,-0.600000,-0.600000,-0.575789,-0.600000,0.575789,-0.600000,-0.600000,0.623756,-0.600000,-0.615502,0.600000,-0.600000,-0.592782,-0.592782,-0.575789,0.602399,-0.604794,0.615502,0.586737,-0.600000,-0.585524,-0.600000,0.600000,-0.600000,-0.600000,0.600000,-0.600000,0.602399,-0.573346,-0.600000,0.597599,-0.575789,-0.600000,0.600000,0.585524,-0.600000,0.615502,0.630781,0.600000,-0.614317,-0.585524,0.600000,-0.607182,-0.600000,0.616687,0.592782,-0.600000,0.600000,0.575789,-0.600000,-0.600000,0.600000,-0.600000,-0.600000,-0.600000,-0.600000,-0.607182,0.602399,-0.597599
3,0,1,0,0,S,0,25,2,1,0.600000,-0.600000,1.000000,-0.605988,-0.600000,-0.584311,-0.637738,-0.600000,-0.600000,-0.637738,-0.600000,-0.598806,-0.600000,-0.600000,-0.561076,-0.600000,0.561076,-0.600000,-0.600000,0.637738,-0.600000,-0.627272,0.600000,-0.600000,-0.585524,-0.585524,-0.561076,0.605988,-0.608375,0.627272,0.578228,-0.600000,-0.584311,-0.600000,0.600000,-0.600000,-0.600000,0.600000,-0.600000,0.605988,-0.558613,-0.600000,0.597599,-0.561076,-0.600000,0.600000,0.584311,-0.600000,0.627272,0.651508,0.600000,-0.615502,-0.584311,0.600000,-0.614317,-0.600000,0.617869,0.585524,-0.600000,0.600000,0.561076,-0.600000,-0.600000,0.600000,-0.600000,-0.600000,-0.600000,-0.600000,-0.614317,0.602399,-0.593988
4,0,0,1,1,S,0,23,3,1,0.600000,-0.600000,1.000000,-0.609565,-0.600000,-0.584311,-0.651492,-0.600000,-0.600000,-0.651492,-0.600000,-0.598806,-0.600000,-0.600000,-0.546254,-0.600000,0.546254,-0.600000,-0.600000,0.651492,-0.600000,-0.640047,0.600000,-0.600000,-0.585524,-0.585524,-0.546254,0.609565,-0.615503,0.640047,0.568448,-0.600000,-0.584311,-0.600000,0.600000,-0.600000,-0.600000,0.600000,-0.600000,0.609565,-0.540055,-0.600000,0.593988,-0.546254,-0.600000,0.600000,0.584311,-0.600000,0.640047,0.665014,0.600000,-0.615502,-0.584311,0.600000,-0.614317,-0.600000,0.621406,0.585524,-0.600000,0.600000,0.546254,-0.600000,-0.600000,0.600000,-0.600000,-0.600000,-0.600000,-0.600000,-0.614317,0.605988,-0.590367
5,0,1,0,1,S,0,21,4,1,0.598800,-0.598801,1.000000,-0.610755,-0.600000,-0.579447,-0.658277,-0.600000,-0.600000,-0.658277,-0.601200,-0.601208,-0.600000,-0.602399,-0.538810,-0.597599,0.538810,-0.600000,-0.600000,0.658277,-0.600000,-0.645790,0.600000,-0.600000,-0.579448,-0.578228,-0.538810,0.609567,-0.621407,0.645790,0.563536,-0.600000,-0.579447,-0.600000,0.600000,-0.600000,-0.600000,0.600000,-0.600000,0.609567,-0.528861,-0.600000,0.589158,-0.538810,-0.602399,0.600000,0.579447,-0.601200,0.645790,0.678263,0.600000,-0.620227,-0.579447,0.600000,-0.621405,-0.600000,0.630779,0.578228,-0.600000,0.600000,0.541294,-0.600000,-0.600000,0.600000,-0.600000,-0.600000,-0.600000,-0.602399,-0.621405,0.610755,-0.589158
6,1,0,0,1,S,0,19,5,1,0.598800,-0.598801,1.000000,-0.610755,-0.600000,-0.563536,-0.668335,-0.600000,-0.600000,-0.668335,-0.601200,-0.585534,-0.600000,-0.602399,-0.527612,-0.597599,0.527612,-0.600000,-0.600000,0.668335,-0.600000,-0.648076,0.600000,-0.600000,-0.579448,-0.578228,-0.527612,0.609567,-0.621407,0.648076,0.561076,-0.600000,-0.563536,-0.600000,0.600000,-0.600000,-0.600000,0.600000,-0.600000,0.609567,-0.517637,-0.600000,0.589158,-0.527612,-0.602399,0.600000,0.563536,-0.601200,0.648076,0.688012,0.600000,-0.635423,-0.563536,0.600000,-0.621405,-0.600000,0.645794,0.578228,-0.600000,0.600000,0.530104,-0.600000,-0.600000,0.600000,-0.600000,-0.600000,-0.600000,-0.602399,-0.621405,0.610755,-0.589158
7,0,0,1,1,S,0,17,6,1,0.598800,-0.598801,1.000000,-0.611944,-0.600000,-0.559845,-0.680422,-0.600000,-0.600000,-0.680422,-0.601200,-0.581890,-0.600000,-0.602399,-0.513888,-0.597599,0.513888,-0.600000,-0.600000,0.680422,-0.600000,-0.659402,0.600000,-0.600000,-0.579448,-0.578228,-0.513888,0.610757,-0.626105,0.659402,0.549968,-0.600000,-0.559845,-0.600000,0.600000,-0.600000,-0.600000,0.600000,-0.600000,0.610757,-0.500146,-0.600000,0.585524,-0.513888,-0.602399,0.600000,0.559845,-0.601200,0.659402,0.699705,0.600000,-0.638893,-0.559845,0.600000,-0.621405,-0.600000,0.652636,0.578228,-0.600000,0.600000,0.516386,-0.600000,-0.600000,0.600000,-0.600000,-0.600000,-0.600000,-0.602399,-0.621405,0.614317,-0.587948
8,0,0,0,0,S,0,15,7,1,0.593988,-0.590369,1.000000,-0.613131,-0.600000,-0.552441,-0.691205,-0.600000,-0.600000,-0.691205,-0.605988,-0.574577,-0.600000,-0.615502,-0.501392,-0.584311,0.501392,-0.600000,-0.600000,0.691205,-0.600000,-0.667225,0.600000,-0.600000,-0.584316,-0.578228,-0.501392,0.607188,-0.627276,0.667225,0.542534,-0.600000,-0.552441,-0.600000,0.600000,-0.600000,-0.600000,0.600000,-0.600000,0.607188,-0.492646,-0.600000,0.585524,-0.501392,-0.615502,0.600000,0.552441,-0.605988,0.667225,0.710115,0.600000,-0.645790,-0.552441,0.600000,-0.621405,-0.600000,0.659411,0.578228,-0.600000,0.600000,0.517636,-0.600000,-0.600000,0.600000,-0.600000,-0.600000,-0.600000,-0.615502,-0.621405,0.614317,-0.586737
9,0,0,0,0,stay,1,29,7,1,0.592782,-0.589159,1.000000,-0.613131,-0.600000,-0.551205,-0.697577,-0.600000,-0.600000,-0.697577,-0.607182,-0.573355,-0.600000,-0.617867,-0.493892,-0.581881,0.493892,-0.600000,-0.600000,0.697577,-0.600000,-0.676053,0.600000,-0.600000,-0.585530,-0.578228,-0.493892,0.605996,-0.627276,0.676053,0.532593,-0.600000,-0.551205,-0.600000,0.600000,-0.600000,-0.600000,0.600000,-0.600000,0.605996,-0.486399,-0.600000,0.585524,-0.493892,-0.617867,0.600000,0.551205,-0.607182,0.676053,0.716258,0.600000,-0.646934,-0.551205,0.600000,-0.621405,-0.600000,0.660534,0.578228,-0.600000,0.600000,0.512641,-0.600000,-0.600000,0.600000,-0.600000,-0.600000,-0.600000,-0.617867,-0.621405,0.614317,-0.586737
10,0,1,0,0,S,0,27,8,1,0.592782,-0.589159,1.000000,-0.616685,-0.600000,-0.548731,-0.710096,-0.600000,-0.600000,-0.710096,-0.607182,-0.578242,-0.600000,-0.617867,-0.478903,-0.581881,0.478903,-0.600000,-0.600000,0.710096,-0.600000,-0.684759,0.600000,-0.600000,-0.578234,-0.570898,-0.478903,0.609573,-0.630778,0.684759,0.526366,-0.600000,-0.548731,-0.600000,0.600000,-0.600000,-0.600000,0.600000,-0.600000,0.609573,-0.471425,-0.600000,0.585524,-0.478903,-0.617867,0.600000,0.548731,-0.607182,0.684759,0.734221,0.600000,-0.649216,-0.548731,0.600000,-0.628441,-0.600000,0.662775,0.570898,-0.600000,0.600000,0.497644,-0.600000,-0.600000,0.600000,-0.600000,-0.600000,-0.600000,-0.617867,-0.628441,0.614317,-0.583096
11,0,1,0,0,S,0,25,9,1,0.592782,-0.589159,1.000000,-0.621405,-0.600000,-0.541293,-0.722303,-0.600000,-0.600000,-0.722303,-0.607182,-0.579461,-0.600000,-0.617867,-0.463951,-0.581881,0.463951,-0.600000,-0.600000,0.722303,-0.600000,-0.691205,0.600000,-0.600000,-0.569679,-0.562307,-0.463951,0.614325,-0.635427,0.691205,0.523872,-0.600000,-0.541293,-0.600000,0.600000,-0.600000,-0.600000,0.600000,-0.600000,0.614325,-0.456501,-0.600000,0.585524,-0.463951,-0.617867,0.600000,0.541293,-0.607182,0.691205,0.752380,0.600000,-0.656023,-0.541293,0.600000,-0.636581,-0.600000,0.669452,0.562307,-0.600000,0.600000,0.482651,-0.600000,-0.600000,0.600000,-0.600000,-0.600000,-0.600000,-0.617867,-0.636581,0.614317,-0.578228
12,0,0,0,1,S,0,23,10,1,0.592782,-0.589159,1.000000,-0.623756,-0.600000,-0.540052,-0.734189,-0.600000,-0.600000,-0.734189,-0.607182,-0.578243,-0.600000,-0.617867,-0.449063,-0.581881,0.449063,-0.600000,-0.600000,0.734189,-0.600000,-0.703875,0.600000,-0.600000,-0.569679,-0.562307,-0.449063,0.616693,-0.640051,0.703875,0.511390,-0.600000,-0.540052,-0.600000,0.600000,-0.600000,-0.600000,0.600000,-0.600000,0.616693,-0.439188,-0.600000,0.583096,-0.449063,-0.617867,0.600000,0.540052,-0.607182,0.703875,0.763402,0.600000,-0.657151,-0.540052,0.600000,-0.636581,-0.600000,0.672766,0.562307,-0.600000,0.600000,0.467687,-0.600000,-0.600000,0.600000,-0.600000,-0.600000,-0.600000,-0.617867,-0.636581,0.616685,-0.575789
13,0,0,1,1,S,0,21,11,1,0.592782,-0.589159,1.000000,-0.623756,-0.600000,-0.540052,-0.745746,-0.600000,-0.600000,-0.745746,-0.607182,-0.578243,-0.600000,-0.617867,-0.434264,-0.581881,0.434264,-0.600000,-0.600000,0.745746,-0.600000,-0.716239,0.600000,-0.600000,-0.569679,-0.562307,-0.434264,0.616693,-0.641203,0.716239,0.496392,-0.600000,-0.540052,-0.600000,0.600000,-0.600000,-0.600000,0.600000,-0.600000,0.616693,-0.423240,-0.600000,0.581881,-0.434264,-0.617867,0.600000,0.540052,-0.607182,0.716239,0.774082,0.600000,-0.657151,-0.540052,0.600000,-0.636581,-0.600000,0.673867,0.562307,-0.600000,0.600000,0.452780,-0.600000,-0.600000,0.600000,-0.600000,-0.600000,-0.600000,-0.617867,-0.636581,0.617867,-0.575789
14,0,0,0,0,S,0,19,12,1,0.583096,-0.580667,1.000000,-0.627272,-0.600000,-0.531348,-0.754195,-0.600000,-0.600000,-0.754195,-0.616685,-0.569688,-0.600000,-0.635423,-0.423239,-0.563536,0.423239,-0.600000,-0.600000,0.754195,-0.600000,-0.722303,0.600000,-0.600000,-0.579460,-0.562307,-0.423239,0.610771,-0.644649,0.722303,0.492642,-0.600000,-0.531348,-0.600000,0.600000,-0.600000,-0.600000,0.600000,-0.600000,0.610771,-0.422014,-0.600000,0.581881,-0.423239,-0.635423,0.600000,0.531348,-0.616685,0.722303,0.781865,0.600000,-0.664999,-0.531348,0.600000,-0.636581,-0.600000,0.681518,0.562307,-0.600000,0.600000,0.460219,-0.600000,-0.600000,0.600000,-0.600000,-0.600000,-0.600000,-0.635423,-0.636581,0.617867,-0.572122
15,0,0,0,0,stay,1,29,12,1,0.581881,-0.579449,1.000000,-0.628441,-0.600000,-0.530103,-0.761544,-0.600000,-0.600000,-0.761544,-0.617867,-0.568462,-0.600000,-0.637738,-0.413502,-0.561076,0.413502,-0.600000,-0.600000,0.761544,-0.600000,-0.732231,0.600000,-0.600000,-0.580679,-0.562307,-0.413502,0.610773,-0.645794,0.732231,0.481399,-0.600000,-0.530103,-0.600000,0.600000,-0.600000,-0.600000,0.600000,-0.600000,0.610773,-0.413496,-0.600000,0.581881,-0.413502,-0.637738,0.600000,0.530103,-0.617867,0.732231,0.788620,0.600000,-0.666113,-0.530103,0.600000,-0.636581,-0.600000,0.682603,0.562307,-0.600000,0.600000,0.452773,-0.600000,-0.600000,0.600000,-0.600000,-0.600000,-0.600000,-0.637738,-0.636581,0.617867,-0.570898
16,0,1,0,1,S,0,27,13,1,0.581881,-0.579449,1.000000,-0.630774,-0.600000,-0.523872,-0.771400,-0.600000,-0.600000,-0.771400,-0.617867,-0.569688,-0.600000,-0.637738,-0.400224,-0.561076,0.400224,-0.600000,-0.600000,0.771400,-0.600000,-0.739045,0.600000,-0.600000,-0.573360,-0.554912,-0.400224,0.613149,-0.653768,0.739045,0.475161,-0.600000,-0.523872,-0.600000,0.600000,-0.600000,-0.600000,0.600000,-0.600000,0.613149,-0.394225,-0.600000,0.575789,-0.400224,-0.637738,0.600000,0.523872,-0.617867,0.739045,0.802473,0.600000,-0.671654,-0.523872,0.600000,-0.643498,-0.600000,0.693356,0.554912,-0.600000,0.600000,0.439181,-0.600000,-0.600000,0.600000,-0.600000,-0.600000,-0.600000,-0.637738,-0.643498,0.623756,-0.568448
17,0,1,0,0,S,0,25,14,1,0.581881,-0.579449,1.000000,-0.634263,-0.600000,-0.520130,-0.781822,-0.600000,-0.600000,-0.781822,-0.617867,-0.573363,-0.600000,-0.637738,-0.385903,-0.561076,0.385903,-0.600000,-0.600000,0.781822,-0.600000,-0.745746,0.600000,-0.600000,-0.566008,-0.547493,-0.385903,0.616703,-0.657158,0.745746,0.470175,-0.600000,-0.520130,-0.600000,0.600000,-0.600000,-0.600000,0.600000,-0.600000,0.616703,-0.379983,-0.600000,0.575789,-0.385903,-0.637738,0.600000,0.520130,-0.617867,0.745746,0.816387,0.600000,-0.674957,-0.520130,0.600000,-0.650355,-0.600000,0.696539,0.547493,-0.600000,0.600000,0.424456,-0.600000,-0.600000,0.600000,-0.600000,-0.600000,-0.600000,-0.637738,-0.650355,0.623756,-0.564765
18,0,0,0,0,S,0,23,15,1,0.581881,-0.579449,1.000000,-0.635423,-0.600000,-0.520130,-0.791898,-0.600000,-0.600000,-0.791898,-0.617867,-0.573363,-0.600000,-0.637738,-0.371777,-0.561076,0.371777,-0.600000,-0.600000,0.791898,-0.600000,-0.756046,0.600000,-0.600000,-0.566008,-0.547493,-0.371777,0.617884,-0.658285,0.756046,0.457738,-0.600000,-0.520130,-0.600000,0.600000,-0.600000,-0.600000,0.600000,-0.600000,0.617884,-0.365943,-0.600000,0.575789,-0.371777,-0.637738,0.600000,0.520130,-0.617867,0.756046,0.825225,0.600000,-0.674957,-0.520130,0.600000,-0.650355,-0.600000,0.696539,0.547493,-0.600000,0.600000,0.409863,-0.600000,-0.600000,0.600000,-0.600000,-0.600000,-0.600000,-0.637738,-0.650355,0.623756,-0.563536
19,0,0,0,0,S,0,21,16,1,0.581881,-0.579449,1.000000,-0.635423,-0.600000,-0.520130,-0.801627,-0.600000,-0.600000,-0.801627,-0.617867,-0.573363,-0.600000,-0.637738,-0.357865,-0.561076,0.357865,-0.600000,-0.600000,0.801627,-0.600000,-0.766956,0.600000,-0.600000,-0.566008,-0.547493,-0.357865,0.617884,-0.658285,0.766956,0.442884,-0.600000,-0.520130,-0.600000,0.600000,-0.600000,-0.600000,0.600000,-0.600000,0.617884,-0.352127,-0.600000,0.575789,-0.357865,-0.637738,0.600000,0.520130,-0.617867,0.766956,0.833724,0.600000,-0.674957,-0.520130,0.600000,-0.650355,-0.600000,0.696539,0.547493,-0.600000,0.600000,0.395426,-0.600000,-0.600000,0.600000,-0.600000,-0.600000,-0.600000,-0.637738,-0.650355,0.623756,-0.563536
20,0,0,1,1,S,0,19,17,1,0.581881,-0.579449,1.000000,-0.635423,-0.600000,-0.520130,-0.811010,-0.600000,-0.600000,-0.811010,-0.617867,-0.573363,-0.600000,-0.637738,-0.344188,-0.561076,0.344188,-0.600000,-0.600000,0.811010,-0.600000,-0.777522,0.600000,-0.600000,-0.566008,-0.547493,-0.344188,0.617884,-0.659409,0.777522,0.428130,-0.600000,-0.520130,-0.600000,0.600000,-0.600000,-0.600000,0.600000,-0.600000,0.617884,-0.337432,-0.600000,0.574567,-0.344188,-0.637738,0.600000,0.520130,-0.617867,0.777522,0.841890,0.600000,-0.674957,-0.520130,0.600000,-0.650355,-0.600000,0.697596,0.547493,-0.600000,0.600000,0.381168,-0.600000,-0.600000,0.600000,-0.600000,-0.600000,-0.600000,-0.637738,-0.650355,0.624929,-0.563536
21,0,0,0,0,S,0,17,18,1,0.579447,-0.577011,1.000000,-0.636581,-0.600000,-0.517634,-0.820049,-0.600000,-0.600000,-0.820049,-0.620227,-0.570916,-0.600000,-0.642349,-0.330763,-0.556146,0.330763,-0.600000,-0.600000,0.820049,-0.600000,-0.784374,0.600000,-0.600000,-0.568464,-0.547493,-0.330763,0.616705,-0.661653,0.784374,0.419580,-0.600000,-0.517634,-0.600000,0.600000,-0.600000,-0.600000,0.600000,-0.600000,0.616705,-0.325235,-0.600000,0.573345,-0.330763,-0.642349,0.600000,0.517634,-0.620227,0.784374,0.849727,0.600000,-0.677148,-0.517634,0.600000,-0.650355,-0.600000,0.700754,0.547493,-0.600000,0.600000,0.371773,-0.600000,-0.600000,0.600000,-0.600000,-0.600000,-0.600000,-0.642349,-0.650355,0.626101,-0.562307
22,0,0,0,0,stay,1,29,18,1,0.578228,-0.578232,1.000000,-0.636581,-0.600000,-0.513888,-0.828748,-0.600000,-0.600000,-0.828748,-0.621405,-0.567239,-0.600000,-0.642349,-0.317607,-0.556146,0.317607,-0.600000,-0.600000,0.828748,-0.600000,-0.792722,0.600000,-0.600000,-0.569690,-0.547493,-0.317607,0.615523,-0.661653,0.792722,0.407449,-0.600000,-0.513888,-0.600000,0.600000,-0.600000,-0.600000,0.600000,-0.600000,0.615523,-0.313272,-0.600000,0.573345,-0.317607,-0.642349,0.600000,0.513888,-0.621405,0.792722,0.857241,0.600000,-0.680422,-0.513888,0.600000,-0.650355,-0.600000,0.703893,0.547493,-0.600000,0.600000,0.357861,-0.600000,-0.600000,0.600000,-0.600000,-0.600000,-0.600000,-0.642349,-0.650355,0.626101,-0.562307
23,0,0,1,0,S,0,27,19,1,0.578228,-0.578232,1.000000,-0.636581,-0.600000,-0.513888,-0.837110,-0.600000,-0.600000,-0.837110,-0.621405,-0.567239,-0.600000,-0.642349,-0.304736,-0.556146,0.304736,-0.600000,-0.600000,0.837110,-0.600000,-0.802422,0.600000,-0.600000,-0.569690,-0.547493,-0.304736,0.615523,-0.661653,0.802422,0.393040,-0.600000,-0.513888,-0.600000,0.600000,-0.600000,-0.600000,0.600000,-0.600000,0.615523,-0.300499,-0.600000,0.573345,-0.304736,-0.642349,0.600000,0.513888,-0.621405,0.802422,0.864441,0.600000,-0.680422,-0.513888,0.600000,-0.650355,-0.600000,0.703893,0.547493,-0.600000,0.600000,0.344184,-0.600000,-0.600000,0.600000,-0.600000,-0.600000,-0.600000,-0.642349,-0.650355,0.626101,-0.562307
24,0,0,0,0,S,0,25,20,1,0.570898,-0.570901,1.000000,-0.637738,-0.600000,-0.507641,-0.843163,-0.600000,-0.600000,-0.843163,-0.628441,-0.561094,-0.600000,-0.656023,-0.295277,-0.541293,0.295277,-0.600000,-0.600000,0.843163,-0.600000,-0.809470,0.600000,-0.600000,-0.577031,-0.547493,-0.295277,0.609594,-0.662773,0.809470,0.383533,-0.600000,-0.507641,-0.600000,0.600000,-0.600000,-0.600000,0.600000,-0.600000,0.609594,-0.297342,-0.600000,0.573345,-0.295277,-0.656023,0.600000,0.507641,-0.628441,0.809470,0.869637,0.600000,-0.685838,-0.507641,0.600000,-0.650355,-0.600000,0.709082,0.547493,-0.600000,0.600000,0.347568,-0.600000,-0.600000,0.600000,-0.600000,-0.600000,-0.600000,-0.656023,-0.650355,0.626101,-0.561076
25,0,0,0,0,stay,1,29,20,1,0.569673,-0.569677,1.000000,-0.637738,-0.600000,-0.505142,-0.847744,-0.600000,-0.600000,-0.847744,-0.629608,-0.558630,-0.600000,-0.658277,-0.288039,-0.538810,0.288039,-0.600000,-0.600000,0.847744,-0.600000,-0.815572,0.600000,-0.600000,-0.578252,-0.547493,-0.288039,0.608404,-0.662773,0.815572,0.374115,-0.600000,-0.505142,-0.600000,0.600000,-0.600000,-0.600000,0.600000,-0.600000,0.608404,-0.291104,-0.600000,0.573345,-0.288039,-0.658277,0.600000,0.505142,-0.629608,0.815572,0.873561,0.600000,-0.687991,-0.505142,0.600000,-0.650355,-0.600000,0.711143,0.547493,-0.600000,0.600000,0.341913,-0.600000,-0.600000,0.600000,-0.600000,-0.600000,-0.600000,-0.658277,-0.650355,0.626101,-0.561076
26,0,0,0,0,S,0,27,21,1,0.569673,-0.569677,1.000000,-0.637738,-0.600000,-0.505142,-0.855341,-0.600000,-0.600000,-0.855341,-0.629608,-0.558630,-0.600000,-0.658277,-0.275880,-0.538810,0.275880,-0.600000,-0.600000,0.855341,-0.600000,-0.824441,0.600000,-0.600000,-0.578252,-0.547493,-0.275880,0.608404,-0.662773,0.824441,0.360166,-0.600000,-0.505142,-0.600000,0.600000,-0.600000,-0.600000,0.600000,-0.600000,0.608404,-0.278866,-0.600000,0.573345,-0.275880,-0.658277,0.600000,0.505142,-0.629608,0.824441,0.880053,0.600000,-0.687991,-0.505142,0.600000,-0.650355,-0.600000,0.711143,0.547493,-0.600000,0.600000,0.328532,-0.600000,-0.600000,0.600000,-0.600000,-0.600000,-0.600000,-0.658277,-0.650355,0.626101,-0.561076
27,0,0,0,1,S,0,25,22,1,0.569673,-0.569677,1.000000,-0.637738,-0.600000,-0.505142,-0.862621,-0.600000,-0.600000,-0.862621,-0.629608,-0.558630,-0.600000,-0.658277,-0.264043,-0.538810,0.264043,-0.600000,-0.600000,0.862621,-0.600000,-0.832970,0.600000,-0.600000,-0.578252,-0.547493,-0.264043,0.608404,-0.663890,0.832970,0.346449,-0.600000,-0.505142,-0.600000,0.600000,-0.600000,-0.600000,0.600000,-0.600000,0.608404,-0.265967,-0.600000,0.572122,-0.264043,-0.658277,0.600000,0.505142,-0.629608,0.832970,0.886255,0.600000,-0.687991,-0.505142,0.600000,-0.650355,-0.600000,0.712170,0.547493,-0.600000,0.600000,0.315423,-0.600000,-0.600000,0.600000,-0.600000,-0.600000,-0.600000,-0.658277,-0.650355,0.627272,-0.561076
28,0,0,0,0,S,0,23,23,1,0.569673,-0.569677,1.000000,-0.637738,-0.600000,-0.505142,-0.869590,-0.600000,-0.600000,-0.869590,-0.629608,-0.558630,-0.600000,-0.658277,-0.252536,-0.538810,0.252536,-0.600000,-0.600000,0.869590,-0.600000,-0.841166,0.600000,-0.600000,-0.578252,-0.547493,-0.252536,0.608404,-0.663890,0.841166,0.332981,-0.600000,-0.505142,-0.600000,0.600000,-0.600000,-0.600000,0.600000,-0.600000,0.608404,-0.254406,-0.600000,0.572122,-0.252536,-0.658277,0.600000,0.505142,-0.629608,0.841166,0.892176,0.600000,-0.687991,-0.505142,0.600000,-0.650355,-0.600000,0.712170,0.547493,-0.600000,0.600000,0.302601,-0.600000,-0.600000,0.600000,-0.600000,-0.600000,-0.600000,-0.658277,-0.650355,0.627272,-0.561076
29,0,0,0,1,S,0,21,24,1,0.569673,-0.569677,1.000000,-0.640047,-0.600000,-0.505142,-0.876257,-0.600000,-0.600000,-0.876257,-0.629608,-0.558630,-0.600000,-0.658277,-0.241365,-0.538810,0.241365,-0.600000,-0.600000,0.876257,-0.600000,-0.849032,0.600000,-0.600000,-0.578252,-0.547493,-0.241365,0.610785,-0.669452,0.849032,0.321960,-0.600000,-0.505142,-0.600000,0.600000,-0.600000,-0.600000,0.600000,-0.600000,0.610785,-0.240419,-0.600000,0.568448,-0.241365,-0.658277,0.600000,0.505142,-0.629608,0.849032,0.897825,0.600000,-0.687991,-0.505142,0.600000,-0.650355,-0.600000,0.715238,0.547493,-0.600000,0.600000,0.290078,-0.600000,-0.600000,0.600000,-0.600000,-0.600000,-0.600000,-0.658277,-0.650355,0.630774,-0.558612
30,0,0,0,1,N,0,19,26,1,0.569673,-0.569677,1.000000,-0.643498,-0.600000,-0.505142,-0.882629,-0.600000,-0.600000,-0.882629,-0.629608,-0.558630,-0.600000,-0.658277,-0.230536,-0.538810,0.230536,-0.600000,-0.600000,0.882629,-0.600000,-0.856576,0.600000,-0.600000,-0.578252,-0.547493,-0.230536,0.614347,-0.676062,0.856576,0.312208,-0.600000,-0.505142,-0.600000,0.600000,-0.600000,-0.600000,0.600000,-0.600000,0.614347,-0.226966,-0.600000,0.564765,-0.230536,-0.658277,0.600000,0.505142,-0.629608,0.856576,0.903210,0.600000,-0.687991,-0.505142,0.600000,-0.650355,-0.600000,0.718287,0.547493,-0.600000,0.600000,0.277867,-0.600000,-0.600000,0.600000,-0.600000,-0.600000,-0.600000,-0.658277,-0.650355,0.634263,-0.554912
31,0,0,1,0,S,0,17,25,1,0.569673,-0.569677,1.000000,-0.643498,-0.600000,-0.505142,-0.888715,-0.600000,-0.600000,-0.888715,-0.629608,-0.558630,-0.600000,-0.658277,-0.220051,-0.538810,0.220051,-0.600000,-0.600000,0.888715,-0.600000,-0.863804,0.600000,-0.600000,-0.578252,-0.547493,-0.220051,0.614347,-0.676062,0.863804,0.299459,-0.600000,-0.505142,-0.600000,0.600000,-0.600000,-0.600000,0.600000,-0.600000,0.614347,-0.216597,-0.600000,0.564765,-0.220051,-0.658277,0.600000,0.505142,-0.629608,0.863804,0.908340,0.600000,-0.687991,-0.505142,0.600000,-0.650355,-0.600000,0.718287,0.547493,-0.600000,0.600000,0.265976,-0.600000,-0.600000,0.600000,-0.600000,-0.600000,-0.600000,-0.658277,-0.650355,0.634263,-0.554912
32,0,1,1,1,S,0,15,24,1,0.564765,-0.564769,1.000000,-0.644645,-0.600000,-0.498892,-0.892136,-0.600000,-0.600000,-0.892136,-0.634263,-0.558632,-0.600000,-0.667225,-0.214094,-0.528858,0.214094,-0.600000,-0.598800,0.892136,-0.600000,-0.865562,0.600000,-0.600000,-0.577036,-0.541293,-0.214094,0.610789,-0.677165,0.865562,0.297361,-0.600000,-0.497642,-0.600000,0.600000,-0.600000,-0.600000,0.600000,-0.600000,0.610789,-0.210702,-0.601200,0.559845,-0.214094,-0.667225,0.600000,0.498892,-0.638896,0.865562,0.913229,0.600000,-0.693337,-0.498892,0.600000,-0.656023,-0.600000,0.727317,0.541293,-0.600000,0.600000,0.266943,-0.600000,-0.604793,0.600000,-0.600000,-0.600000,-0.600000,-0.667225,-0.656023,0.638893,-0.553677
33,0,1,1,1,stay,1,29,24,1,0.562307,-0.563540,1.000000,-0.645790,-0.600000,-0.495142,-0.894523,-0.600000,-0.600000,-0.894523,-0.636581,-0.561099,-0.600000,-0.670550,-0.209912,-0.525119,0.209912,-0.600000,-0.597599,0.894523,-0.600000,-0.868450,0.600000,-0.600000,-0.573373,-0.535081,-0.209912,0.609602,-0.679357,0.868450,0.293195,-0.600000,-0.492642,-0.600000,0.600000,-0.600000,-0.600000,0.600000,-0.600000,0.609602,-0.204920,-0.602399,0.554912,-0.209912,-0.670550,0.600000,0.495142,-0.644648,0.868450,0.917121,0.600000,-0.696520,-0.495142,0.600000,-0.661646,-0.600000,0.734213,0.535081,-0.600000,0.600000,0.264981,-0.600000,-0.608374,0.600000,-0.600000,-0.600000,-0.600000,-0.670550,-0.661646,0.643498,-0.552441
34,0,0,0,0,S,0,27,23,1,0.553677,-0.559850,1.000000,-0.648076,-0.600000,-0.485146,-0.900960,-0.600000,-0.600000,-0.900960,-0.644645,-0.551228,-0.600000,-0.681509,-0.198521,-0.512639,0.198521,-0.600000,-0.597599,0.900960,-0.600000,-0.872404,0.600000,-0.600000,-0.581915,-0.535081,-0.198521,0.603640,-0.681533,0.872404,0.288034,-0.600000,-0.482648,-0.600000,0.600000,-0.600000,-0.600000,0.600000,-0.600000,0.603640,-0.199263,-0.602399,0.554912,-0.198521,-0.681509,0.600000,0.485146,-0.652630,0.872404,0.922299,0.600000,-0.704917,-0.485146,0.600000,-0.661646,-0.600000,0.741954,0.535081,-0.600000,0.600000,0.261093,-0.600000,-0.608374,0.600000,-0.600000,-0.600000,-0.600000,-0.681509,-0.661646,0.643498,-0.549968
35,0,0,0,0,stay,1,29,23,1,0.553677,-0.559850,1.000000,-0.649216,-0.600000,-0.480151,-0.906197,-0.600000,-0.600000,-0.906197,-0.644645,-0.546277,-0.600000,-0.681509,-0.189133,-0.512639,0.189133,-0.600000,-0.597599,0.906197,-0.600000,-0.876799,0.600000,-0.600000,-0.581915,-0.535081,-0.189133,0.604837,-0.682619,0.876799,0.280902,-0.600000,-0.477656,-0.600000,0.600000,-0.600000,-0.600000,0.600000,-0.600000,0.604837,-0.189848,-0.602399,0.554912,-0.189133,-0.681509,0.600000,0.480151,-0.652630,0.876799,0.926500,0.600000,-0.709064,-0.480151,0.600000,-0.661646,-0.600000,0.745770,0.535081,-0.600000,0.600000,0.249671,-0.600000,-0.608374,0.600000,-0.600000,-0.600000,-0.600000,-0.681509,-0.661646,0.643498,-0.548731
36,0,0,0,0,S,0,27,22,1,0.553677,-0.559850,1.000000,-0.649216,-0.600000,-0.480151,-0.911184,-0.600000,-0.600000,-0.911184,-0.644645,-0.546277,-0.600000,-0.681509,-0.180088,-0.512639,0.180088,-0.600000,-0.597599,0.911184,-0.600000,-0.883147,0.600000,-0.600000,-0.581915,-0.535081,-0.180088,0.604837,-0.682619,0.883147,0.268930,-0.600000,-0.477656,-0.600000,0.600000,-0.600000,-0.600000,0.600000,-0.600000,0.604837,-0.180777,-0.602399,0.554912,-0.180088,-0.681509,0.600000,0.480151,-0.652630,0.883147,0.930491,0.600000,-0.709064,-0.480151,0.600000,-0.661646,-0.600000,0.745770,0.535081,-0.600000,0.600000,0.238586,-0.600000,-0.608374,0.600000,-0.600000,-0.600000,-0.600000,-0.681509,-0.661646,0.643498,-0.548731
37,0,1,1,0,S,0,25,21,1,0.553677,-0.559850,1.000000,-0.652627,-0.600000,-0.475161,-0.915931,-0.600000,-0.600000,-0.915931,-0.644645,-0.548755,-0.600000,-0.681509,-0.171385,-0.512639,0.171385,-0.600000,-0.597599,0.915931,-0.600000,-0.887220,0.600000,-0.600000,-0.574602,-0.527612,-0.171385,0.608418,-0.685862,0.887220,0.264037,-0.600000,-0.472667,-0.600000,0.600000,-0.600000,-0.600000,0.600000,-0.600000,0.608418,-0.172047,-0.602399,0.554912,-0.171385,-0.681509,0.600000,0.475161,-0.652630,0.887220,0.936111,0.600000,-0.713177,-0.475161,0.600000,-0.668335,-0.600000,0.749547,0.527612,-0.600000,0.600000,0.227844,-0.600000,-0.608374,0.600000,-0.600000,-0.600000,-0.600000,-0.681509,-0.668335,0.643498,-0.545015
38,0,0,0,0,W,0,23,22,1,0.553677,-0.559850,1.000000,-0.653761,-0.600000,-0.475161,-0.920447,-0.600000,-0.600000,-0.920447,-0.644645,-0.548755,-0.600000,-0.681509,-0.163018,-0.512639,0.163018,-0.600000,-0.597599,0.920447,-0.600000,-0.892617,0.600000,-0.600000,-0.574602,-0.527612,-0.163018,0.609609,-0.686940,0.892617,0.254425,-0.600000,-0.472667,-0.600000,0.600000,-0.600000,-0.600000,0.600000,-0.600000,0.609609,-0.163654,-0.602399,0.554912,-0.163018,-0.681509,0.600000,0.475161,-0.652630,0.892617,0.939615,0.600000,-0.713177,-0.475161,0.600000,-0.668335,-0.600000,0.749547,0.527612,-0.600000,0.600000,0.217447,-0.600000,-0.608374,0.600000,-0.600000,-0.600000,-0.600000,-0.681509,-0.668335,0.643498,-0.543775
39,0,1,1,0,S,0,21,21,1,0.553677,-0.559850,1.000000,-0.658277,-0.600000,-0.468930,-0.924740,-0.600000,-0.600000,-0.924740,-0.644645,-0.549993,-0.600000,-0.681509,-0.154982,-0.512639,0.154982,-0.600000,-0.597599,0.924740,-0.600000,-0.895933,0.600000,-0.600000,-0.567256,-0.520130,-0.154982,0.614361,-0.691229,0.895933,0.251587,-0.600000,-0.466440,-0.600000,0.600000,-0.600000,-0.600000,0.600000,-0.600000,0.614361,-0.155593,-0.602399,0.554912,-0.154982,-0.681509,0.600000,0.468930,-0.652630,0.895933,0.944541,0.600000,-0.718269,-0.468930,0.600000,-0.674957,-0.600000,0.754217,0.520130,-0.600000,0.600000,0.207396,-0.600000,-0.608374,0.600000,-0.600000,-0.600000,-0.600000,-0.681509,-0.674957,0.643498,-0.538810
40,0,0,1,0,S,0,19,20,1,0.543775,-0.552448,1.000000,-0.661646,-0.600000,-0.457739,-0.928154,-0.600000,-0.600000,-0.928154,-0.653761,-0.538835,-0.600000,-0.696520,-0.148535,-0.495142,0.148535,-0.600000,-0.593988,0.928154,-0.600000,-0.899611,0.600000,-0.600000,-0.577051,-0.520130,-0.148535,0.608426,-0.685879,0.899611,0.246901,-0.600000,-0.451539,-0.600000,0.600000,-0.600000,-0.600000,0.600000,-0.600000,0.608426,-0.154267,-0.605988,0.554912,-0.148535,-0.696520,0.600000,0.457739,-0.670558,0.899611,0.947108,0.600000,-0.727295,-0.457739,0.600000,-0.674957,-0.600000,0.762474,0.520130,-0.600000,0.600000,0.210683,-0.600000,-0.617867,0.600000,-0.600000,-0.600000,-0.600000,-0.696520,-0.674957,0.643498,-0.535081
41,0,0,1,0,stay,1,29,20,1,0.540052,-0.552448,1.000000,-0.662766,-0.600000,-0.451539,-0.930133,-0.600000,-0.600000,-0.930133,-0.657151,-0.532618,-0.600000,-0.699685,-0.144774,-0.491393,0.144774,-0.600000,-0.592782,0.930133,-0.600000,-0.901851,0.600000,-0.600000,-0.580709,-0.520130,-0.144774,0.606043,-0.684804,0.901851,0.243196,-0.600000,-0.444119,-0.600000,0.600000,-0.600000,-0.600000,0.600000,-0.600000,0.606043,-0.152311,-0.607182,0.554912,-0.144774,-0.699685,0.600000,0.451539,-0.676062,0.901851,0.948594,0.600000,-0.732231,-0.451539,0.600000,-0.674957,-0.600000,0.766978,0.520130,-0.600000,0.600000,0.208189,-0.600000,-0.620227,0.600000,-0.600000,-0.600000,-0.600000,-0.699685,-0.674957,0.643498,-0.533837
42,0,1,0,0,S,0,27,19,1,0.535081,-0.547500,1.000000,-0.664999,-0.600000,-0.445354,-0.933320,-0.600000,-0.600000,-0.933320,-0.661646,-0.536351,-0.600000,-0.708031,-0.138682,-0.481400,0.138682,-0.600000,-0.592782,0.933320,-0.600000,-0.905770,0.600000,-0.600000,-0.575836,-0.510140,-0.138682,0.603657,-0.686960,0.905770,0.236804,-0.600000,-0.437954,-0.600000,0.600000,-0.600000,-0.600000,0.600000,-0.600000,0.603657,-0.148464,-0.607182,0.554912,-0.138682,-0.708031,0.600000,0.445354,-0.680430,0.905770,0.952824,0.600000,-0.737110,-0.445354,0.600000,-0.683678,-0.600000,0.771422,0.510140,-0.600000,0.600000,0.206528,-0.600000,-0.620227,0.600000,-0.600000,-0.600000,-0.600000,-0.708031,-0.683678,0.643498,-0.531348
43,0,1,0,0,stay,1,29,19,1,0.533837,-0.547500,1.000000,-0.666113,-0.600000,-0.437954,-0.936966,-0.600000,-0.600000,-0.936966,-0.662766,-0.536352,-0.600000,-0.709064,-0.131657,-0.480151,0.131657,-0.600000,-0.592782,0.936966,-0.600000,-0.908305,0.600000,-0.600000,-0.569721,-0.502642,-0.131657,0.603658,-0.688035,0.908305,0.232310,-0.600000,-0.430581,-0.600000,0.600000,-0.600000,-0.600000,0.600000,-0.600000,0.603658,-0.141633,-0.607182,0.554912,-0.131657,-0.709064,0.600000,0.437954,-0.681518,0.908305,0.956723,0.600000,-0.742888,-0.437954,0.600000,-0.690136,-0.600000,0.776676,0.502642,-0.600000,0.600000,0.197647,-0.600000,-0.620227,0.600000,-0.600000,-0.600000,-0.600000,-0.709064,-0.690136,0.643498,-0.530103
44,0,0,1,1,S,0,27,18,1,0.533837,-0.547500,1.000000,-0.667225,-0.600000,-0.435493,-0.940425,-0.600000,-0.600000,-0.940425,-0.662766,-0.535109,-0.600000,-0.709064,-0.124936,-0.480151,0.124936,-0.600000,-0.592782,0.940425,-0.600000,-0.912393,0.600000,-0.600000,-0.568495,-0.501392,-0.124936,0.604855,-0.693383,0.912393,0.224370,-0.600000,-0.428130,-0.600000,0.600000,-0.600000,-0.600000,0.600000,-0.600000,0.604855,-0.132158,-0.607182,0.549968,-0.124936,-0.709064,0.600000,0.435493,-0.681518,0.912393,0.959343,0.600000,-0.744796,-0.435493,0.600000,-0.691205,-0.600000,0.781848,0.501392,-0.600000,0.600000,0.188291,-0.600000,-0.620227,0.600000,-0.600000,-0.600000,-0.600000,-0.709064,-0.691205,0.648076,-0.528858
45,0,0,0,1,S,0,25,17,1,0.526366,-0.542543,1.000000,-0.667225,-0.600000,-0.424460,-0.943706,-0.600000,-0.600000,-0.943706,-0.669443,-0.523900,-0.600000,-0.719281,-0.118510,-0.467684,0.118510,-0.600000,-0.592782,0.943706,-0.600000,-0.914375,0.600000,-0.600000,-0.575841,-0.501392,-0.118510,0.597666,-0.697623,0.914375,0.220044,-0.600000,-0.417146,-0.600000,0.600000,-0.600000,-0.600000,0.600000,-0.600000,0.597666,-0.126513,-0.607182,0.545015,-0.118510,-0.719281,0.600000,0.424460,-0.687999,0.914375,0.961625,0.600000,-0.753265,-0.424460,0.600000,-0.691205,-0.600000,0.792751,0.501392,-0.600000,0.600000,0.186755,-0.600000,-0.620227,0.600000,-0.600000,-0.600000,-0.600000,-0.719281,-0.691205,0.652627,-0.528858
46,0,0,0,1,stay,1,29,17,1,0.525119,-0.542543,1.000000,-0.668335,-0.600000,-0.422018,-0.945541,-0.600000,-0.600000,-0.945541,-0.670550,-0.521405,-0.600000,-0.720290,-0.114896,-0.466440,0.114896,-0.600000,-0.592782,0.945541,-0.600000,-0.917840,0.600000,-0.600000,-0.577062,-0.501392,-0.114896,0.597667,-0.701829,0.917840,0.213246,-0.600000,-0.414715,-0.600000,0.600000,-0.600000,-0.600000,0.600000,-0.600000,0.597667,-0.121612,-0.607182,0.541293,-0.114896,-0.720290,0.600000,0.422018,-0.689073,0.917840,0.962898,0.600000,-0.755122,-0.422018,0.600000,-0.691205,-0.600000,0.796837,0.501392,-0.600000,0.600000,0.182232,-0.600000,-0.620227,0.600000,-0.600000,-0.600000,-0.600000,-0.720290,-0.691205,0.656023,-0.527612
47,0,0,0,1,S,0,27,16,1,0.525119,-0.542543,1.000000,-0.668335,-0.600000,-0.422018,-0.948556,-0.600000,-0.600000,-0.948556,-0.670550,-0.521405,-0.600000,-0.720290,-0.108922,-0.466440,0.108922,-0.600000,-0.592782,0.948556,-0.600000,-0.922262,0.600000,-0.600000,-0.577062,-0.501392,-0.108922,0.597667,-0.701829,0.922262,0.203339,-0.600000,-0.414715,-0.600000,0.600000,-0.600000,-0.600000,0.600000,-0.600000,0.597667,-0.115335,-0.607182,0.541293,-0.108922,-0.720290,0.600000,0.422018,-0.689073,0.922262,0.964988,0.600000,-0.755122,-0.422018,0.600000,-0.691205,-0.600000,0.796837,0.501392,-0.600000,0.600000,0.173447,-0.600000,-0.620227,0.600000,-0.600000,-0.600000,-0.600000,-0.720290,-0.691205,0.656023,-0.527612
48,0,0,1,1,S,0,25,15,1,0.525119,-0.542543,1.000000,-0.671654,-0.600000,-0.422018,-0.951413,-0.600000,-0.600000,-0.951413,-0.670550,-0.521405,-0.600000,-0.720290,-0.103223,-0.466440,0.103223,-0.600000,-0.592782,0.951413,-0.600000,-0.926465,0.600000,-0.600000,-0.577062,-0.501392,-0.103223,0.601271,-0.708075,0.926465,0.196136,-0.600000,-0.414715,-0.600000,0.600000,-0.600000,-0.600000,0.600000,-0.600000,0.601271,-0.107881,-0.607182,0.537567,-0.103223,-0.720290,0.600000,0.422018,-0.689073,0.926465,0.966964,0.600000,-0.755122,-0.422018,0.600000,-0.691205,-0.600000,0.799258,0.501392,-0.600000,0.600000,0.164999,-0.600000,-0.620227,0.600000,-0.600000,-0.600000,-0.600000,-0.720290,-0.691205,0.659402,-0.523872
49,0,0,0,1,S,0,23,14,1,0.518882,-0.537576,1.000000,-0.673858,-0.600000,-0.417146,-0.952558,-0.600000,-0.600000,-0.952558,-0.676053,-0.516413,-0.600000,-0.729276,-0.100927,-0.455257,0.100927,-0.600000,-0.592782,0.952558,-0.600000,-0.928819,0.600000,-0.600000,-0.583154,-0.501392,-0.100927,0.597671,-0.715266,0.928819,0.192218,-0.600000,-0.409867,-0.600000,0.600000,-0.600000,-0.600000,0.600000,-0.600000,0.597671,-0.105490,-0.607182,0.531348,-0.100927,-0.729276,0.600000,0.417146,-0.694408,0.928819,0.967755,0.600000,-0.758806,-0.417146,0.600000,-0.691205,-0.600000,0.806396,0.501392,-0.600000,0.600000,0.167764,-0.600000,-0.620227,0.600000,-0.600000,-0.600000,-0.600000,-0.729276,-0.691205,0.664999,-0.521378
50,0,0,0,1,stay,1,29,14,1,0.517634,-0.538819,1.000000,-0.676053,-0.600000,-0.415930,-0.955203,-0.600000,-0.600000,-0.955203,-0.677148,-0.515164,-0.600000,-0.729276,-0.095601,-0.455257,0.095601,-0.600000,-0.592782,0.955203,-0.600000,-0.932062,0.600000,-0.600000,-0.584370,-0.501392,-0.095601,0.598874,-0.720336,0.932062,0.186074,-0.600000,-0.408658,-0.600000,0.600000,-0.600000,-0.600000,0.600000,-0.600000,0.598874,-0.099047,-0.607182,0.527612,-0.095601,-0.729276,0.600000,0.415930,-0.695469,0.932062,0.969580,0.600000,-0.759721,-0.415930,0.600000,-0.691205,-0.600000,0.809507,0.501392,-0.600000,0.600000,0.159539,-0.600000,-0.620227,0.600000,-0.600000,-0.600000,-0.600000,-0.729276,-0.691205,0.668335,-0.518882
51,0,1,1,1,S,0,27,13,1,0.517634,-0.538819,1.000000,-0.679333,-0.600000,-0.411078,-0.957707,-0.600000,-0.600000,-0.957707,-0.677148,-0.516413,-0.600000,-0.729276,-0.090528,-0.455257,0.090528,-0.600000,-0.592782,0.957707,-0.600000,-0.934556,0.600000,-0.600000,-0.578288,-0.495142,-0.090528,0.602474,-0.729327,0.934556,0.182312,-0.600000,-0.403831,-0.600000,0.600000,-0.600000,-0.600000,0.600000,-0.600000,0.602474,-0.091275,-0.607182,0.520130,-0.090528,-0.729276,0.600000,0.411078,-0.695469,0.934556,0.971998,0.600000,-0.763357,-0.411078,0.600000,-0.696520,-0.600000,0.817119,0.495142,-0.600000,0.600000,0.151644,-0.600000,-0.620227,0.600000,-0.600000,-0.600000,-0.600000,-0.729276,-0.696520,0.674957,-0.515137
52,1,0,0,0,W,0,25,14,1,0.513888,-0.522634,1.000000,-0.680422,-0.600000,-0.389466,-0.958511,-0.600000,-0.600000,-0.958511,-0.680422,-0.493920,-0.600000,-0.744796,-0.088891,-0.435493,0.088891,-0.600000,-0.592782,0.958511,-0.600000,-0.935167,0.600000,-0.600000,-0.581943,-0.495142,-0.088891,0.600079,-0.730314,0.935167,0.181566,-0.600000,-0.382353,-0.600000,0.600000,-0.600000,-0.600000,0.600000,-0.600000,0.600079,-0.090856,-0.607182,0.520130,-0.088891,-0.744796,0.600000,0.389466,-0.698640,0.935167,0.972539,0.600000,-0.779249,-0.389466,0.600000,-0.696520,-0.600000,0.830207,0.495142,-0.600000,0.600000,0.159504,-0.600000,-0.620227,0.600000,-0.600000,-0.600000,-0.600000,-0.744796,-0.696520,0.674957,-0.513888
53,1,0,0,0,stay,1,29,14,1,0.512639,-0.521387,1.000000,-0.680422,-0.600000,-0.376463,-0.959884,-0.600000,-0.600000,-0.959884,-0.681509,-0.480179,-0.600000,-0.746695,-0.086091,-0.433035,0.086091,-0.600000,-0.592782,0.959884,-0.600000,-0.936371,0.600000,-0.600000,-0.583159,-0.495142,-0.086091,0.598879,-0.730314,0.936371,0.178608,-0.600000,-0.369443,-0.600000,0.600000,-0.600000,-0.600000,0.600000,-0.600000,0.598879,-0.088401,-0.607182,0.520130,-0.086091,-0.746695,0.600000,0.376463,-0.699693,0.936371,0.973460,0.600000,-0.788578,-0.376463,0.600000,-0.696520,-0.600000,0.837833,0.495142,-0.600000,0.600000,0.156171,-0.600000,-0.620227,0.600000,-0.600000,-0.600000,-0.600000,-0.746695,-0.696520,0.674957,-0.513888
54,0,1,0,1,S,0,27,13,1,0.512639,-0.521387,1.000000,-0.681509,-0.600000,-0.371777,-0.962137,-0.600000,-0.600000,-0.962137,-0.681509,-0.482675,-0.600000,-0.746695,-0.081477,-0.433035,0.081477,-0.600000,-0.592782,0.962137,-0.600000,-0.938430,0.600000,-0.600000,-0.575852,-0.487644,-0.081477,0.600080,-0.735218,0.938430,0.174243,-0.600000,-0.364793,-0.600000,0.600000,-0.600000,-0.600000,0.600000,-0.600000,0.600080,-0.082144,-0.607182,0.515137,-0.081477,-0.746695,0.600000,0.371777,-0.699693,0.938430,0.975698,0.600000,-0.791898,-0.371777,0.600000,-0.702830,-0.600000,0.843210,0.487644,-0.600000,0.600000,0.148413,-0.600000,-0.620227,0.600000,-0.600000,-0.600000,-0.600000,-0.746695,-0.702830,0.679333,-0.512639
55,0,0,0,0,S,0,25,12,1,0.512639,-0.521387,1.000000,-0.682594,-0.600000,-0.371777,-0.964268,-0.600000,-0.600000,-0.964268,-0.681509,-0.482675,-0.600000,-0.746695,-0.077089,-0.433035,0.077089,-0.600000,-0.592782,0.964268,-0.600000,-0.941814,0.600000,-0.600000,-0.575852,-0.487644,-0.077089,0.601280,-0.737162,0.941814,0.166458,-0.600000,-0.364793,-0.600000,0.600000,-0.600000,-0.600000,0.600000,-0.600000,0.601280,-0.077363,-0.607182,0.513888,-0.077089,-0.746695,0.600000,0.371777,-0.699693,0.941814,0.977084,0.600000,-0.791898,-0.371777,0.600000,-0.702830,-0.600000,0.843871,0.487644,-0.600000,0.600000,0.140976,-0.600000,-0.620227,0.600000,-0.600000,-0.600000,-0.600000,-0.746695,-0.702830,0.680422,-0.511390
56,0,0,1,0,S,0,23,11,1,0.512639,-0.521387,1.000000,-0.682594,-0.600000,-0.371777,-0.966283,-0.600000,-0.600000,-0.966283,-0.681509,-0.482675,-0.600000,-0.746695,-0.072918,-0.433035,0.072918,-0.600000,-0.592782,0.966283,-0.600000,-0.945023,0.600000,-0.600000,-0.575852,-0.487644,-0.072918,0.601280,-0.737162,0.945023,0.158285,-0.600000,-0.364793,-0.600000,0.600000,-0.600000,-0.600000,0.600000,-0.600000,0.601280,-0.073179,-0.607182,0.513888,-0.072918,-0.746695,0.600000,0.371777,-0.699693,0.945023,0.978392,0.600000,-0.791898,-0.371777,0.600000,-0.702830,-0.600000,0.843871,0.487644,-0.600000,0.600000,0.133852,-0.600000,-0.620227,0.600000,-0.600000,-0.600000,-0.600000,-0.746695,-0.702830,0.680422,-0.511390
57,0,1,1,0,S,0,21,10,1,0.502642,-0.510150,1.000000,-0.682594,-0.600000,-0.360168,-0.968189,-0.600000,-0.600000,-0.968189,-0.690136,-0.480178,-0.600000,-0.762452,-0.068956,-0.412289,0.068956,-0.600000,-0.589158,0.968189,-0.600000,-0.946310,0.600000,-0.600000,-0.575857,-0.477656,-0.068956,0.591658,-0.731315,0.946310,0.154977,-0.600000,-0.349857,-0.600000,0.600000,-0.600000,-0.600000,0.600000,-0.600000,0.591658,-0.071826,-0.610755,0.513888,-0.068956,-0.762452,0.600000,0.360168,-0.714214,0.946310,0.980416,0.600000,-0.800029,-0.360168,0.600000,-0.711125,-0.600000,0.850357,0.477656,-0.600000,0.600000,0.136761,-0.600000,-0.627272,0.600000,-0.600000,-0.600000,-0.600000,-0.762452,-0.711125,0.680422,-0.511390
58,1,0,0,0,S,0,19,9,1,0.500142,-0.496402,1.000000,-0.682594,-0.600000,-0.343059,-0.968800,-0.600000,-0.600000,-0.968800,-0.692272,-0.462734,-0.600000,-0.774038,-0.067681,-0.396627,0.067681,-0.600000,-0.589158,0.968800,-0.600000,-0.946564,0.600000,-0.600000,-0.577079,-0.476408,-0.067681,0.589240,-0.731315,0.946564,0.154322,-0.600000,-0.332982,-0.600000,0.600000,-0.600000,-0.600000,0.600000,-0.600000,0.589240,-0.071157,-0.610755,0.513888,-0.067681,-0.774038,0.600000,0.343059,-0.716253,0.946564,0.980892,0.600000,-0.811776,-0.343059,0.600000,-0.712152,-0.600000,0.859668,0.476408,-0.600000,0.600000,0.142147,-0.600000,-0.627272,0.600000,-0.600000,-0.600000,-0.600000,-0.774038,-0.712152,0.680422,-0.511390
59,1,0,0,0,stay,1,29,9,1,0.500142,-0.491402,1.000000,-0.682594,-0.600000,-0.330763,-0.969696,-0.600000,-0.600000,-0.969696,-0.692272,-0.449089,-0.600000,-0.777522,-0.065808,-0.391848,0.065808,-0.600000,-0.589158,0.969696,-0.600000,-0.947817,0.600000,-0.600000,-0.577079,-0.476408,-0.065808,0.589240,-0.731315,0.947817,0.151082,-0.600000,-0.320870,-0.600000,0.600000,-0.600000,-0.600000,0.600000,-0.600000,0.589240,-0.069196,-0.610755,0.513888,-0.065808,-0.777522,0.600000,0.330763,-0.716253,0.947817,0.981448,0.600000,-0.820049,-0.330763,0.600000,-0.712152,-0.600000,0.866185,0.476408,-0.600000,0.600000,0.140921,-0.600000,-0.627272,0.600000,-0.600000,-0.600000,-0.600000,-0.777522,-0.712152,0.680422,-0.511390
60,0,0,0,0,S,0,27,8,1,0.500142,-0.491402,1.000000,-0.682594,-0.600000,-0.328551,-0.971415,-0.600000,-0.600000,-0.971415,-0.692272,-0.446615,-0.600000,-0.777522,-0.062206,-0.391848,0.062206,-0.600000,-0.589158,0.971415,-0.600000,-0.950478,0.600000,-0.600000,-0.577079,-0.476408,-0.062206,0.589240,-0.731315,0.950478,0.144150,-0.600000,-0.318693,-0.600000,0.600000,-0.600000,-0.600000,0.600000,-0.600000,0.589240,-0.065422,-0.610755,0.513888,-0.062206,-0.777522,0.600000,0.328551,-0.716253,0.950478,0.982512,0.600000,-0.821522,-0.328551,0.600000,-0.712152,-0.600000,0.867342,0.476408,-0.600000,0.600000,0.133800,-0.600000,-0.627272,0.600000,-0.600000,-0.600000,-0.600000,-0.777522,-0.712152,0.680422,-0.511390
61,0,0,1,0,S,0,25,7,1,0.500142,-0.491402,1.000000,-0.682594,-0.600000,-0.328551,-0.973038,-0.600000,-0.600000,-0.973038,-0.692272,-0.446615,-0.600000,-0.777522,-0.058790,-0.391848,0.058790,-0.600000,-0.589158,0.973038,-0.600000,-0.953233,0.600000,-0.600000,-0.577079,-0.476408,-0.058790,0.589240,-0.731315,0.953233,0.136892,-0.600000,-0.318693,-0.600000,0.600000,-0.600000,-0.600000,0.600000,-0.600000,0.589240,-0.061840,-0.610755,0.513888,-0.058790,-0.777522,0.600000,0.328551,-0.716253,0.953233,0.983516,0.600000,-0.821522,-0.328551,0.600000,-0.712152,-0.600000,0.867342,0.476408,-0.600000,0.600000,0.126985,-0.600000,-0.627272,0.600000,-0.600000,-0.600000,-0.600000,-0.777522,-0.712152,0.680422,-0.511390
62,0,0,0,0,S,0,23,6,1,0.493892,-0.486404,1.000000,-0.682594,-0.600000,-0.323055,-0.974197,-0.600000,-0.600000,-0.974197,-0.697577,-0.440444,-0.600000,-0.785219,-0.056343,-0.381172,0.056343,-0.600000,-0.589158,0.974197,-0.600000,-0.954772,0.600000,-0.600000,-0.583171,-0.476408,-0.056343,0.583179,-0.731315,0.954772,0.132802,-0.600000,-0.313285,-0.600000,0.600000,-0.600000,-0.600000,0.600000,-0.600000,0.583179,-0.060684,-0.610755,0.513888,-0.056343,-0.785219,0.600000,0.323055,-0.721312,0.954772,0.984231,0.600000,-0.825164,-0.323055,0.600000,-0.712152,-0.600000,0.870197,0.476408,-0.600000,0.600000,0.126979,-0.600000,-0.627272,0.600000,-0.600000,-0.600000,-0.600000,-0.785219,-0.712152,0.680422,-0.511390
63,0,0,0,0,stay,1,29,6,1,0.491393,-0.487653,1.000000,-0.682594,-0.600000,-0.320870,-0.975666,-0.600000,-0.600000,-0.975666,-0.699685,-0.437980,-0.600000,-0.786063,-0.053230,-0.379992,0.053230,-0.600000,-0.589158,0.975666,-0.600000,-0.956680,0.600000,-0.600000,-0.585600,-0.476408,-0.053230,0.580747,-0.731315,0.956680,0.127695,-0.600000,-0.311135,-0.600000,0.600000,-0.600000,-0.600000,0.600000,-0.600000,0.580747,-0.057889,-0.610755,0.513888,-0.053230,-0.786063,0.600000,0.320870,-0.723320,0.956680,0.985138,0.600000,-0.826605,-0.320870,0.600000,-0.712152,-0.600000,0.871324,0.476408,-0.600000,0.600000,0.120995,-0.600000,-0.627272,0.600000,-0.600000,-0.600000,-0.600000,-0.786063,-0.712152,0.680422,-0.511390
64,0,0,1,0,S,0,27,5,1,0.491393,-0.487653,1.000000,-0.682594,-0.600000,-0.320870,-0.977054,-0.600000,-0.600000,-0.977054,-0.699685,-0.437980,-0.600000,-0.786063,-0.050279,-0.379992,0.050279,-0.600000,-0.589158,0.977054,-0.600000,-0.959105,0.600000,-0.600000,-0.585600,-0.476408,-0.050279,0.580747,-0.731315,0.959105,0.121148,-0.600000,-0.311135,-0.600000,0.600000,-0.600000,-0.600000,0.600000,-0.600000,0.580747,-0.054696,-0.610755,0.513888,-0.050279,-0.786063,0.600000,0.320870,-0.723320,0.959105,0.985993,0.600000,-0.826605,-0.320870,0.600000,-0.712152,-0.600000,0.871324,0.476408,-0.600000,0.600000,0.114746,-0.600000,-0.627272,0.600000,-0.600000,-0.600000,-0.600000,-0.786063,-0.712152,0.680422,-0.511390
65,0,1,1,0,S,0,25,4,1,0.487644,-0.482657,1.000000,-0.682594,-0.600000,-0.314362,-0.978258,-0.600000,-0.600000,-0.978258,-0.702830,-0.437979,-0.600000,-0.791898,-0.047711,-0.371777,0.047711,-0.600000,-0.589158,0.978258,-0.600000,-0.960268,0.600000,-0.600000,-0.581958,-0.468930,-0.047711,0.577092,-0.730333,0.960268,0.117984,-0.600000,-0.304736,-0.600000,0.600000,-0.600000,-0.600000,0.600000,-0.600000,0.577092,-0.052658,-0.610755,0.513888,-0.047711,-0.791898,0.600000,0.314362,-0.727309,0.960268,0.987124,0.600000,-0.830870,-0.314362,0.600000,-0.718269,-0.600000,0.874657,0.468930,-0.600000,0.600000,0.112724,-0.600000,-0.628441,0.600000,-0.600000,-0.600000,-0.600000,-0.791898,-0.718269,0.680422,-0.511390
66,0,1,1,0,stay,1,29,4,1,0.487644,-0.482657,1.000000,-0.684759,-0.600000,-0.308994,-0.979501,-0.600000,-0.600000,-0.979501,-0.702830,-0.439210,-0.600000,-0.791898,-0.045052,-0.371777,0.045052,-0.600000,-0.589158,0.979501,-0.600000,-0.961400,0.600000,-0.600000,-0.574645,-0.461465,-0.045052,0.579532,-0.732300,0.961400,0.115915,-0.600000,-0.299460,-0.600000,0.600000,-0.600000,-0.600000,0.600000,-0.600000,0.579532,-0.049738,-0.610755,0.513888,-0.045052,-0.791898,0.600000,0.308994,-0.727309,0.961400,0.988224,0.600000,-0.834359,-0.308994,0.600000,-0.724306,-0.600000,0.877377,0.461465,-0.600000,0.600000,0.106850,-0.600000,-0.628441,0.600000,-0.600000,-0.600000,-0.600000,-0.791898,-0.724306,0.680422,-0.508891
67,0,0,0,0,S,0,27,3,1,0.475161,-0.472676,1.000000,-0.686916,-0.600000,-0.297364,-0.980484,-0.600000,-0.600000,-0.980484,-0.713177,-0.425707,-0.600000,-0.806362,-0.042945,-0.350996,0.042945,-0.600000,-0.589158,0.980484,-0.600000,-0.962681,0.600000,-0.600000,-0.586823,-0.461465,-0.042945,0.569760,-0.734258,0.962681,0.113372,-0.600000,-0.288039,-0.600000,0.600000,-0.600000,-0.600000,0.600000,-0.600000,0.569760,-0.049731,-0.610755,0.513888,-0.042945,-0.806362,0.600000,0.297364,-0.737123,0.962681,0.988793,0.600000,-0.841834,-0.297364,0.600000,-0.724306,-0.600000,0.883183,0.461465,-0.600000,0.600000,0.110714,-0.600000,-0.628441,0.600000,-0.600000,-0.600000,-0.600000,-0.806362,-0.724306,0.680422,-0.506391
68,0,0,0,0,stay,1,29,3,1,0.472667,-0.473922,1.000000,-0.686916,-0.600000,-0.294237,-0.981602,-0.600000,-0.600000,-0.981602,-0.715220,-0.422043,-0.600000,-0.807142,-0.040540,-0.349857,0.040540,-0.600000,-0.589158,0.981602,-0.600000,-0.964268,0.600000,-0.600000,-0.589247,-0.461465,-0.040540,0.567307,-0.734258,0.964268,0.108918,-0.600000,-0.284970,-0.600000,0.600000,-0.600000,-0.600000,0.600000,-0.600000,0.567307,-0.047416,-0.610755,0.513888,-0.040540,-0.807142,0.600000,0.294237,-0.739059,0.964268,0.989440,0.600000,-0.843824,-0.294237,0.600000,-0.724306,-0.600000,0.884725,0.461465,-0.600000,0.600000,0.105403,-0.600000,-0.628441,0.600000,-0.600000,-0.600000,-0.600000,-0.807142,-0.724306,0.680422,-0.506391
69,0,0,0,1,S,0,27,2,1,0.472667,-0.473922,1.000000,-0.687991,-0.600000,-0.294237,-0.982657,-0.600000,-0.600000,-0.982657,-0.715220,-0.422043,-0.600000,-0.807142,-0.038264,-0.349857,0.038264,-0.600000,-0.589158,0.982657,-0.600000,-0.966283,0.600000,-0.600000,-0.589247,-0.461465,-0.038264,0.568535,-0.737178,0.966283,0.103684,-0.600000,-0.284970,-0.600000,0.600000,-0.600000,-0.600000,0.600000,-0.600000,0.568535,-0.044344,-0.610755,0.511390,-0.038264,-0.807142,0.600000,0.294237,-0.739059,0.966283,0.990051,0.600000,-0.843824,-0.294237,0.600000,-0.724306,-0.600000,0.885743,0.461465,-0.600000,0.600000,0.099868,-0.600000,-0.628441,0.600000,-0.600000,-0.600000,-0.600000,-0.807142,-0.724306,0.682594,-0.505142
70,0,1,1,0,S,0,25,3,1,0.472667,-0.473922,1.000000,-0.690136,-0.600000,-0.291128,-0.983653,-0.600000,-0.600000,-0.983653,-0.715220,-0.425704,-0.600000,-0.807142,-0.036112,-0.349857,0.036112,-0.600000,-0.589158,0.983653,-0.600000,-0.967565,0.600000,-0.600000,-0.581970,-0.454017,-0.036112,0.570987,-0.739113,0.967565,0.100924,-0.600000,-0.281920,-0.600000,0.600000,-0.600000,-0.600000,0.600000,-0.600000,0.570987,-0.041864,-0.610755,0.511390,-0.036112,-0.807142,0.600000,0.291128,-0.739059,0.967565,0.990902,0.600000,-0.845794,-0.291128,0.600000,-0.730263,-0.600000,0.887255,0.454017,-0.600000,0.600000,0.094592,-0.600000,-0.628441,0.600000,-0.600000,-0.600000,-0.600000,-0.807142,-0.730263,0.682594,-0.502642
71,0,0,0,0,S,0,23,4,1,0.465195,-0.467693,1.000000,-0.691205,-0.600000,-0.285991,-0.984285,-0.600000,-0.600000,-0.984285,-0.721298,-0.419602,-0.600000,-0.815572,-0.034742,-0.337443,0.034742,-0.600000,-0.589158,0.984285,-0.600000,-0.968951,0.600000,-0.600000,-0.589253,-0.454017,-0.034742,0.564854,-0.740077,0.968951,0.097344,-0.600000,-0.276881,-0.600000,0.600000,-0.600000,-0.600000,0.600000,-0.600000,0.564854,-0.041460,-0.610755,0.511390,-0.034742,-0.815572,0.600000,0.285991,-0.744809,0.968951,0.991257,0.600000,-0.849032,-0.285991,0.600000,-0.730263,-0.600000,0.889737,0.454017,-0.600000,0.600000,0.095876,-0.600000,-0.628441,0.600000,-0.600000,-0.600000,-0.600000,-0.815572,-0.730263,0.682594,-0.501392
72,0,0,0,0,stay,1,29,4,1,0.462708,-0.468937,1.000000,-0.691205,-0.600000,-0.282934,-0.985189,-0.600000,-0.600000,-0.985189,-0.723306,-0.415951,-0.600000,-0.816324,-0.032780,-0.336325,0.032780,-0.600000,-0.589158,0.985189,-0.600000,-0.970280,0.600000,-0.600000,-0.591673,-0.454017,-0.032780,0.562396,-0.740077,0.970280,0.093454,-0.600000,-0.273884,-0.600000,0.600000,-0.600000,-0.600000,0.600000,-0.600000,0.562396,-0.039514,-0.610755,0.511390,-0.032780,-0.816324,0.600000,0.282934,-0.746708,0.970280,0.991763,0.600000,-0.850948,-0.282934,0.600000,-0.730263,-0.600000,0.891203,0.454017,-0.600000,0.600000,0.091204,-0.600000,-0.628441,0.600000,-0.600000,-0.600000,-0.600000,-0.816324,-0.730263,0.682594,-0.501392
73,0,1,0,0,S,0,27,5,1,0.462708,-0.468937,1.000000,-0.692272,-0.600000,-0.281920,-0.986042,-0.600000,-0.600000,-0.986042,-0.723306,-0.422035,-0.600000,-0.816324,-0.030926,-0.336325,0.030926,-0.600000,-0.589158,0.986042,-0.600000,-0.971415,0.600000,-0.600000,-0.584408,-0.446589,-0.030926,0.563626,-0.741039,0.971415,0.090524,-0.600000,-0.272890,-0.600000,0.600000,-0.600000,-0.600000,0.600000,-0.600000,0.563626,-0.037293,-0.610755,0.511390,-0.030926,-0.816324,0.600000,0.281920,-0.746708,0.971415,0.992469,0.600000,-0.851583,-0.281920,0.600000,-0.736138,-0.600000,0.891687,0.446589,-0.600000,0.600000,0.086342,-0.600000,-0.628441,0.600000,-0.600000,-0.600000,-0.600000,-0.816324,-0.736138,0.682594,-0.500142
74,0,0,1,0,W,0,25,6,1,0.462708,-0.468937,1.000000,-0.692272,-0.600000,-0.281920,-0.986846,-0.600000,-0.600000,-0.986846,-0.723306,-0.422035,-0.600000,-0.816324,-0.029174,-0.336325,0.029174,-0.600000,-0.589158,0.986846,-0.600000,-0.973038,0.600000,-0.600000,-0.584408,-0.446589,-0.029174,0.563626,-0.741039,0.973038,0.085695,-0.600000,-0.272890,-0.600000,0.600000,-0.600000,-0.600000,0.600000,-0.600000,0.563626,-0.035193,-0.610755,0.511390,-0.029174,-0.816324,0.600000,0.281920,-0.746708,0.973038,0.992906,0.600000,-0.851583,-0.281920,0.600000,-0.736138,-0.600000,0.891687,0.446589,-0.600000,0.600000,0.081715,-0.600000,-0.628441,0.600000,-0.600000,-0.600000,-0.600000,-0.816324,-0.736138,0.682594,-0.500142
75,0,0,1,0,S,0,23,7,1,0.452778,-0.460230,1.000000,-0.693337,-0.600000,-0.270908,-0.987726,-0.600000,-0.600000,-0.987726,-0.731248,-0.408674,-0.600000,-0.827321,-0.027251,-0.319781,0.027251,-0.600000,-0.587948,0.987726,-0.600000,-0.974322,0.600000,-0.600000,-0.594094,-0.446589,-0.027251,0.555002,-0.739120,0.974322,0.082227,-0.600000,-0.261135,-0.600000,0.600000,-0.600000,-0.600000,0.600000,-0.600000,0.555002,-0.034184,-0.611944,0.511390,-0.027251,-0.827321,0.600000,0.270908,-0.756983,0.974322,0.993383,0.600000,-0.858412,-0.270908,0.600000,-0.736138,-0.600000,0.896896,0.446589,-0.600000,0.600000,0.082082,-0.600000,-0.631939,0.600000,-0.600000,-0.600000,-0.600000,-0.827321,-0.736138,0.682594,-0.498892
76,1,0,0,1,S,0,21,8,1,0.449063,-0.446597,1.000000,-0.693337,-0.600000,-0.257290,-0.988026,-0.600000,-0.600000,-0.988026,-0.734189,-0.391864,-0.600000,-0.837110,-0.026594,-0.304736,0.026594,-0.600000,-0.587948,0.988026,-0.600000,-0.974572,0.600000,-0.600000,-0.597707,-0.446589,-0.026594,0.551295,-0.739120,0.974572,0.081474,-0.600000,-0.247840,-0.600000,0.600000,-0.600000,-0.600000,0.600000,-0.600000,0.551295,-0.033854,-0.611944,0.511390,-0.026594,-0.837110,0.600000,0.257290,-0.759736,0.974572,0.993546,0.600000,-0.866723,-0.257290,0.600000,-0.736138,-0.600000,0.903204,0.446589,-0.600000,0.600000,0.085528,-0.600000,-0.631939,0.600000,-0.600000,-0.600000,-0.600000,-0.837110,-0.736138,0.682594,-0.498892
77,1,0,0,1,stay,1,29,8,1,0.449063,-0.444126,1.000000,-0.693337,-0.600000,-0.246908,-0.988491,-0.600000,-0.600000,-0.988491,-0.734189,-0.378830,-0.600000,-0.838471,-0.025576,-0.302619,0.025576,-0.600000,-0.587948,0.988491,-0.600000,-0.975666,0.600000,-0.600000,-0.597707,-0.446589,-0.025576,0.551295,-0.739120,0.975666,0.078162,-0.600000,-0.237717,-0.600000,0.600000,-0.600000,-0.600000,0.600000,-0.600000,0.551295,-0.032567,-0.611944,0.511390,-0.025576,-0.838471,0.600000,0.246908,-0.759736,0.975666,0.993798,0.600000,-0.872961,-0.246908,0.600000,-0.736138,-0.600000,0.907916,0.446589,-0.600000,0.600000,0.083203,-0.600000,-0.631939,0.600000,-0.600000,-0.600000,-0.600000,-0.838471,-0.736138,0.682594,-0.498892
78,0,0,0,0,S,0,27,9,1,0.449063,-0.444126,1.000000,-0.693337,-0.600000,-0.245978,-0.989156,-0.600000,-0.600000,-0.989156,-0.734189,-0.377654,-0.600000,-0.838471,-0.024119,-0.302619,0.024119,-0.600000,-0.587948,0.989156,-0.600000,-0.977054,0.600000,-0.600000,-0.597707,-0.446589,-0.024119,0.551295,-0.739120,0.977054,0.073938,-0.600000,-0.236811,-0.600000,0.600000,-0.600000,-0.600000,0.600000,-0.600000,0.551295,-0.030724,-0.611944,0.511390,-0.024119,-0.838471,0.600000,0.245978,-0.759736,0.977054,0.994158,0.600000,-0.873515,-0.245978,0.600000,-0.736138,-0.600000,0.908334,0.446589,-0.600000,0.600000,0.078730,-0.600000,-0.631939,0.600000,-0.600000,-0.600000,-0.600000,-0.838471,-0.736138,0.682594,-0.498892
79,0,0,0,0,S,0,25,10,1,0.449063,-0.444126,1.000000,-0.693337,-0.600000,-0.245978,-0.989783,-0.600000,-0.600000,-0.989783,-0.734189,-0.377654,-0.600000,-0.838471,-0.022743,-0.302619,0.022743,-0.600000,-0.587948,0.989783,-0.600000,-0.978364,0.600000,-0.600000,-0.597707,-0.446589,-0.022743,0.551295,-0.739120,0.978364,0.069925,-0.600000,-0.236811,-0.600000,0.600000,-0.600000,-0.600000,0.600000,-0.600000,0.551295,-0.028983,-0.611944,0.511390,-0.022743,-0.838471,0.600000,0.245978,-0.759736,0.978364,0.994497,0.600000,-0.873515,-0.245978,0.600000,-0.736138,-0.600000,0.908334,0.446589,-0.600000,0.600000,0.074478,-0.600000,-0.631939,0.600000,-0.600000,-0.600000,-0.600000,-0.838471,-0.736138,0.682594,-0.498892
80,0,1,0,0,S,0,23,11,1,0.449063,-0.444126,1.000000,-0.694400,-0.600000,-0.243203,-0.990373,-0.600000,-0.600000,-0.990373,-0.734189,-0.381184,-0.600000,-0.838471,-0.021444,-0.302619,0.021444,-0.600000,-0.587948,0.990373,-0.600000,-0.979197,0.600000,-0.600000,-0.590477,-0.439185,-0.021444,0.552532,-0.740084,0.979197,0.067678,-0.600000,-0.234107,-0.600000,0.600000,-0.600000,-0.600000,0.600000,-0.600000,0.552532,-0.027338,-0.611944,0.511390,-0.021444,-0.838471,0.600000,0.243203,-0.759736,0.979197,0.994970,0.600000,-0.875166,-0.243203,0.600000,-0.741931,-0.600000,0.909578,0.439185,-0.600000,0.600000,0.070438,-0.600000,-0.631939,0.600000,-0.600000,-0.600000,-0.600000,-0.838471,-0.741931,0.682594,-0.497642
81,0,0,0,1,S,0,21,12,1,0.449063,-0.444126,1.000000,-0.694400,-0.600000,-0.243203,-0.990930,-0.600000,-0.600000,-0.990930,-0.734189,-0.381184,-0.600000,-0.838471,-0.020218,-0.302619,0.020218,-0.600000,-0.587948,0.990930,-0.600000,-0.980291,0.600000,-0.600000,-0.590477,-0.439185,-0.020218,0.552532,-0.742006,0.980291,0.064282,-0.600000,-0.234107,-0.600000,0.600000,-0.600000,-0.600000,0.600000,-0.600000,0.552532,-0.025531,-0.611944,0.508891,-0.020218,-0.838471,0.600000,0.243203,-0.759736,0.980291,0.995263,0.600000,-0.875166,-0.243203,0.600000,-0.741931,-0.600000,0.910399,0.439185,-0.600000,0.600000,0.066601,-0.600000,-0.631939,0.600000,-0.600000,-0.600000,-0.600000,-0.838471,-0.741931,0.684759,-0.497642
82,0,1,0,1,S,0,19,13,1,0.449063,-0.444126,1.000000,-0.695461,-0.600000,-0.240450,-0.991455,-0.600000,-0.600000,-0.991455,-0.734189,-0.384726,-0.600000,-0.838471,-0.019060,-0.302619,0.019060,-0.600000,-0.587948,0.991455,-0.600000,-0.981051,0.600000,-0.600000,-0.583206,-0.431808,-0.019060,0.553769,-0.746771,0.981051,0.062204,-0.600000,-0.231425,-0.600000,0.600000,-0.600000,-0.600000,0.600000,-0.600000,0.553769,-0.023608,-0.611944,0.503892,-0.019060,-0.838471,0.600000,0.240450,-0.759736,0.981051,0.995670,0.600000,-0.876799,-0.240450,0.600000,-0.747640,-0.600000,0.913224,0.431808,-0.600000,0.600000,0.062959,-0.600000,-0.631939,0.600000,-0.600000,-0.600000,-0.600000,-0.838471,-0.747640,0.689064,-0.496392
83,1,0,0,1,W,0,17,14,1,0.445354,-0.436730,1.000000,-0.695461,-0.600000,-0.232317,-0.991665,-0.600000,-0.600000,-0.991665,-0.737110,-0.374124,-0.600000,-0.844483,-0.018597,-0.293198,0.018597,-0.600000,-0.587948,0.991665,-0.600000,-0.981602,0.600000,-0.600000,-0.586849,-0.431808,-0.018597,0.550060,-0.748659,0.981602,0.060473,-0.600000,-0.223507,-0.600000,0.600000,-0.600000,-0.600000,0.600000,-0.600000,0.550060,-0.023150,-0.611944,0.501392,-0.018597,-0.844483,0.600000,0.232317,-0.762467,0.981602,0.995777,0.600000,-0.881587,-0.232317,0.600000,-0.747640,-0.600000,0.917496,0.431808,-0.600000,0.600000,0.064144,-0.600000,-0.631939,0.600000,-0.600000,-0.600000,-0.600000,-0.844483,-0.747640,0.691205,-0.496392
84,1,0,0,0,S,0,15,15,1,0.445354,-0.435500,1.000000,-0.695461,-0.600000,-0.221774,-0.992147,-0.600000,-0.600000,-0.992147,-0.737110,-0.360175,-0.600000,-0.845140,-0.017531,-0.292162,0.017531,-0.600000,-0.587948,0.992147,-0.600000,-0.982485,0.600000,-0.600000,-0.586849,-0.431808,-0.017531,0.550060,-0.748659,0.982485,0.057688,-0.600000,-0.213253,-0.600000,0.600000,-0.600000,-0.600000,0.600000,-0.600000,0.550060,-0.021828,-0.611944,0.501392,-0.017531,-0.845140,0.600000,0.221774,-0.762467,0.982485,0.996022,0.600000,-0.887720,-0.221774,0.600000,-0.747640,-0.600000,0.921935,0.431808,-0.600000,0.600000,0.060913,-0.600000,-0.631939,0.600000,-0.600000,-0.600000,-0.600000,-0.845140,-0.747640,0.691205,-0.496392
85,0,0,0,0,S,0,13,16,1,0.445354,-0.435500,1.000000,-0.695461,-0.600000,-0.220911,-0.992602,-0.600000,-0.600000,-0.992602,-0.737110,-0.359023,-0.600000,-0.845140,-0.016524,-0.292162,0.016524,-0.600000,-0.587948,0.992602,-0.600000,-0.983491,0.600000,-0.600000,-0.586849,-0.431808,-0.016524,0.550060,-0.748659,0.983491,0.054505,-0.600000,-0.212414,-0.600000,0.600000,-0.600000,-0.600000,0.600000,-0.600000,0.550060,-0.020580,-0.611944,0.501392,-0.016524,-0.845140,0.600000,0.220911,-0.762467,0.983491,0.996254,0.600000,-0.888218,-0.220911,0.600000,-0.747640,-0.600000,0.922295,0.431808,-0.600000,0.600000,0.057563,-0.600000,-0.631939,0.600000,-0.600000,-0.600000,-0.600000,-0.845140,-0.747640,0.691205,-0.496392
86,0,1,0,0,S,0,11,17,1,0.445354,-0.435500,1.000000,-0.697577,-0.600000,-0.218337,-0.993031,-0.600000,-0.600000,-0.993031,-0.737110,-0.362480,-0.600000,-0.845140,-0.015575,-0.292162,0.015575,-0.600000,-0.587948,0.993031,-0.600000,-0.984208,0.600000,-0.600000,-0.579560,-0.424460,-0.015575,0.552534,-0.750539,0.984208,0.052725,-0.600000,-0.209912,-0.600000,0.600000,-0.600000,-0.600000,0.600000,-0.600000,0.552534,-0.019402,-0.611944,0.501392,-0.015575,-0.845140,0.600000,0.218337,-0.762467,0.984208,0.996576,0.600000,-0.889702,-0.218337,0.600000,-0.753265,-0.600000,0.923365,0.424460,-0.600000,0.600000,0.054386,-0.600000,-0.631939,0.600000,-0.600000,-0.600000,-0.600000,-0.845140,-0.753265,0.691205,-0.493892
87,0,1,1,0,S,0,9,18,1,0.445354,-0.435500,1.000000,-0.698632,-0.600000,-0.214938,-0.993435,-0.600000,-0.600000,-0.993435,-0.737110,-0.364792,-0.600000,-0.845140,-0.014679,-0.292162,0.014679,-0.600000,-0.587948,0.993435,-0.600000,-0.984819,0.600000,-0.600000,-0.572236,-0.417146,-0.014679,0.553770,-0.751475,0.984819,0.051000,-0.600000,-0.206609,-0.600000,0.600000,-0.600000,-0.600000,0.600000,-0.600000,0.553770,-0.018290,-0.611944,0.501392,-0.014679,-0.845140,0.600000,0.214938,-0.762467,0.984819,0.996871,0.600000,-0.891653,-0.214938,0.600000,-0.758806,-0.600000,0.924772,0.417146,-0.600000,0.600000,0.051375,-0.600000,-0.631939,0.600000,-0.600000,-0.600000,-0.600000,-0.845140,-0.758806,0.691205,-0.492642
88,0,0,0,1,S,0,7,19,1,0.441650,-0.430588,1.000000,-0.700735,-0.600000,-0.209912,-0.993754,-0.600000,-0.600000,-0.993754,-0.740009,-0.357865,-0.600000,-0.849673,-0.013971,-0.284970,0.013971,-0.600000,-0.587948,0.993754,-0.600000,-0.985407,0.600000,-0.600000,-0.575905,-0.417146,-0.013971,0.552536,-0.757967,0.985407,0.049565,-0.600000,-0.201728,-0.600000,0.600000,-0.600000,-0.600000,0.600000,-0.600000,0.552536,-0.017240,-0.611944,0.495142,-0.013971,-0.849673,0.600000,0.209912,-0.765176,0.985407,0.997024,0.600000,-0.894523,-0.209912,0.600000,-0.758806,-0.600000,0.928522,0.417146,-0.600000,0.600000,0.050647,-0.600000,-0.631939,0.600000,-0.600000,-0.600000,-0.600000,-0.849673,-0.758806,0.696520,-0.490143
89,1,1,0,0,S,0,5,20,1,0.440417,-0.430587,1.000000,-0.700735,-0.600000,-0.200923,-0.994087,-0.600000,-0.600000,-0.994087,-0.740971,-0.352136,-0.600000,-0.850312,-0.013232,-0.283951,0.013232,-0.600000,-0.587948,0.994087,-0.600000,-0.985833,0.600000,-0.600000,-0.569790,-0.409867,-0.013232,0.551299,-0.757967,0.985833,0.048167,-0.600000,-0.193003,-0.600000,0.600000,-0.600000,-0.600000,0.600000,-0.600000,0.551299,-0.016410,-0.611944,0.495142,-0.013232,-0.850312,0.600000,0.200923,-0.766075,0.985833,0.997267,0.600000,-0.899611,-0.200923,0.600000,-0.764261,-0.600000,0.932095,0.409867,-0.600000,0.600000,0.048291,-0.600000,-0.631939,0.600000,-0.600000,-0.600000,-0.600000,-0.850312,-0.764261,0.696520,-0.490143
90,0,1,1,1,S,0,3,21,1,0.440417,-0.430587,1.000000,-0.701784,-0.600000,-0.196142,-0.994431,-0.600000,-0.600000,-0.994431,-0.740971,-0.352134,-0.600000,-0.850312,-0.012469,-0.283951,0.012469,-0.600000,-0.587948,0.994431,-0.600000,-0.986315,0.600000,-0.600000,-0.562424,-0.402628,-0.012469,0.552536,-0.762532,0.986315,0.046807,-0.600000,-0.188366,-0.600000,0.600000,-0.600000,-0.600000,0.600000,-0.600000,0.552536,-0.015164,-0.611944,0.490143,-0.012469,-0.850312,0.600000,0.196142,-0.766075,0.986315,0.997502,0.600000,-0.902293,-0.196142,0.600000,-0.769630,-0.600000,0.935204,0.402628,-0.600000,0.600000,0.045601,-0.600000,-0.631939,0.600000,-0.600000,-0.600000,-0.600000,-0.850312,-0.769630,0.700735,-0.488893
91,0,0,1,1,S,0,1,22,1,0.435493,-0.424466,1.000000,-0.701784,-0.600000,-0.191448,-0.994728,-0.600000,-0.600000,-0.994728,-0.744796,-0.345316,-0.600000,-0.855960,-0.011808,-0.274881,0.011808,-0.600000,-0.587948,0.994728,-0.600000,-0.986715,0.600000,-0.600000,-0.567341,-0.402628,-0.011808,0.547588,-0.765241,0.986715,0.045484,-0.600000,-0.183815,-0.600000,0.600000,-0.600000,-0.600000,0.600000,-0.600000,0.547588,-0.014432,-0.611944,0.486395,-0.011808,-0.855960,0.600000,0.191448,-0.769644,0.986715,0.997636,0.600000,-0.904912,-0.191448,0.600000,-0.769630,-0.600000,0.937887,0.402628,-0.600000,0.600000,0.045165,-0.600000,-0.631939,0.600000,-0.600000,-0.600000,-0.600000,-0.855960,-0.769630,0.703875,-0.488893
92,0,0,1,1,stay,1,29,22,1,0.434264,-0.425687,1.000000,-0.701784,-0.600000,-0.189133,-0.995034,-0.600000,-0.600000,-0.995034,-0.745746,-0.341930,-0.600000,-0.855960,-0.011126,-0.274881,0.011126,-0.600000,-0.587948,0.995034,-0.600000,-0.987356,0.600000,-0.600000,-0.568568,-0.402628,-0.011126,0.546349,-0.766139,0.987356,0.043357,-0.600000,-0.181572,-0.600000,0.600000,-0.600000,-0.600000,0.600000,-0.600000,0.546349,-0.013601,-0.611944,0.485146,-0.011126,-0.855960,0.600000,0.189133,-0.770531,0.987356,0.997774,0.600000,-0.906197,-0.189133,0.600000,-0.769630,-0.600000,0.939046,0.402628,-0.600000,0.600000,0.042642,-0.600000,-0.631939,0.600000,-0.600000,-0.600000,-0.600000,-0.855960,-0.769630,0.704917,-0.488893
93,0,0,0,0,S,0,27,23,1,0.425683,-0.415934,1.000000,-0.701784,-0.600000,-0.181572,-0.995346,-0.600000,-0.600000,-0.995346,-0.752334,-0.330761,-0.600000,-0.864978,-0.010432,-0.260170,0.010432,-0.600000,-0.587948,0.995346,-0.600000,-0.987847,0.600000,-0.600000,-0.577135,-0.402628,-0.010432,0.537663,-0.766139,0.987847,0.041724,-0.600000,-0.174248,-0.600000,0.600000,-0.600000,-0.600000,0.600000,-0.600000,0.537663,-0.013203,-0.611944,0.485146,-0.010432,-0.864978,0.600000,0.181572,-0.776669,0.987847,0.997914,0.600000,-0.910370,-0.181572,0.600000,-0.769630,-0.600000,0.941852,0.402628,-0.600000,0.600000,0.043047,-0.600000,-0.631939,0.600000,-0.600000,-0.600000,-0.600000,-0.864978,-0.769630,0.704917,-0.488893
94,1,1,1,0,S,0,25,24,1,0.424460,-0.415934,1.000000,-0.701784,-0.600000,-0.172812,-0.995594,-0.600000,-0.600000,-0.995594,-0.753265,-0.324149,-0.600000,-0.865562,-0.009878,-0.259208,0.009878,-0.600000,-0.587948,0.995594,-0.600000,-0.988144,0.600000,-0.600000,-0.571026,-0.395430,-0.009878,0.536420,-0.766139,0.988144,0.040734,-0.600000,-0.165769,-0.600000,0.600000,-0.600000,-0.600000,0.600000,-0.600000,0.536420,-0.012565,-0.611944,0.485146,-0.009878,-0.865562,0.600000,0.172812,-0.777536,0.988144,0.998084,0.600000,-0.915156,-0.172812,0.600000,-0.774913,-0.600000,0.945059,0.395430,-0.600000,0.600000,0.041028,-0.600000,-0.631939,0.600000,-0.600000,-0.600000,-0.600000,-0.865562,-0.774913,0.704917,-0.488893
95,0,1,0,1,S,0,23,25,1,0.423239,-0.408661,1.000000,-0.701784,-0.600000,-0.167858,-0.995830,-0.600000,-0.600000,-0.995830,-0.754195,-0.323053,-0.600000,-0.869590,-0.009353,-0.252536,0.009353,-0.600000,-0.587948,0.995830,-0.600000,-0.988491,0.600000,-0.600000,-0.564894,-0.388277,-0.009353,0.535176,-0.770594,0.988491,0.039575,-0.600000,-0.160978,-0.600000,0.600000,-0.600000,-0.600000,0.600000,-0.600000,0.535176,-0.011665,-0.611944,0.478903,-0.009353,-0.869590,0.600000,0.167858,-0.778401,0.988491,0.998241,0.600000,-0.917840,-0.167858,0.600000,-0.780109,-0.600000,0.948105,0.388277,-0.600000,0.600000,0.040246,-0.600000,-0.631939,0.600000,-0.600000,-0.600000,-0.600000,-0.869590,-0.780109,0.710096,-0.488893
96,1,0,0,0,S,0,21,26,1,0.423239,-0.408661,1.000000,-0.701784,-0.600000,-0.160302,-0.996072,-0.600000,-0.600000,-0.996072,-0.754195,-0.311133,-0.600000,-0.869590,-0.008812,-0.252536,0.008812,-0.600000,-0.587948,0.996072,-0.600000,-0.989102,0.600000,-0.600000,-0.564894,-0.388277,-0.008812,0.535176,-0.770594,0.989102,0.037532,-0.600000,-0.153675,-0.600000,0.600000,-0.600000,-0.600000,0.600000,-0.600000,0.535176,-0.010991,-0.611944,0.478903,-0.008812,-0.869590,0.600000,0.160302,-0.778401,0.989102,0.998343,0.600000,-0.921902,-0.160302,0.600000,-0.780109,-0.600000,0.950751,0.388277,-0.600000,0.600000,0.037986,-0.600000,-0.631939,0.600000,-0.600000,-0.600000,-0.600000,-0.869590,-0.780109,0.710096,-0.488893
97,0,0,1,0,S,0,19,27,1,0.423239,-0.408661,1.000000,-0.701784,-0.600000,-0.159629,-0.996301,-0.600000,-0.600000,-0.996301,-0.754195,-0.310062,-0.600000,-0.869590,-0.008302,-0.252536,0.008302,-0.600000,-0.587948,0.996301,-0.600000,-0.989732,0.600000,-0.600000,-0.564894,-0.388277,-0.008302,0.535176,-0.770594,0.989732,0.035419,-0.600000,-0.153024,-0.600000,0.600000,-0.600000,-0.600000,0.600000,-0.600000,0.535176,-0.010356,-0.611944,0.478903,-0.008302,-0.869590,0.600000,0.159629,-0.778401,0.989732,0.998440,0.600000,-0.922262,-0.159629,0.600000,-0.780109,-0.600000,0.950985,0.388277,-0.600000,0.600000,0.035849,-0.600000,-0.631939,0.600000,-0.600000,-0.600000,-0.600000,-0.869590,-0.780109,0.710096,-0.488893
98,0,0,0,0,S,0,17,28,1,0.418362,-0.403834,1.000000,-0.701784,-0.600000,-0.155639,-0.996516,-0.600000,-0.600000,-0.996516,-0.757888,-0.303675,-0.600000,-0.874068,-0.007821,-0.245051,0.007821,-0.600000,-0.587948,0.996516,-0.600000,-0.990131,0.600000,-0.600000,-0.569804,-0.388277,-0.007821,0.530199,-0.770594,0.990131,0.034074,-0.600000,-0.149170,-0.600000,0.600000,-0.600000,-0.600000,0.600000,-0.600000,0.530199,-0.009953,-0.611944,0.478903,-0.007821,-0.874068,0.600000,0.155639,-0.781836,0.990131,0.998531,0.600000,-0.924390,-0.155639,0.600000,-0.780109,-0.600000,0.952368,0.388277,-0.600000,0.600000,0.035162,-0.600000,-0.631939,0.600000,-0.600000,-0.600000,-0.600000,-0.874068,-0.780109,0.710096,-0.488893
99,1,1,0,0,N,0,15,30,1,0.415930,-0.405038,1.000000,-0.701784,-0.600000,-0.148535,-0.996719,-0.600000,-0.600000,-0.996719,-0.759721,-0.298409,-0.600000,-0.874618,-0.007368,-0.244126,0.007368,-0.600000,-0.587948,0.996719,-0.600000,-0.990421,0.600000,-0.600000,-0.564898,-0.381172,-0.007368,0.527707,-0.770594,0.990421,0.033098,-0.600000,-0.142311,-0.600000,0.600000,-0.600000,-0.600000,0.600000,-0.600000,0.527707,-0.009471,-0.611944,0.478903,-0.007368,-0.874618,0.600000,0.148535,-0.783540,0.990421,0.998657,0.600000,-0.928154,-0.148535,0.600000,-0.785219,-0.600000,0.954807,0.381172,-0.600000,0.600000,0.033339,-0.600000,-0.631939,0.600000,-0.600000,-0.600000,-0.600000,-0.874618,-0.785219,0.710096,-0.488893
100,0,0,0,1,S,0,13,29,1,0.415930,-0.405038,1.000000,-0.701784,-0.600000,-0.147273,-0.996910,-0.600000,-0.600000,-0.996910,-0.759721,-0.296318,-0.600000,-0.874618,-0.006941,-0.244126,0.006941,-0.600000,-0.587948,0.996910,-0.600000,-0.990930,0.600000,-0.600000,-0.564898,-0.381172,-0.006941,0.527707,-0.771478,0.990930,0.031379,-0.600000,-0.141093,-0.600000,0.600000,-0.600000,-0.600000,0.600000,-0.600000,0.527707,-0.008879,-0.611944,0.477656,-0.006941,-0.874618,0.600000,0.147273,-0.783540,0.990930,0.998736,0.600000,-0.928819,-0.147273,0.600000,-0.785219,-0.600000,0.955451,0.381172,-0.600000,0.600000,0.031454,-0.600000,-0.631939,0.600000,-0.600000,-0.600000,-0.600000,-0.874618,-0.785219,0.711125,-0.488893
101,0,0,0,0,S,0,11,28,1,0.415930,-0.405038,1.000000,-0.701784,-0.600000,-0.147273,-0.997089,-0.600000,-0.600000,-0.997089,-0.759721,-0.296318,-0.600000,-0.874618,-0.006538,-0.244126,0.006538,-0.600000,-0.587948,0.997089,-0.600000,-0.991455,0.600000,-0.600000,-0.564898,-0.381172,-0.006538,0.527707,-0.771478,0.991455,0.029601,-0.600000,-0.141093,-0.600000,0.600000,-0.600000,-0.600000,0.600000,-0.600000,0.527707,-0.008365,-0.611944,0.477656,-0.006538,-0.874618,0.600000,0.147273,-0.783540,0.991455,0.998809,0.600000,-0.928819,-0.147273,0.600000,-0.785219,-0.600000,0.955451,0.381172,-0.600000,0.600000,0.029673,-0.600000,-0.631939,0.600000,-0.600000,-0.600000,-0.600000,-0.874618,-0.785219,0.711125,-0.488893
102,0,0,1,1,S,0,9,27,1,0.415930,-0.405038,1.000000,-0.701784,-0.600000,-0.147273,-0.997259,-0.600000,-0.600000,-0.997259,-0.759721,-0.296318,-0.600000,-0.874618,-0.006159,-0.244126,0.006159,-0.600000,-0.587948,0.997259,-0.600000,-0.991950,0.600000,-0.600000,-0.564898,-0.381172,-0.006159,0.527707,-0.771478,0.991950,0.027922,-0.600000,-0.141093,-0.600000,0.600000,-0.600000,-0.600000,0.600000,-0.600000,0.527707,-0.007881,-0.611944,0.477656,-0.006159,-0.874618,0.600000,0.147273,-0.783540,0.991950,0.998879,0.600000,-0.928819,-0.147273,0.600000,-0.785219,-0.600000,0.955451,0.381172,-0.600000,0.600000,0.027989,-0.600000,-0.631939,0.600000,-0.600000,-0.600000,-0.600000,-0.874618,-0.785219,0.711125,-0.488893
103,0,0,1,0,S,0,7,26,1,0.408658,-0.399023,1.000000,-0.702830,-0.600000,-0.142924,-0.997431,-0.600000,-0.600000,-0.997431,-0.765161,-0.289065,-0.600000,-0.880537,-0.005772,-0.234107,0.005772,-0.600000,-0.586737,0.997431,-0.600000,-0.992302,0.600000,-0.600000,-0.572259,-0.381172,-0.005772,0.521473,-0.771483,0.992302,0.026854,-0.600000,-0.136306,-0.600000,0.600000,-0.600000,-0.600000,0.600000,-0.600000,0.521473,-0.007573,-0.613131,0.476408,-0.005772,-0.880537,0.600000,0.142924,-0.790257,0.992302,0.998949,0.600000,-0.931103,-0.142924,0.600000,-0.785219,-0.600000,0.957127,0.381172,-0.600000,0.600000,0.027716,-0.600000,-0.634263,0.600000,-0.600000,-0.600000,-0.600000,-0.880537,-0.785219,0.712152,-0.487644
104,1,0,0,0,S,0,5,25,1,0.402628,-0.393040,1.000000,-0.702830,-0.600000,-0.136897,-0.997495,-0.600000,-0.600000,-0.997495,-0.769630,-0.278888,-0.600000,-0.885707,-0.005630,-0.225250,0.005630,-0.600000,-0.586737,0.997495,-0.600000,-0.992454,0.600000,-0.600000,-0.578369,-0.381172,-0.005630,0.515233,-0.771483,0.992454,0.026335,-0.600000,-0.130516,-0.600000,0.600000,-0.600000,-0.600000,0.600000,-0.600000,0.515233,-0.007572,-0.613131,0.476408,-0.005630,-0.885707,0.600000,0.136897,-0.794376,0.992454,0.998975,0.600000,-0.934249,-0.136897,0.600000,-0.785219,-0.600000,0.959137,0.381172,-0.600000,0.600000,0.028395,-0.600000,-0.634263,0.600000,-0.600000,-0.600000,-0.600000,-0.885707,-0.785219,0.712152,-0.487644
105,1,0,0,1,S,0,3,24,1,0.402628,-0.391847,1.000000,-0.702830,-0.600000,-0.130516,-0.997605,-0.600000,-0.600000,-0.997605,-0.769630,-0.267950,-0.600000,-0.886213,-0.005383,-0.224377,0.005383,-0.600000,-0.586737,0.997605,-0.600000,-0.992820,0.600000,-0.600000,-0.578369,-0.381172,-0.005383,0.515233,-0.771483,0.992820,0.025080,-0.600000,-0.124389,-0.600000,0.600000,-0.600000,-0.600000,0.600000,-0.600000,0.515233,-0.007240,-0.613131,0.476408,-0.005383,-0.886213,0.600000,0.130516,-0.794376,0.992820,0.999021,0.600000,-0.937555,-0.130516,0.600000,-0.785219,-0.600000,0.961244,0.381172,-0.600000,0.600000,0.027309,-0.600000,-0.634263,0.600000,-0.600000,-0.600000,-0.600000,-0.886213,-0.785219,0.712152,-0.487644
106,0,0,0,0,S,0,1,23,1,0.402628,-0.391847,1.000000,-0.702830,-0.600000,-0.129948,-0.997745,-0.600000,-0.600000,-0.997745,-0.769630,-0.266969,-0.600000,-0.886213,-0.005071,-0.224377,0.005071,-0.600000,-0.586737,0.997745,-0.600000,-0.993236,0.600000,-0.600000,-0.578369,-0.381172,-0.005071,0.515233,-0.771483,0.993236,0.023651,-0.600000,-0.123844,-0.600000,0.600000,-0.600000,-0.600000,0.600000,-0.600000,0.515233,-0.006821,-0.613131,0.476408,-0.005071,-0.886213,0.600000,0.129948,-0.794376,0.993236,0.999078,0.600000,-0.937848,-0.129948,0.600000,-0.785219,-0.600000,0.961430,0.381172,-0.600000,0.600000,0.025756,-0.600000,-0.634263,0.600000,-0.600000,-0.600000,-0.600000,-0.886213,-0.785219,0.712152,-0.487644
107,0,1,0,1,S,0,0,22,1,0.402628,-0.391847,1.000000,-0.702830,-0.600000,-0.127143,-0.997876,-0.600000,-0.600000,-0.997876,-0.769630,-0.267948,-0.600000,-0.886213,-0.004776,-0.224377,0.004776,-0.600000,-0.586737,0.997876,-0.600000,-0.993468,0.600000,-0.600000,-0.571040,-0.374117,-0.004776,0.515233,-0.775866,0.993468,0.022854,-0.600000,-0.121152,-0.600000,0.600000,-0.600000,-0.600000,0.600000,-0.600000,0.515233,-0.006266,-0.613131,0.470175,-0.004776,-0.886213,0.600000,0.127143,-0.794376,0.993468,0.999157,0.600000,-0.939292,-0.127143,0.600000,-0.790243,-0.600000,0.963250,0.374117,-0.600000,0.600000,0.024289,-0.600000,-0.634263,0.600000,-0.600000,-0.600000,-0.600000,-0.886213,-0.790243,0.717255,-0.487644
