tick,food_sensed_N,food_sensed_E,food_sensed_S,food_sensed_W,movement,food_consumed,energy,manhattan_dist,decision_made,conn_0_0,conn_0_2,conn_0_3,conn_0_4,conn_0_5,conn_0_6,conn_0_10,conn_1_0,conn_1_1,conn_1_2,conn_1_3,conn_1_4,conn_1_5,conn_1_6,conn_1_7,conn_1_8,conn_1_9,conn_1_10,conn_2_1,conn_2_4,conn_2_6,conn_2_7,conn_2_8,conn_2_9,conn_2_10,conn_3_1,conn_3_2,conn_3_4,conn_3_6,conn_3_10,conn_4_0,conn_4_1,conn_4_2,conn_4_4,conn_4_6,conn_4_10,conn_5_0,conn_5_2,conn_5_3,conn_5_4,conn_5_5,conn_5_8,conn_6_0,conn_6_1,conn_6_7,conn_7_2,conn_7_3,conn_7_5,conn_7_7,conn_7_8,conn_7_10,conn_8_0,conn_8_3,conn_8_4,conn_8_5,conn_8_8,conn_8_9,conn_8_10,conn_9_0,conn_9_1,conn_9_5,conn_9_6,conn_9_7,conn_9_9,conn_9_10,conn_10_1,conn_10_2,conn_10_4,conn_10_6,conn_10_7,conn_10_8,conn_10_10
0,0,0,0,0,stay,0,30,0,0,0.600000,0.600000,0.600000,-0.600000,1.000000,0.600000,-0.600000,-0.600000,-0.600000,-0.600000,-0.600000,0.600000,0.600000,-0.600000,-0.600000,-0.600000,0.600000,-0.600000,-0.600000,-0.600000,0.600000,0.600000,-0.600000,-0.600000,0.600000,-0.600000,0.600000,-0.600000,-0.600000,-0.600000,-0.600000,-0.600000,-0.600000,-0.600000,-0.600000,-0.600000,-0.600000,0.600000,0.600000,-0.600000,-0.600000,0.600000,-0.600000,-0.600000,-0.600000,0.600000,-0.600000,-0.600000,-0.600000,-0.600000,-0.600000,-0.600000,-0.600000,-0.600000,0.600000,-0.600000,-0.600000,-0.600000,0.600000,0.600000,-0.600000,0.600000,-0.600000,0.600000,-0.600000,-0.600000,0.600000,0.600000,0.600000,-0.600000,-0.600000,-0.600000
1,0,0,0,0,stay,0,29,0,1,0.600000,0.600000,0.600000,-0.605988,1.000000,0.613134,-0.600000,-0.600000,-0.600000,-0.591575,-0.608374,0.600000,0.600000,-0.600000,-0.600000,-0.595193,0.600000,-0.605988,-0.600000,-0.600000,0.593988,0.595193,-0.600000,-0.600000,0.600000,-0.600000,0.600000,-0.600000,-0.600000,-0.609565,-0.604793,-0.600000,-0.600000,-0.600000,-0.600000,-0.609565,-0.595193,0.596396,0.600000,-0.593988,-0.590367,0.590367,-0.590367,-0.600000,-0.600000,0.608374,-0.600000,-0.600000,-0.600000,-0.600000,-0.600000,-0.617872,-0.600000,-0.600000,0.608374,-0.600000,-0.600000,-0.600000,0.600000,0.591575,-0.600000,0.600000,-0.600000,0.600000,-0.608374,-0.608374,0.605988,0.600000,0.608374,-0.600000,-0.600000,-0.591575
2,0,0,0,0,N,0,27,1,1,0.600000,0.600000,0.600000,-0.613131,1.000000,0.628445,-0.600000,-0.600000,-0.600000,-0.583096,-0.617869,0.600000,0.600000,-0.600000,-0.600000,-0.587948,0.600000,-0.613131,-0.600000,-0.600000,0.586737,0.587948,-0.600000,-0.601200,0.600000,-0.600000,0.598800,-0.600000,-0.600000,-0.615502,-0.611944,-0.600000,-0.600000,-0.600000,-0.600000,-0.615502,-0.587948,0.597600,0.600000,-0.586737,-0.585525,0.584311,-0.584311,-0.600000,-0.600000,0.616685,-0.600000,-0.600000,-0.600000,-0.600000,-0.600000,-0.631945,-0.600000,-0.600000,0.616685,-0.600000,-0.600000,-0.600000,0.600000,0.583096,-0.600000,0.600000,-0.600000,0.600000,-0.615502,-0.616685,0.613131,0.600000,0.616685,-0.600000,-0.601200,-0.581882
3,0,1,0,1,N,0,25,2,1,0.600000,0.600000,0.600000,-0.620227,1.000000,0.642353,-0.600000,-0.600000,-0.600000,-0.575789,-0.624931,0.600000,0.600000,-0.600000,-0.600000,-0.580664,0.600000,-0.620227,-0.600000,-0.600000,0.579447,0.580664,-0.600000,-0.601200,0.600000,-0.600000,0.598800,-0.600000,-0.600000,-0.622581,-0.619048,-0.600000,-0.600000,-0.600000,-0.600000,-0.622581,-0.580664,0.597600,0.600000,-0.579447,-0.578230,0.577009,-0.577009,-0.600000,-0.600000,0.623756,-0.600000,-0.600000,-0.600000,-0.600000,-0.600000,-0.645796,-0.600000,-0.600000,0.623756,-0.600000,-0.600000,-0.600000,0.600000,0.575789,-0.600000,0.600000,-0.600000,0.600000,-0.622581,-0.623756,0.620227,0.600000,0.623756,-0.600000,-0.601200,-0.574569
4,1,0,0,0,N,0,23,3,1,0.600000,0.600000,0.595193,-0.622581,1.000000,0.649220,-0.600000,-0.600000,-0.597599,-0.572122,-0.628442,0.592782,0.595193,-0.598800,-0.598800,-0.577009,0.607182,-0.624929,-0.601200,-0.600000,0.577009,0.577009,-0.597599,-0.601200,0.600000,-0.600000,0.598800,-0.600000,-0.600000,-0.626101,-0.620228,-0.600000,-0.600000,-0.597599,-0.600000,-0.626101,-0.579449,0.596398,0.601200,-0.574567,-0.574569,0.573345,-0.573345,-0.600000,-0.600000,0.627272,-0.600000,-0.600000,-0.600000,-0.600000,-0.600000,-0.652633,-0.600000,-0.604793,0.627272,-0.600000,-0.600000,-0.600000,0.600000,0.572122,-0.600000,0.604793,-0.600000,0.600000,-0.626103,-0.626103,0.622581,0.600000,0.627272,-0.600000,-0.601200,-0.570899
5,0,0,1,0,W,0,21,4,1,0.600000,0.600000,0.595193,-0.635423,1.000000,0.660529,-0.600000,-0.600000,-0.597599,-0.561076,-0.646946,0.592782,0.595193,-0.584311,-0.584311,-0.575789,0.607182,-0.637738,-0.615502,-0.600000,0.563536,0.575789,-0.597599,-0.609565,0.600000,-0.600000,0.590367,-0.600000,-0.600000,-0.634263,-0.621406,-0.600000,-0.600000,-0.597599,-0.600000,-0.634263,-0.578230,0.601212,0.615502,-0.561076,-0.574570,0.564765,-0.564765,-0.600000,-0.600000,0.637738,-0.600000,-0.600000,-0.600000,-0.600000,-0.600000,-0.670566,-0.600000,-0.604793,0.637738,-0.600000,-0.600000,-0.600000,0.600000,0.561076,-0.600000,0.604793,-0.600000,0.600000,-0.628442,-0.622588,0.635423,0.600000,0.637738,-0.600000,-0.609565,-0.551211
6,1,0,0,0,E,0,19,3,1,0.600000,0.600000,0.595193,-0.643498,1.000000,0.669447,-0.600000,-0.600000,-0.597599,-0.553677,-0.654906,0.592782,0.595193,-0.583096,-0.583096,-0.573345,0.607182,-0.645790,-0.616685,-0.600000,0.554912,0.573345,-0.597599,-0.610755,0.600000,-0.600000,0.589158,-0.600000,-0.600000,-0.642349,-0.623757,-0.600000,-0.600000,-0.597599,-0.600000,-0.642349,-0.575791,0.601214,0.616685,-0.552441,-0.567225,0.556146,-0.556146,-0.600000,-0.600000,0.644645,-0.600000,-0.600000,-0.600000,-0.600000,-0.600000,-0.684779,-0.600000,-0.604793,0.644645,-0.600000,-0.600000,-0.600000,0.600000,0.553677,-0.600000,0.604793,-0.600000,0.600000,-0.634265,-0.628450,0.643498,0.600000,0.644645,-0.600000,-0.610755,-0.542541
7,0,0,0,0,N,0,17,4,1,0.600000,0.600000,0.595193,-0.651492,1.000000,0.678245,-0.600000,-0.600000,-0.591575,-0.546254,-0.661660,0.592782,0.595193,-0.580664,-0.580664,-0.570898,0.607182,-0.659407,-0.619048,-0.600000,0.546254,0.570898,-0.595193,-0.610755,0.600000,-0.600000,0.589158,-0.600000,-0.600000,-0.651492,-0.623760,-0.600000,-0.600000,-0.595193,-0.600000,-0.651492,-0.579453,0.600017,0.619048,-0.537569,-0.557383,0.546254,-0.546254,-0.600000,-0.600000,0.651492,-0.600000,-0.600000,-0.600000,-0.600000,-0.600000,-0.699711,-0.600000,-0.604793,0.651492,-0.600000,-0.600000,-0.600000,0.600000,0.546254,-0.600000,0.602401,-0.600000,0.600000,-0.637741,-0.633112,0.651492,0.600000,0.651492,-0.600000,-0.610755,-0.535088
8,1,0,1,0,N,0,15,5,1,0.600000,0.600000,0.595193,-0.667225,1.000000,0.689068,-0.600000,-0.600000,-0.590367,-0.533837,-0.679357,0.592782,0.595193,-0.561076,-0.561076,-0.570898,0.607182,-0.676060,-0.637738,-0.600000,0.528858,0.570898,-0.593988,-0.617867,0.600000,-0.600000,0.581881,-0.600000,-0.600000,-0.659402,-0.622587,-0.600000,-0.600000,-0.593988,-0.600000,-0.659402,-0.580671,0.608395,0.637738,-0.518884,-0.556153,0.537567,-0.537567,-0.600000,-0.600000,0.662766,-0.600000,-0.600000,-0.600000,-0.600000,-0.600000,-0.717288,-0.600000,-0.604793,0.662766,-0.600000,-0.600000,-0.600000,0.600000,0.533837,-0.600000,0.601204,-0.600000,0.600000,-0.642352,-0.626121,0.667225,0.600000,0.662766,-0.600000,-0.617867,-0.515146
9,0,0,0,1,N,0,13,6,1,0.600000,0.600000,0.596398,-0.679333,1.000000,0.699692,-0.600000,-0.600000,-0.581881,-0.527612,-0.685863,0.592782,0.595193,-0.552441,-0.552441,-0.565994,0.607182,-0.695480,-0.645790,-0.600000,0.515137,0.565994,-0.587948,-0.619048,0.600000,-0.600000,0.580664,-0.600000,-0.600000,-0.670550,-0.621418,-0.600000,-0.600000,-0.587948,-0.600000,-0.670550,-0.584322,0.608397,0.644645,-0.496394,-0.545022,0.525119,-0.525119,-0.600000,-0.600000,0.668335,-0.600000,-0.600000,-0.600000,-0.600000,-0.600000,-0.732270,-0.600000,-0.604793,0.668335,-0.600000,-0.600000,-0.600000,0.600000,0.527612,-0.600000,0.595198,-0.600000,0.600000,-0.644651,-0.623783,0.679333,0.600000,0.668335,-0.600000,-0.619048,-0.507650
10,0,0,0,1,stay,1,29,6,1,0.600000,0.600000,0.596398,-0.684759,1.000000,0.721316,-0.600000,-0.600000,-0.581881,-0.517634,-0.694424,0.592782,0.595193,-0.549968,-0.549968,-0.549968,0.607182,-0.700754,-0.648076,-0.600000,0.508891,0.549968,-0.586737,-0.619048,0.600000,-0.600000,0.580664,-0.600000,-0.600000,-0.676053,-0.635437,-0.600000,-0.600000,-0.586737,-0.600000,-0.676053,-0.568459,0.608398,0.646934,-0.490146,-0.538817,0.518882,-0.518882,-0.600000,-0.600000,0.677148,-0.600000,-0.600000,-0.600000,-0.600000,-0.600000,-0.744836,-0.600000,-0.604793,0.677148,-0.600000,-0.600000,-0.600000,0.600000,0.517634,-0.600000,0.593993,-0.600000,0.600000,-0.654899,-0.630802,0.684759,0.600000,0.677148,-0.600000,-0.619048,-0.497651
11,0,0,0,0,W,0,27,7,1,0.600000,0.600000,0.596398,-0.696520,1.000000,0.727315,-0.600000,-0.600000,-0.568448,-0.511390,-0.699708,0.592782,0.595193,-0.538810,-0.538810,-0.548731,0.607182,-0.723345,-0.658277,-0.600000,0.495142,0.548731,-0.579447,-0.619048,0.600000,-0.600000,0.580664,-0.600000,-0.600000,-0.686916,-0.629632,-0.600000,-0.600000,-0.579447,-0.600000,-0.686916,-0.580686,0.609590,0.657151,-0.462707,-0.526373,0.506391,-0.506391,-0.600000,-0.600000,0.682594,-0.600000,-0.600000,-0.600000,-0.600000,-0.600000,-0.758849,-0.600000,-0.604793,0.682594,-0.600000,-0.600000,-0.600000,0.600000,0.511390,-0.600000,0.586742,-0.600000,0.600000,-0.654904,-0.626140,0.696520,0.600000,0.682594,-0.600000,-0.619048,-0.491402
12,0,0,0,0,stay,1,29,7,1,0.600000,0.600000,0.596398,-0.709064,1.000000,0.738098,-0.600000,-0.600000,-0.568448,-0.497642,-0.711148,0.592782,0.595193,-0.537567,-0.537567,-0.548731,0.607182,-0.735203,-0.659402,-0.600000,0.480151,0.548731,-0.578228,-0.619048,0.600000,-0.600000,0.580664,-0.600000,-0.600000,-0.698632,-0.628466,-0.600000,-0.600000,-0.578228,-0.600000,-0.698632,-0.580686,0.610780,0.658277,-0.447825,-0.512646,0.492642,-0.492642,-0.600000,-0.600000,0.694400,-0.600000,-0.600000,-0.600000,-0.600000,-0.600000,-0.778451,-0.600000,-0.604793,0.694400,-0.600000,-0.600000,-0.600000,0.600000,0.497642,-0.600000,0.585529,-0.600000,0.600000,-0.668346,-0.637778,0.709064,0.600000,0.694400,-0.600000,-0.619048,-0.477664
13,0,0,0,0,N,0,27,8,1,0.600000,0.600000,0.596398,-0.721298,1.000000,0.749543,-0.600000,-0.600000,-0.568448,-0.482648,-0.723328,0.592782,0.595193,-0.537567,-0.537567,-0.548731,0.607182,-0.746731,-0.659402,-0.600000,0.465195,0.548731,-0.578228,-0.619048,0.600000,-0.600000,0.580664,-0.600000,-0.600000,-0.711125,-0.628466,-0.600000,-0.600000,-0.578228,-0.600000,-0.711125,-0.580686,0.610780,0.658277,-0.433035,-0.497649,0.477656,-0.477656,-0.600000,-0.600000,0.706995,-0.600000,-0.600000,-0.600000,-0.600000,-0.600000,-0.798510,-0.600000,-0.604793,0.706995,-0.600000,-0.600000,-0.600000,0.600000,0.482648,-0.600000,0.585529,-0.600000,0.600000,-0.681520,-0.651531,0.721298,0.600000,0.706995,-0.600000,-0.619048,-0.462717
14,0,1,0,0,N,0,25,9,1,0.600000,0.600000,0.596398,-0.733211,1.000000,0.760652,-0.600000,-0.600000,-0.568448,-0.467684,-0.735187,0.592782,0.595193,-0.537567,-0.537567,-0.548731,0.607182,-0.757924,-0.659402,-0.600000,0.450300,0.548731,-0.578228,-0.619048,0.600000,-0.600000,0.580664,-0.600000,-0.600000,-0.723306,-0.628466,-0.600000,-0.600000,-0.578228,-0.600000,-0.723306,-0.580686,0.610780,0.658277,-0.418362,-0.482656,0.462708,-0.462708,-0.600000,-0.600000,0.719281,-0.600000,-0.600000,-0.600000,-0.600000,-0.600000,-0.817183,-0.600000,-0.604793,0.719281,-0.600000,-0.600000,-0.600000,0.600000,0.467684,-0.600000,0.585529,-0.600000,0.600000,-0.694411,-0.665037,0.733211,0.600000,0.719281,-0.600000,-0.619048,-0.447835
15,0,1,0,0,N,0,23,10,1,0.600000,0.600000,0.596398,-0.744796,1.000000,0.771418,-0.600000,-0.600000,-0.568448,-0.452778,-0.746716,0.592782,0.595193,-0.537567,-0.537567,-0.548731,0.607182,-0.768775,-0.659402,-0.600000,0.435493,0.548731,-0.578228,-0.619048,0.600000,-0.600000,0.580664,-0.600000,-0.600000,-0.735165,-0.628466,-0.600000,-0.600000,-0.578228,-0.600000,-0.735165,-0.580686,0.610780,0.658277,-0.403831,-0.467692,0.447826,-0.447826,-0.600000,-0.600000,0.731248,-0.600000,-0.600000,-0.600000,-0.600000,-0.600000,-0.834488,-0.600000,-0.604793,0.731248,-0.600000,-0.600000,-0.600000,0.600000,0.452778,-0.600000,0.585529,-0.600000,0.600000,-0.707005,-0.678279,0.744796,0.600000,0.731248,-0.600000,-0.619048,-0.433044
16,0,0,0,1,N,0,21,11,1,0.600000,0.600000,0.596398,-0.746695,1.000000,0.791107,-0.600000,-0.600000,-0.568448,-0.441650,-0.755142,0.592782,0.595193,-0.537567,-0.537567,-0.531348,0.607182,-0.770551,-0.659402,-0.600000,0.433035,0.531348,-0.578228,-0.619048,0.600000,-0.600000,0.580664,-0.600000,-0.600000,-0.738079,-0.644669,-0.600000,-0.600000,-0.578228,-0.600000,-0.738079,-0.563558,0.609591,0.658277,-0.401425,-0.463959,0.444119,-0.444119,-0.600000,-0.600000,0.740009,-0.600000,-0.600000,-0.600000,-0.600000,-0.600000,-0.842627,-0.600000,-0.604793,0.740009,-0.600000,-0.600000,-0.600000,0.600000,0.441650,-0.600000,0.585529,-0.600000,0.600000,-0.716249,-0.688028,0.746695,0.600000,0.740009,-0.600000,-0.619048,-0.422027
17,0,0,0,0,N,0,19,12,1,0.600000,0.600000,0.596398,-0.750463,1.000000,0.801670,-0.600000,-0.600000,-0.568448,-0.431808,-0.762472,0.592782,0.595193,-0.537567,-0.537567,-0.525119,0.607182,-0.774072,-0.659402,-0.600000,0.428130,0.525119,-0.578228,-0.619048,0.600000,-0.600000,0.580664,-0.600000,-0.600000,-0.743843,-0.650379,-0.600000,-0.600000,-0.578228,-0.600000,-0.743843,-0.557401,0.607210,0.658277,-0.396626,-0.456505,0.436723,-0.436723,-0.600000,-0.600000,0.747640,-0.600000,-0.600000,-0.600000,-0.600000,-0.600000,-0.851713,-0.600000,-0.604793,0.747640,-0.600000,-0.600000,-0.600000,0.600000,0.431808,-0.600000,0.585529,-0.600000,0.600000,-0.724317,-0.696557,0.750463,0.600000,0.747640,-0.600000,-0.619048,-0.412298
18,0,0,0,0,N,0,17,13,1,0.600000,0.600000,0.596398,-0.757888,1.000000,0.810286,-0.600000,-0.600000,-0.568448,-0.419580,-0.771420,0.592782,0.595193,-0.537567,-0.537567,-0.523872,0.607182,-0.781000,-0.659402,-0.600000,0.418362,0.523872,-0.578228,-0.619048,0.600000,-0.600000,0.580664,-0.600000,-0.600000,-0.753265,-0.651516,-0.600000,-0.600000,-0.578228,-0.600000,-0.753265,-0.556168,0.604824,0.658277,-0.387089,-0.444126,0.424460,-0.424460,-0.600000,-0.600000,0.756968,-0.600000,-0.600000,-0.600000,-0.600000,-0.600000,-0.863942,-0.600000,-0.604793,0.756968,-0.600000,-0.600000,-0.600000,0.600000,0.419580,-0.600000,0.585529,-0.600000,0.600000,-0.734199,-0.707030,0.757888,0.600000,0.756968,-0.600000,-0.619048,-0.400232
19,0,0,0,0,N,0,15,14,1,0.600000,0.600000,0.596398,-0.768741,1.000000,0.819352,-0.600000,-0.600000,-0.568448,-0.405036,-0.781842,0.592782,0.595193,-0.537567,-0.537567,-0.523872,0.607182,-0.791104,-0.659402,-0.600000,0.403831,0.523872,-0.578228,-0.619048,0.600000,-0.600000,0.580664,-0.600000,-0.600000,-0.764261,-0.651516,-0.600000,-0.600000,-0.578228,-0.600000,-0.764261,-0.556168,0.604824,0.658277,-0.372946,-0.429362,0.409867,-0.409867,-0.600000,-0.600000,0.767850,-0.600000,-0.600000,-0.600000,-0.600000,-0.600000,-0.877490,-0.600000,-0.604793,0.767850,-0.600000,-0.600000,-0.600000,0.600000,0.405036,-0.600000,0.585529,-0.600000,0.600000,-0.745756,-0.719315,0.768741,0.600000,0.767850,-0.600000,-0.619048,-0.385912
20,0,0,0,1,N,0,13,15,1,0.600000,0.600000,0.596398,-0.770516,1.000000,0.835795,-0.600000,-0.600000,-0.568448,-0.395430,-0.788597,0.592782,0.595193,-0.537567,-0.537567,-0.505142,0.607182,-0.792754,-0.659402,-0.600000,0.401425,0.505142,-0.578228,-0.619048,0.600000,-0.600000,0.580664,-0.600000,-0.600000,-0.766956,-0.668359,-0.600000,-0.600000,-0.578228,-0.600000,-0.766956,-0.537589,0.603628,0.658277,-0.370609,-0.425690,0.406242,-0.406242,-0.600000,-0.600000,0.774913,-0.600000,-0.600000,-0.600000,-0.600000,-0.600000,-0.883295,-0.600000,-0.604793,0.774913,-0.600000,-0.600000,-0.600000,0.600000,0.395430,-0.600000,0.585529,-0.600000,0.600000,-0.753275,-0.727329,0.770516,0.600000,0.774913,-0.600000,-0.619048,-0.376471
21,1,0,0,1,N,0,11,16,1,0.600000,0.600000,0.589159,-0.770516,1.000000,0.841890,-0.600000,-0.600000,-0.568448,-0.394235,-0.789430,0.581881,0.587948,-0.536324,-0.536324,-0.495142,0.617867,-0.792754,-0.660525,-0.600000,0.401425,0.495142,-0.577009,-0.619048,0.600000,-0.600000,0.580664,-0.600000,-0.600000,-0.766956,-0.676077,-0.600000,-0.600000,-0.577009,-0.600000,-0.766956,-0.527634,0.603628,0.659402,-0.370609,-0.425690,0.406242,-0.406242,-0.600000,-0.600000,0.775785,-0.600000,-0.600000,-0.600000,-0.600000,-0.600000,-0.883811,-0.600000,-0.611944,0.775785,-0.600000,-0.600000,-0.600000,0.600000,0.394235,-0.600000,0.595207,-0.600000,0.600000,-0.755131,-0.727331,0.770516,0.600000,0.775785,-0.600000,-0.619048,-0.375297
22,0,0,1,1,W,0,9,17,1,0.600000,0.600000,0.587949,-0.778387,1.000000,0.842556,-0.600000,-0.600000,-0.554912,-0.394235,-0.789430,0.577009,0.586737,-0.523872,-0.523872,-0.493892,0.622581,-0.808748,-0.671654,-0.600000,0.390656,0.493892,-0.568448,-0.619048,0.600000,-0.600000,0.580664,-0.600000,-0.600000,-0.775785,-0.669480,-0.600000,-0.600000,-0.568448,-0.600000,-0.775785,-0.540078,0.602432,0.670550,-0.347569,-0.413509,0.394235,-0.394235,-0.600000,-0.600000,0.775785,-0.600000,-0.600000,-0.600000,-0.600000,-0.600000,-0.888857,-0.600000,-0.613131,0.775785,-0.600000,-0.600000,-0.600000,0.600000,0.394235,-0.600000,0.591593,-0.600000,0.600000,-0.751419,-0.717315,0.778387,0.600000,0.775785,-0.600000,-0.619048,-0.375297
23,0,0,1,1,stay,1,29,17,1,0.600000,0.600000,0.587949,-0.789412,1.000000,0.847153,-0.600000,-0.600000,-0.553677,-0.387090,-0.795198,0.577009,0.586737,-0.507641,-0.507641,-0.492642,0.622581,-0.819360,-0.685838,-0.600000,0.375289,0.492642,-0.565994,-0.620227,0.600000,-0.600000,0.579447,-0.600000,-0.600000,-0.780967,-0.668376,-0.600000,-0.600000,-0.565994,-0.600000,-0.780967,-0.540078,0.610789,0.684759,-0.331856,-0.407457,0.387090,-0.387090,-0.600000,-0.600000,0.780967,-0.600000,-0.600000,-0.600000,-0.600000,-0.600000,-0.894663,-0.600000,-0.613131,0.780967,-0.600000,-0.600000,-0.600000,0.600000,0.387090,-0.600000,0.589175,-0.600000,0.600000,-0.756987,-0.710172,0.789412,0.600000,0.780967,-0.600000,-0.620227,-0.367123
24,0,1,0,0,N,0,27,18,1,0.600000,0.600000,0.587949,-0.799227,1.000000,0.854152,-0.600000,-0.600000,-0.553677,-0.374117,-0.804023,0.577009,0.586737,-0.506391,-0.506391,-0.492642,0.622581,-0.828085,-0.686916,-0.600000,0.361322,0.492642,-0.565994,-0.620227,0.600000,-0.600000,0.579447,-0.600000,-0.600000,-0.789412,-0.668376,-0.600000,-0.600000,-0.565994,-0.600000,-0.789412,-0.540078,0.613164,0.685838,-0.318677,-0.395437,0.375289,-0.375289,-0.600000,-0.600000,0.790243,-0.600000,-0.600000,-0.600000,-0.600000,-0.600000,-0.904190,-0.600000,-0.613131,0.790243,-0.600000,-0.600000,-0.600000,0.600000,0.374117,-0.600000,0.589175,-0.600000,0.600000,-0.766974,-0.720365,0.799227,0.600000,0.790243,-0.600000,-0.620227,-0.354431
25,0,0,0,0,N,0,25,19,1,0.600000,0.600000,0.587949,-0.808696,1.000000,0.861481,-0.600000,-0.600000,-0.553677,-0.360168,-0.813319,0.577009,0.586737,-0.506391,-0.506391,-0.492642,0.622581,-0.836473,-0.686916,-0.600000,0.347584,0.492642,-0.565994,-0.620227,0.600000,-0.600000,0.579447,-0.600000,-0.600000,-0.799227,-0.668376,-0.600000,-0.600000,-0.565994,-0.600000,-0.799227,-0.540078,0.613164,0.685838,-0.305782,-0.381179,0.361322,-0.361322,-0.600000,-0.600000,0.800029,-0.600000,-0.600000,-0.600000,-0.600000,-0.600000,-0.914132,-0.600000,-0.613131,0.800029,-0.600000,-0.600000,-0.600000,0.600000,0.360168,-0.600000,0.589175,-0.600000,0.600000,-0.777539,-0.732303,0.808696,0.600000,0.800029,-0.600000,-0.620227,-0.340815
26,0,0,0,0,N,0,23,20,1,0.600000,0.600000,0.587949,-0.817821,1.000000,0.868500,-0.600000,-0.600000,-0.553677,-0.346450,-0.822272,0.577009,0.586737,-0.506391,-0.506391,-0.492642,0.622581,-0.844529,-0.686916,-0.600000,0.334095,0.492642,-0.565994,-0.620227,0.600000,-0.600000,0.579447,-0.600000,-0.600000,-0.808696,-0.668376,-0.600000,-0.600000,-0.565994,-0.600000,-0.808696,-0.540078,0.613164,0.685838,-0.293183,-0.367122,0.347584,-0.347584,-0.600000,-0.600000,0.809470,-0.600000,-0.600000,-0.600000,-0.600000,-0.600000,-0.923131,-0.600000,-0.613131,0.809470,-0.600000,-0.600000,-0.600000,0.600000,0.346450,-0.600000,0.589175,-0.600000,0.600000,-0.787759,-0.743914,0.817821,0.600000,0.809470,-0.600000,-0.620227,-0.327456
27,0,1,0,0,N,0,21,21,1,0.600000,0.600000,0.587949,-0.826605,1.000000,0.875214,-0.600000,-0.600000,-0.553677,-0.332982,-0.830885,0.577009,0.586737,-0.506391,-0.506391,-0.492642,0.622581,-0.852258,-0.686916,-0.600000,0.320870,0.492642,-0.565994,-0.620227,0.600000,-0.600000,0.579447,-0.600000,-0.600000,-0.817821,-0.668376,-0.600000,-0.600000,-0.565994,-0.600000,-0.817821,-0.540078,0.613164,0.685838,-0.280893,-0.353286,0.334095,-0.334095,-0.600000,-0.600000,0.818566,-0.600000,-0.600000,-0.600000,-0.600000,-0.600000,-0.931258,-0.600000,-0.613131,0.818566,-0.600000,-0.600000,-0.600000,0.600000,0.332982,-0.600000,0.589175,-0.600000,0.600000,-0.797632,-0.755190,0.826605,0.600000,0.818566,-0.600000,-0.620227,-0.314370
28,0,0,0,0,N,0,19,22,1,0.600000,0.600000,0.587949,-0.835051,1.000000,0.881633,-0.600000,-0.600000,-0.553677,-0.319781,-0.839163,0.577009,0.586737,-0.506391,-0.506391,-0.492642,0.622581,-0.859667,-0.686916,-0.600000,0.307927,0.492642,-0.565994,-0.620227,0.600000,-0.600000,0.579447,-0.600000,-0.600000,-0.826605,-0.668376,-0.600000,-0.600000,-0.565994,-0.600000,-0.826605,-0.540078,0.613164,0.685838,-0.268921,-0.339691,0.320870,-0.320870,-0.600000,-0.600000,0.827321,-0.600000,-0.600000,-0.600000,-0.600000,-0.600000,-0.938584,-0.600000,-0.613131,0.827321,-0.600000,-0.600000,-0.600000,0.600000,0.319781,-0.600000,0.589175,-0.600000,0.600000,-0.807158,-0.766126,0.835051,0.600000,0.827321,-0.600000,-0.620227,-0.301572
29,0,0,0,0,N,0,17,23,1,0.600000,0.600000,0.587949,-0.843163,1.000000,0.887764,-0.600000,-0.600000,-0.553677,-0.306861,-0.847111,0.577009,0.586737,-0.506391,-0.506391,-0.492642,0.622581,-0.866763,-0.686916,-0.600000,0.295277,0.492642,-0.565994,-0.620227,0.600000,-0.600000,0.579447,-0.600000,-0.600000,-0.835051,-0.668376,-0.600000,-0.600000,-0.565994,-0.600000,-0.835051,-0.540078,0.613164,0.685838,-0.257276,-0.326354,0.307927,-0.307927,-0.600000,-0.600000,0.835739,-0.600000,-0.600000,-0.600000,-0.600000,-0.600000,-0.945176,-0.600000,-0.613131,0.835739,-0.600000,-0.600000,-0.600000,0.600000,0.306861,-0.600000,0.589175,-0.600000,0.600000,-0.816340,-0.776719,0.843163,0.600000,0.835739,-0.600000,-0.620227,-0.289074
30,1,0,0,0,N,0,15,24,1,0.600000,0.600000,0.587949,-0.850948,1.000000,0.893616,-0.600000,-0.600000,-0.553677,-0.294237,-0.854734,0.577009,0.586737,-0.506391,-0.506391,-0.492642,0.622581,-0.873554,-0.686916,-0.600000,0.282934,0.492642,-0.565994,-0.620227,0.600000,-0.600000,0.579447,-0.600000,-0.600000,-0.843163,-0.668376,-0.600000,-0.600000,-0.565994,-0.600000,-0.843163,-0.540078,0.613164,0.685838,-0.245965,-0.313291,0.295277,-0.295277,-0.600000,-0.600000,0.843824,-0.600000,-0.600000,-0.600000,-0.600000,-0.600000,-0.951097,-0.600000,-0.613131,0.843824,-0.600000,-0.600000,-0.600000,0.600000,0.294237,-0.600000,0.589175,-0.600000,0.600000,-0.825179,-0.786966,0.850948,0.600000,0.843824,-0.600000,-0.620227,-0.276888
31,0,1,0,1,N,0,13,25,1,0.600000,0.600000,0.587949,-0.858412,1.000000,0.895038,-0.600000,-0.600000,-0.540052,-0.292162,-0.855974,0.577009,0.586737,-0.493892,-0.493892,-0.491393,0.622581,-0.885764,-0.697577,-0.600000,0.270908,0.491393,-0.553677,-0.620227,0.600000,-0.600000,0.579447,-0.600000,-0.600000,-0.849673,-0.658337,-0.600000,-0.600000,-0.553677,-0.600000,-0.849673,-0.552474,0.615535,0.696520,-0.225212,-0.302626,0.284970,-0.284970,-0.600000,-0.600000,0.845140,-0.600000,-0.600000,-0.600000,-0.600000,-0.600000,-0.953822,-0.600000,-0.613131,0.845140,-0.600000,-0.600000,-0.600000,0.600000,0.292162,-0.600000,0.577026,-0.600000,0.600000,-0.825900,-0.780197,0.858412,0.600000,0.845140,-0.600000,-0.620227,-0.274888
32,0,1,0,1,stay,1,29,25,1,0.600000,0.600000,0.587949,-0.864978,1.000000,0.901008,-0.600000,-0.600000,-0.538810,-0.283951,-0.861443,0.577009,0.586737,-0.491393,-0.491393,-0.485146,0.622581,-0.891709,-0.699685,-0.600000,0.260170,0.485146,-0.552441,-0.621405,0.600000,-0.600000,0.578228,-0.600000,-0.600000,-0.855960,-0.662827,-0.600000,-0.600000,-0.552441,-0.600000,-0.855960,-0.547526,0.616718,0.698632,-0.214898,-0.293205,0.274881,-0.274881,-0.600000,-0.600000,0.850312,-0.600000,-0.600000,-0.600000,-0.600000,-0.600000,-0.957642,-0.600000,-0.613131,0.850312,-0.600000,-0.600000,-0.600000,0.600000,0.283951,-0.600000,0.575806,-0.600000,0.600000,-0.830886,-0.785310,0.864978,0.600000,0.850312,-0.600000,-0.621405,-0.266000
33,1,1,0,1,N,0,27,26,1,0.600000,0.600000,0.587949,-0.870722,1.000000,0.908774,-0.600000,-0.600000,-0.538810,-0.273884,-0.867314,0.577009,0.586737,-0.491393,-0.491393,-0.475161,0.622581,-0.896452,-0.699685,-0.600000,0.250650,0.475161,-0.552441,-0.621405,0.600000,-0.600000,0.578228,-0.600000,-0.600000,-0.860830,-0.671715,-0.600000,-0.600000,-0.552441,-0.600000,-0.860830,-0.537600,0.619081,0.698632,-0.206571,-0.284976,0.266971,-0.266971,-0.600000,-0.600000,0.856576,-0.600000,-0.600000,-0.600000,-0.600000,-0.600000,-0.961159,-0.600000,-0.613131,0.856576,-0.600000,-0.600000,-0.600000,0.600000,0.273884,-0.600000,0.575806,-0.600000,0.600000,-0.837807,-0.793632,0.870722,0.600000,0.856576,-0.600000,-0.621405,-0.256341
34,1,1,0,0,N,0,25,27,1,0.600000,0.600000,0.587949,-0.882629,1.000000,0.910422,-0.600000,-0.600000,-0.512639,-0.269920,-0.871297,0.577009,0.586737,-0.467684,-0.467684,-0.475161,0.622581,-0.914845,-0.719281,-0.600000,0.230536,0.475161,-0.532593,-0.624929,0.600000,-0.600000,0.574567,-0.600000,-0.600000,-0.871285,-0.653852,-0.600000,-0.600000,-0.532593,-0.600000,-0.871285,-0.563582,0.623789,0.718269,-0.173448,-0.269926,0.249711,-0.249711,-0.600000,-0.600000,0.859020,-0.600000,-0.600000,-0.600000,-0.600000,-0.600000,-0.965074,-0.600000,-0.613131,0.859020,-0.600000,-0.600000,-0.600000,0.600000,0.269920,-0.600000,0.556164,-0.600000,0.600000,-0.835083,-0.781101,0.882629,0.600000,0.859020,-0.600000,-0.624929,-0.249718
35,1,1,0,0,stay,1,29,27,1,0.600000,0.600000,0.587949,-0.888715,1.000000,0.914425,-0.600000,-0.600000,-0.511390,-0.260170,-0.876811,0.577009,0.586737,-0.465195,-0.465195,-0.475161,0.622581,-0.919786,-0.721298,-0.600000,0.220051,0.475161,-0.530103,-0.624929,0.600000,-0.600000,0.574567,-0.600000,-0.600000,-0.876799,-0.651587,-0.600000,-0.600000,-0.530103,-0.600000,-0.876799,-0.564812,0.626134,0.720290,-0.164310,-0.260176,0.240450,-0.240450,-0.600000,-0.600000,0.864978,-0.600000,-0.600000,-0.600000,-0.600000,-0.600000,-0.968306,-0.600000,-0.613131,0.864978,-0.600000,-0.600000,-0.600000,0.600000,0.260170,-0.600000,0.553695,-0.600000,0.600000,-0.842531,-0.787878,0.888715,0.600000,0.864978,-0.600000,-0.624929,-0.240456
36,0,1,0,1,N,0,27,28,1,0.600000,0.600000,0.587949,-0.896863,1.000000,0.915596,-0.600000,-0.600000,-0.491393,-0.258247,-0.878959,0.577009,0.586737,-0.446589,-0.446589,-0.473914,0.622581,-0.931191,-0.736138,-0.600000,0.205790,0.473914,-0.513888,-0.627272,0.600000,-0.600000,0.572122,-0.600000,-0.600000,-0.882629,-0.637857,-0.600000,-0.600000,-0.513888,-0.600000,-0.882629,-0.583156,0.633134,0.735165,-0.142819,-0.251595,0.230536,-0.230536,-0.600000,-0.600000,0.866144,-0.600000,-0.600000,-0.600000,-0.600000,-0.600000,-0.970247,-0.600000,-0.613131,0.866144,-0.600000,-0.600000,-0.600000,0.600000,0.258247,-0.600000,0.537585,-0.600000,0.600000,-0.840536,-0.776832,0.896863,0.600000,0.866144,-0.600000,-0.627272,-0.236818
37,0,1,0,1,stay,1,29,28,1,0.600000,0.600000,0.587949,-0.902293,1.000000,0.921232,-0.600000,-0.600000,-0.490143,-0.249711,-0.884704,0.577009,0.586737,-0.442884,-0.442884,-0.466440,0.622581,-0.935251,-0.739045,-0.600000,0.196142,0.466440,-0.511390,-0.629608,0.600000,-0.600000,0.569673,-0.600000,-0.600000,-0.885707,-0.642470,-0.600000,-0.600000,-0.511390,-0.600000,-0.885707,-0.577070,0.640079,0.738079,-0.135029,-0.247839,0.225250,-0.225250,-0.600000,-0.600000,0.871285,-0.600000,-0.600000,-0.600000,-0.600000,-0.600000,-0.972345,-0.600000,-0.613131,0.871285,-0.600000,-0.600000,-0.600000,0.600000,0.249711,-0.600000,0.535099,-0.600000,0.600000,-0.845834,-0.782002,0.902293,0.600000,0.871285,-0.600000,-0.629608,-0.227004
38,1,1,0,0,S,0,27,26,1,0.600000,0.600000,0.587949,-0.907467,1.000000,0.925486,-0.600000,-0.600000,-0.490143,-0.238626,-0.890696,0.577009,0.586737,-0.442884,-0.442884,-0.466440,0.622581,-0.938798,-0.739045,-0.600000,0.186840,0.466440,-0.511390,-0.629608,0.600000,-0.600000,0.569673,-0.600000,-0.600000,-0.891653,-0.642470,-0.600000,-0.600000,-0.511390,-0.600000,-0.891653,-0.577070,0.640079,0.738079,-0.128161,-0.236810,0.214938,-0.214938,-0.600000,-0.600000,0.877877,-0.600000,-0.600000,-0.600000,-0.600000,-0.600000,-0.975409,-0.600000,-0.613131,0.877877,-0.600000,-0.600000,-0.600000,0.600000,0.238626,-0.600000,0.535099,-0.600000,0.600000,-0.853510,-0.792071,0.907467,0.600000,0.877877,-0.600000,-0.629608,-0.216634
39,0,0,0,0,N,0,25,25,1,0.600000,0.600000,0.587949,-0.912393,1.000000,0.926516,-0.600000,-0.600000,-0.476408,-0.235907,-0.892151,0.577009,0.586737,-0.430581,-0.430581,-0.466440,0.622581,-0.945108,-0.748584,-0.600000,0.177881,0.466440,-0.498892,-0.629608,0.600000,-0.600000,0.569673,-0.600000,-0.600000,-0.896399,-0.630913,-0.600000,-0.600000,-0.498892,-0.600000,-0.896399,-0.590439,0.642381,0.747640,-0.115807,-0.227881,0.206609,-0.206609,-0.600000,-0.600000,0.879479,-0.600000,-0.600000,-0.600000,-0.600000,-0.600000,-0.976926,-0.600000,-0.613131,0.879479,-0.600000,-0.600000,-0.600000,0.600000,0.235907,-0.600000,0.522643,-0.600000,0.600000,-0.854758,-0.786262,0.912393,0.600000,0.879479,-0.600000,-0.629608,-0.214096
40,0,0,0,0,stay,1,29,25,1,0.600000,0.600000,0.587949,-0.915931,1.000000,0.929858,-0.600000,-0.600000,-0.475161,-0.228764,-0.895947,0.577009,0.586737,-0.426906,-0.426906,-0.463951,0.622581,-0.947651,-0.751400,-0.600000,0.171385,0.463951,-0.496392,-0.629608,0.600000,-0.600000,0.569673,-0.600000,-0.600000,-0.900062,-0.630916,-0.600000,-0.600000,-0.496392,-0.600000,-0.900062,-0.589231,0.643531,0.750463,-0.110774,-0.220910,0.200120,-0.200120,-0.600000,-0.600000,0.883663,-0.600000,-0.600000,-0.600000,-0.600000,-0.600000,-0.978668,-0.600000,-0.613131,0.883663,-0.600000,-0.600000,-0.600000,0.600000,0.228764,-0.600000,0.520148,-0.600000,0.600000,-0.860265,-0.790444,0.915931,0.600000,0.883663,-0.600000,-0.629608,-0.207433
41,0,0,0,0,N,0,27,24,1,0.600000,0.600000,0.587949,-0.920447,1.000000,0.933680,-0.600000,-0.600000,-0.475161,-0.218337,-0.901420,0.577009,0.586737,-0.426906,-0.426906,-0.463951,0.622581,-0.950556,-0.751400,-0.600000,0.163018,0.463951,-0.496392,-0.629608,0.600000,-0.600000,0.569673,-0.600000,-0.600000,-0.905342,-0.630916,-0.600000,-0.600000,-0.496392,-0.600000,-0.905342,-0.589231,0.643531,0.750463,-0.104989,-0.210742,0.190674,-0.190674,-0.600000,-0.600000,0.889702,-0.600000,-0.600000,-0.600000,-0.600000,-0.600000,-0.981045,-0.600000,-0.613131,0.889702,-0.600000,-0.600000,-0.600000,0.600000,0.218337,-0.600000,0.520148,-0.600000,0.600000,-0.867336,-0.800223,0.920447,0.600000,0.889702,-0.600000,-0.629608,-0.197727
42,1,1,0,1,N,0,25,23,1,0.600000,0.600000,0.587949,-0.925088,1.000000,0.939059,-0.600000,-0.600000,-0.475161,-0.208256,-0.906635,0.577009,0.586737,-0.426906,-0.426906,-0.456497,0.622581,-0.953529,-0.751400,-0.600000,0.154327,0.456497,-0.496392,-0.629608,0.600000,-0.600000,0.569673,-0.600000,-0.600000,-0.908305,-0.637879,-0.600000,-0.600000,-0.496392,-0.600000,-0.908305,-0.581954,0.650388,0.750463,-0.099025,-0.204971,0.185323,-0.185323,-0.600000,-0.600000,0.895465,-0.600000,-0.600000,-0.600000,-0.600000,-0.600000,-0.982740,-0.600000,-0.613131,0.895465,-0.600000,-0.600000,-0.600000,0.600000,0.208256,-0.600000,0.520148,-0.600000,0.600000,-0.874101,-0.809657,0.925088,0.600000,0.895465,-0.600000,-0.629608,-0.188368
43,0,0,0,0,N,0,23,22,1,0.600000,0.600000,0.587949,-0.928819,1.000000,0.940196,-0.600000,-0.600000,-0.462708,-0.205790,-0.907899,0.577009,0.586737,-0.415930,-0.415930,-0.455257,0.622581,-0.957985,-0.759721,-0.600000,0.147273,0.455257,-0.485146,-0.629608,0.600000,-0.600000,0.569673,-0.600000,-0.600000,-0.910370,-0.628597,-0.600000,-0.600000,-0.485146,-0.600000,-0.910370,-0.592865,0.657184,0.758806,-0.090009,-0.200921,0.181572,-0.181572,-0.600000,-0.600000,0.896863,-0.600000,-0.600000,-0.600000,-0.600000,-0.600000,-0.983408,-0.600000,-0.613131,0.896863,-0.600000,-0.600000,-0.600000,0.600000,0.205790,-0.600000,0.508909,-0.600000,0.600000,-0.875200,-0.805003,0.928819,0.600000,0.896863,-0.600000,-0.629608,-0.186081
44,0,0,0,0,stay,1,29,22,1,0.600000,0.600000,0.587949,-0.932378,1.000000,0.942682,-0.600000,-0.600000,-0.461465,-0.198521,-0.911601,0.577009,0.586737,-0.412289,-0.412289,-0.455257,0.622581,-0.960341,-0.762452,-0.600000,0.140487,0.455257,-0.482648,-0.629608,0.600000,-0.600000,0.569673,-0.600000,-0.600000,-0.913982,-0.626261,-0.600000,-0.600000,-0.482648,-0.600000,-0.913982,-0.594072,0.659435,0.761544,-0.085202,-0.193783,0.174970,-0.174970,-0.600000,-0.600000,0.900960,-0.600000,-0.600000,-0.600000,-0.600000,-0.600000,-0.984820,-0.600000,-0.613131,0.900960,-0.600000,-0.600000,-0.600000,0.600000,0.198521,-0.600000,0.506409,-0.600000,0.600000,-0.880569,-0.809681,0.932378,0.600000,0.900960,-0.600000,-0.629608,-0.179352
45,1,0,0,1,N,0,27,21,1,0.600000,0.600000,0.583097,-0.935470,1.000000,0.946866,-0.600000,-0.600000,-0.455257,-0.194568,-0.913996,0.568448,0.581881,-0.405036,-0.405036,-0.441650,0.630774,-0.963111,-0.767850,-0.600000,0.134547,0.441650,-0.476408,-0.630774,0.600000,-0.600000,0.568448,-0.600000,-0.600000,-0.916316,-0.633265,-0.600000,-0.600000,-0.476408,-0.600000,-0.916316,-0.586826,0.663918,0.766956,-0.079518,-0.189899,0.170675,-0.170675,-0.600000,-0.600000,0.903173,-0.600000,-0.600000,-0.600000,-0.600000,-0.600000,-0.985624,-0.600000,-0.617867,0.903173,-0.600000,-0.600000,-0.600000,0.600000,0.194568,-0.600000,0.508909,-0.600000,0.600000,-0.882666,-0.808920,0.935470,0.600000,0.903173,-0.600000,-0.630774,-0.174969
46,1,0,0,1,stay,0,26,21,1,0.600000,0.600000,0.574569,-0.935470,1.000000,0.949091,-0.600000,-0.600000,-0.455257,-0.193784,-0.914389,0.556146,0.573345,-0.403831,-0.403831,-0.431808,0.642349,-0.963111,-0.768741,-0.600000,0.134547,0.431808,-0.475161,-0.630774,0.600000,-0.600000,0.568448,-0.600000,-0.600000,-0.916316,-0.641360,-0.600000,-0.600000,-0.475161,-0.600000,-0.916316,-0.577099,0.663918,0.767850,-0.079518,-0.189899,0.170675,-0.170675,-0.600000,-0.600000,0.903610,-0.600000,-0.600000,-0.600000,-0.600000,-0.600000,-0.985695,-0.600000,-0.626101,0.903610,-0.600000,-0.600000,-0.600000,0.600000,0.193784,-0.600000,0.520150,-0.600000,0.600000,-0.883700,-0.808922,0.935470,0.600000,0.903610,-0.600000,-0.630774,-0.174247
47,0,0,0,0,W,0,24,22,1,0.600000,0.600000,0.574569,-0.938139,1.000000,0.949573,-0.600000,-0.600000,-0.441650,-0.193003,-0.914780,0.551205,0.573345,-0.393041,-0.393041,-0.430581,0.646934,-0.966518,-0.776655,-0.600000,0.129383,0.430581,-0.465195,-0.630774,0.600000,-0.600000,0.568448,-0.600000,-0.600000,-0.919710,-0.633278,-0.600000,-0.600000,-0.465195,-0.600000,-0.919710,-0.589259,0.663919,0.775785,-0.072472,-0.183062,0.164389,-0.164389,-0.600000,-0.600000,0.904046,-0.600000,-0.600000,-0.600000,-0.600000,-0.600000,-0.986385,-0.600000,-0.626101,0.904046,-0.600000,-0.600000,-0.600000,0.600000,0.193003,-0.600000,0.515157,-0.600000,0.600000,-0.882672,-0.802672,0.938139,0.600000,0.904046,-0.600000,-0.630774,-0.173528
48,0,0,0,0,stay,1,29,22,1,0.600000,0.600000,0.574569,-0.941262,1.000000,0.951689,-0.600000,-0.600000,-0.440417,-0.186080,-0.918230,0.551205,0.573345,-0.389466,-0.389466,-0.430581,0.646934,-0.968411,-0.779249,-0.600000,0.123302,0.430581,-0.462708,-0.630774,0.600000,-0.600000,0.568448,-0.600000,-0.600000,-0.922262,-0.630954,-0.600000,-0.600000,-0.462708,-0.600000,-0.922262,-0.590469,0.668371,0.778387,-0.068531,-0.177877,0.159629,-0.159629,-0.600000,-0.600000,0.907887,-0.600000,-0.600000,-0.600000,-0.600000,-0.600000,-0.987423,-0.600000,-0.626101,0.907887,-0.600000,-0.600000,-0.600000,0.600000,0.186080,-0.600000,0.512659,-0.600000,0.600000,-0.887762,-0.807393,0.941262,0.600000,0.907887,-0.600000,-0.630774,-0.167158
49,0,1,0,0,N,0,27,21,1,0.600000,0.600000,0.574569,-0.944500,1.000000,0.954380,-0.600000,-0.600000,-0.440417,-0.177150,-0.922633,0.551205,0.573345,-0.389466,-0.389466,-0.430581,0.646934,-0.970200,-0.779249,-0.600000,0.116949,0.430581,-0.462708,-0.630774,0.600000,-0.600000,0.568448,-0.600000,-0.600000,-0.926465,-0.630954,-0.600000,-0.600000,-0.462708,-0.600000,-0.926465,-0.590469,0.668371,0.778387,-0.064791,-0.169258,0.151731,-0.151731,-0.600000,-0.600000,0.912793,-0.600000,-0.600000,-0.600000,-0.600000,-0.600000,-0.988836,-0.600000,-0.626101,0.912793,-0.600000,-0.600000,-0.600000,0.600000,0.177150,-0.600000,0.512659,-0.600000,0.600000,-0.893614,-0.816566,0.944500,0.600000,0.912793,-0.600000,-0.630774,-0.158958
50,0,0,0,1,N,0,25,20,1,0.600000,0.600000,0.574569,-0.945023,1.000000,0.959346,-0.600000,-0.600000,-0.440417,-0.171385,-0.925446,0.551205,0.573345,-0.389466,-0.389466,-0.411078,0.646934,-0.970488,-0.779249,-0.600000,0.115919,0.411078,-0.462708,-0.630774,0.600000,-0.600000,0.568448,-0.600000,-0.600000,-0.927482,-0.649392,-0.600000,-0.600000,-0.462708,-0.600000,-0.927482,-0.571001,0.667263,0.778387,-0.064187,-0.167156,0.149807,-0.149807,-0.600000,-0.600000,0.915931,-0.600000,-0.600000,-0.600000,-0.600000,-0.600000,-0.989429,-0.600000,-0.626101,0.915931,-0.600000,-0.600000,-0.600000,0.600000,0.171385,-0.600000,0.512659,-0.600000,0.600000,-0.897364,-0.822491,0.945023,0.600000,0.915931,-0.600000,-0.630774,-0.153674
51,0,0,1,0,E,0,23,19,1,0.600000,0.600000,0.574569,-0.947320,1.000000,0.960881,-0.600000,-0.600000,-0.440417,-0.165769,-0.928833,0.551205,0.573345,-0.377638,-0.377638,-0.411078,0.646934,-0.971753,-0.787742,-0.600000,0.111377,0.411078,-0.462708,-0.633102,0.600000,-0.600000,0.565994,-0.600000,-0.600000,-0.927819,-0.649392,-0.600000,-0.600000,-0.462708,-0.600000,-0.927819,-0.571001,0.676091,0.786904,-0.061530,-0.167850,0.149170,-0.149170,-0.600000,-0.600000,0.918967,-0.600000,-0.600000,-0.600000,-0.600000,-0.600000,-0.989891,-0.600000,-0.626101,0.918967,-0.600000,-0.600000,-0.600000,0.600000,0.165769,-0.600000,0.512659,-0.600000,0.600000,-0.900100,-0.821029,0.947320,0.600000,0.918967,-0.600000,-0.633102,-0.147268
52,0,0,0,0,N,0,21,18,1,0.600000,0.600000,0.574569,-0.948800,1.000000,0.963083,-0.600000,-0.600000,-0.440417,-0.159629,-0.931757,0.551205,0.573345,-0.376463,-0.376463,-0.407449,0.646934,-0.972567,-0.788578,-0.600000,0.108437,0.407449,-0.462708,-0.633102,0.600000,-0.600000,0.565994,-0.600000,-0.600000,-0.929479,-0.652802,-0.600000,-0.600000,-0.462708,-0.600000,-0.929479,-0.567324,0.677186,0.787742,-0.059817,-0.164381,0.146019,-0.146019,-0.600000,-0.600000,0.922262,-0.600000,-0.600000,-0.600000,-0.600000,-0.600000,-0.990571,-0.600000,-0.626101,0.922262,-0.600000,-0.600000,-0.600000,0.600000,0.159629,-0.600000,0.512659,-0.600000,0.600000,-0.904082,-0.826842,0.948800,0.600000,0.922262,-0.600000,-0.633102,-0.141696
53,0,0,0,0,N,0,19,17,1,0.600000,0.600000,0.574569,-0.951644,1.000000,0.965162,-0.600000,-0.600000,-0.440417,-0.151731,-0.935483,0.551205,0.573345,-0.376463,-0.376463,-0.407449,0.646934,-0.974127,-0.788578,-0.600000,0.102760,0.407449,-0.462708,-0.633102,0.600000,-0.600000,0.565994,-0.600000,-0.600000,-0.933320,-0.652802,-0.600000,-0.600000,-0.462708,-0.600000,-0.933320,-0.567324,0.677186,0.787742,-0.056523,-0.156291,0.138682,-0.138682,-0.600000,-0.600000,0.926465,-0.600000,-0.600000,-0.600000,-0.600000,-0.600000,-0.991633,-0.600000,-0.626101,0.926465,-0.600000,-0.600000,-0.600000,0.600000,0.151731,-0.600000,0.512659,-0.600000,0.600000,-0.909171,-0.835279,0.951644,0.600000,0.926465,-0.600000,-0.633102,-0.134542
54,0,1,0,1,N,0,17,16,1,0.600000,0.600000,0.574569,-0.954337,1.000000,0.968232,-0.600000,-0.600000,-0.440417,-0.145396,-0.938731,0.551205,0.573345,-0.376463,-0.376463,-0.396627,0.646934,-0.975600,-0.788578,-0.600000,0.097348,0.396627,-0.462708,-0.634263,0.600000,-0.600000,0.564765,-0.600000,-0.600000,-0.934862,-0.662938,-0.600000,-0.600000,-0.462708,-0.600000,-0.934862,-0.556250,0.684796,0.787742,-0.053401,-0.153665,0.135718,-0.135718,-0.600000,-0.600000,0.929807,-0.600000,-0.600000,-0.600000,-0.600000,-0.600000,-0.992235,-0.600000,-0.626101,0.929807,-0.600000,-0.600000,-0.600000,0.600000,0.145396,-0.600000,0.512659,-0.600000,0.600000,-0.912828,-0.842055,0.954337,0.600000,0.929807,-0.600000,-0.634263,-0.128254
55,0,0,0,1,N,0,15,15,1,0.600000,0.600000,0.574569,-0.954772,1.000000,0.971734,-0.600000,-0.600000,-0.440417,-0.141701,-0.940437,0.551205,0.573345,-0.376463,-0.376463,-0.375289,0.646934,-0.975838,-0.788578,-0.600000,0.096471,0.375289,-0.462708,-0.634263,0.600000,-0.600000,0.564765,-0.600000,-0.600000,-0.935470,-0.682762,-0.600000,-0.600000,-0.462708,-0.600000,-0.935470,-0.533942,0.684798,0.787742,-0.052896,-0.152367,0.134547,-0.134547,-0.600000,-0.600000,0.931744,-0.600000,-0.600000,-0.600000,-0.600000,-0.600000,-0.992539,-0.600000,-0.626101,0.931744,-0.600000,-0.600000,-0.600000,0.600000,0.141701,-0.600000,0.512659,-0.600000,0.600000,-0.915191,-0.846011,0.954772,0.600000,0.931744,-0.600000,-0.634263,-0.124931
56,0,0,0,1,stay,0,14,15,1,0.600000,0.600000,0.574569,-0.954772,1.000000,0.974613,-0.600000,-0.600000,-0.440417,-0.138085,-0.942099,0.551205,0.573345,-0.376463,-0.376463,-0.356716,0.646934,-0.975838,-0.788578,-0.600000,0.096471,0.356716,-0.462708,-0.634263,0.600000,-0.600000,0.564765,-0.600000,-0.600000,-0.935470,-0.699847,-0.600000,-0.600000,-0.462708,-0.600000,-0.935470,-0.513993,0.684798,0.787742,-0.052896,-0.152367,0.134547,-0.134547,-0.600000,-0.600000,0.933631,-0.600000,-0.600000,-0.600000,-0.600000,-0.600000,-0.992758,-0.600000,-0.626101,0.933631,-0.600000,-0.600000,-0.600000,0.600000,0.138085,-0.600000,0.512659,-0.600000,0.600000,-0.917495,-0.849885,0.954772,0.600000,0.933631,-0.600000,-0.634263,-0.121682
57,0,0,1,0,E,0,12,14,1,0.600000,0.600000,0.574569,-0.957707,1.000000,0.975942,-0.600000,-0.600000,-0.440417,-0.132231,-0.945035,0.551205,0.573345,-0.357865,-0.357865,-0.355569,0.646934,-0.977438,-0.801627,-0.600000,0.090528,0.355569,-0.462708,-0.635423,0.600000,-0.600000,0.563536,-0.600000,-0.600000,-0.935772,-0.700897,-0.600000,-0.600000,-0.462708,-0.600000,-0.935772,-0.512744,0.698670,0.800829,-0.049490,-0.152365,0.133965,-0.133965,-0.600000,-0.600000,0.936669,-0.600000,-0.600000,-0.600000,-0.600000,-0.600000,-0.993144,-0.600000,-0.626101,0.936669,-0.600000,-0.600000,-0.600000,0.600000,0.132231,-0.600000,0.512659,-0.600000,0.600000,-0.920845,-0.846024,0.957707,0.600000,0.936669,-0.600000,-0.635423,-0.115912
58,0,0,0,0,N,0,10,13,1,0.600000,0.600000,0.574569,-0.960077,1.000000,0.977315,-0.600000,-0.600000,-0.440417,-0.125484,-0.948076,0.551205,0.573345,-0.356716,-0.356716,-0.355569,0.646934,-0.978727,-0.802422,-0.600000,0.085698,0.355569,-0.462708,-0.635423,0.600000,-0.600000,0.563536,-0.600000,-0.600000,-0.938718,-0.700897,-0.600000,-0.600000,-0.462708,-0.600000,-0.938718,-0.512744,0.700773,0.801627,-0.046736,-0.146008,0.128259,-0.128259,-0.600000,-0.600000,0.940144,-0.600000,-0.600000,-0.600000,-0.600000,-0.600000,-0.993857,-0.600000,-0.626101,0.940144,-0.600000,-0.600000,-0.600000,0.600000,0.125484,-0.600000,0.512659,-0.600000,0.600000,-0.925118,-0.853065,0.960077,0.600000,0.940144,-0.600000,-0.635423,-0.109893
59,1,0,0,0,N,0,8,12,1,0.600000,0.600000,0.574569,-0.962319,1.000000,0.978610,-0.600000,-0.600000,-0.440417,-0.119035,-0.950958,0.551205,0.573345,-0.356716,-0.356716,-0.355569,0.646934,-0.979944,-0.802422,-0.600000,0.081103,0.355569,-0.462708,-0.635423,0.600000,-0.600000,0.563536,-0.600000,-0.600000,-0.942088,-0.700897,-0.600000,-0.600000,-0.462708,-0.600000,-0.942088,-0.512744,0.700773,0.801627,-0.044129,-0.138671,0.121686,-0.121686,-0.600000,-0.600000,0.943440,-0.600000,-0.600000,-0.600000,-0.600000,-0.600000,-0.994551,-0.600000,-0.626101,0.943440,-0.600000,-0.600000,-0.600000,0.600000,0.119035,-0.600000,0.512659,-0.600000,0.600000,-0.929179,-0.860441,0.962319,0.600000,0.943440,-0.600000,-0.635423,-0.104148
60,1,0,0,0,N,0,6,11,1,0.600000,0.600000,0.574569,-0.964440,1.000000,0.978923,-0.600000,-0.600000,-0.426906,-0.117468,-0.951655,0.551205,0.573345,-0.345318,-0.345318,-0.355569,0.646934,-0.982093,-0.810241,-0.600000,0.076733,0.355569,-0.450300,-0.635423,0.600000,-0.600000,0.563536,-0.600000,-0.600000,-0.944237,-0.690321,-0.600000,-0.600000,-0.450300,-0.600000,-0.944237,-0.526473,0.704954,0.809470,-0.039505,-0.133954,0.117468,-0.117468,-0.600000,-0.600000,0.944237,-0.600000,-0.600000,-0.600000,-0.600000,-0.600000,-0.994842,-0.600000,-0.626101,0.944237,-0.600000,-0.600000,-0.600000,0.600000,0.117468,-0.600000,0.500162,-0.600000,0.600000,-0.929835,-0.856197,0.964440,0.600000,0.944237,-0.600000,-0.635423,-0.102754
61,1,0,0,0,stay,1,29,11,1,0.600000,0.600000,0.574569,-0.966446,1.000000,0.979834,-0.600000,-0.600000,-0.425683,-0.112874,-0.953688,0.551205,0.573345,-0.341932,-0.341932,-0.355569,0.646934,-0.983204,-0.812540,-0.600000,0.072580,0.355569,-0.447826,-0.635423,0.600000,-0.600000,0.563536,-0.600000,-0.600000,-0.946564,-0.688182,-0.600000,-0.600000,-0.447826,-0.600000,-0.946564,-0.527719,0.708068,0.811776,-0.037105,-0.128810,0.112874,-0.112874,-0.600000,-0.600000,0.946564,-0.600000,-0.600000,-0.600000,-0.600000,-0.600000,-0.995286,-0.600000,-0.626101,0.946564,-0.600000,-0.600000,-0.600000,0.600000,0.112874,-0.600000,0.497662,-0.600000,0.600000,-0.933035,-0.859864,0.966446,0.600000,0.946564,-0.600000,-0.635423,-0.098671
62,0,0,0,0,N,0,27,10,1,0.600000,0.600000,0.574569,-0.968343,1.000000,0.980129,-0.600000,-0.600000,-0.412289,-0.111377,-0.954347,0.551205,0.573345,-0.330763,-0.330763,-0.355569,0.646934,-0.985009,-0.820049,-0.600000,0.068635,0.355569,-0.435493,-0.635423,0.600000,-0.600000,0.563536,-0.600000,-0.600000,-0.948065,-0.677363,-0.600000,-0.600000,-0.435493,-0.600000,-0.948065,-0.541405,0.714237,0.819309,-0.033191,-0.125474,0.109899,-0.109899,-0.600000,-0.600000,0.947320,-0.600000,-0.600000,-0.600000,-0.600000,-0.600000,-0.995493,-0.600000,-0.626101,0.947320,-0.600000,-0.600000,-0.600000,0.600000,0.111377,-0.600000,0.485166,-0.600000,0.600000,-0.933658,-0.855606,0.968343,0.600000,0.947320,-0.600000,-0.635423,-0.097343
63,0,0,0,0,stay,1,29,10,1,0.600000,0.600000,0.574569,-0.970135,1.000000,0.981082,-0.600000,-0.600000,-0.411078,-0.106515,-0.956482,0.551205,0.573345,-0.327448,-0.327448,-0.355569,0.646934,-0.985942,-0.822256,-0.600000,0.064890,0.355569,-0.433035,-0.635423,0.600000,-0.600000,0.563536,-0.600000,-0.600000,-0.950241,-0.675175,-0.600000,-0.600000,-0.433035,-0.600000,-0.950241,-0.542647,0.717292,0.821522,-0.031162,-0.120610,0.105565,-0.105565,-0.600000,-0.600000,0.949765,-0.600000,-0.600000,-0.600000,-0.600000,-0.600000,-0.995902,-0.600000,-0.626101,0.949765,-0.600000,-0.600000,-0.600000,0.600000,0.106515,-0.600000,0.482669,-0.600000,0.600000,-0.936992,-0.859888,0.970135,0.600000,0.949765,-0.600000,-0.635423,-0.093028
64,0,1,0,0,N,0,27,9,1,0.600000,0.600000,0.574569,-0.971829,1.000000,0.982166,-0.600000,-0.600000,-0.411078,-0.100927,-0.958917,0.551205,0.573345,-0.327448,-0.327448,-0.355569,0.646934,-0.986752,-0.822256,-0.600000,0.061335,0.355569,-0.433035,-0.635423,0.600000,-0.600000,0.563536,-0.600000,-0.600000,-0.953009,-0.675175,-0.600000,-0.600000,-0.433035,-0.600000,-0.953009,-0.542647,0.717292,0.821522,-0.029397,-0.114378,0.100022,-0.100022,-0.600000,-0.600000,0.952558,-0.600000,-0.600000,-0.600000,-0.600000,-0.600000,-0.996366,-0.600000,-0.626101,0.952558,-0.600000,-0.600000,-0.600000,0.600000,0.100927,-0.600000,0.482669,-0.600000,0.600000,-0.940450,-0.866974,0.971829,0.600000,0.952558,-0.600000,-0.635423,-0.088078
65,0,0,0,0,N,0,25,8,1,0.600000,0.600000,0.574569,-0.973430,1.000000,0.983190,-0.600000,-0.600000,-0.411078,-0.095601,-0.961222,0.551205,0.573345,-0.327448,-0.327448,-0.355569,0.646934,-0.987516,-0.822256,-0.600000,0.057963,0.355569,-0.433035,-0.635423,0.600000,-0.600000,0.563536,-0.600000,-0.600000,-0.955630,-0.675175,-0.600000,-0.600000,-0.433035,-0.600000,-0.955630,-0.542647,0.717292,0.821522,-0.027728,-0.108428,0.094738,-0.094738,-0.600000,-0.600000,0.955203,-0.600000,-0.600000,-0.600000,-0.600000,-0.600000,-0.996777,-0.600000,-0.626101,0.955203,-0.600000,-0.600000,-0.600000,0.600000,0.095601,-0.600000,0.482669,-0.600000,0.600000,-0.943730,-0.873755,0.973430,0.600000,0.955203,-0.600000,-0.635423,-0.083367
66,0,1,0,1,N,0,23,7,1,0.600000,0.600000,0.574569,-0.974942,1.000000,0.984313,-0.600000,-0.600000,-0.411078,-0.092191,-0.962689,0.551205,0.573345,-0.327448,-0.327448,-0.348720,0.646934,-0.988236,-0.822256,-0.600000,0.054766,0.348720,-0.433035,-0.635423,0.600000,-0.600000,0.563536,-0.600000,-0.600000,-0.956472,-0.681726,-0.600000,-0.600000,-0.433035,-0.600000,-0.956472,-0.535194,0.725341,0.821522,-0.026152,-0.106506,0.093033,-0.093033,-0.600000,-0.600000,0.956887,-0.600000,-0.600000,-0.600000,-0.600000,-0.600000,-0.996965,-0.600000,-0.626101,0.956887,-0.600000,-0.600000,-0.600000,0.600000,0.092191,-0.600000,0.482669,-0.600000,0.600000,-0.945821,-0.878110,0.974942,0.600000,0.956887,-0.600000,-0.635423,-0.080354
67,0,0,0,0,N,0,21,6,1,0.600000,0.600000,0.574569,-0.976370,1.000000,0.985215,-0.600000,-0.600000,-0.411078,-0.087281,-0.964790,0.551205,0.573345,-0.327448,-0.327448,-0.348720,0.646934,-0.988915,-0.822256,-0.600000,0.051735,0.348720,-0.433035,-0.635423,0.600000,-0.600000,0.563536,-0.600000,-0.600000,-0.958710,-0.681726,-0.600000,-0.600000,-0.433035,-0.600000,-0.958710,-0.535194,0.726337,0.821522,-0.024663,-0.101374,0.088486,-0.088486,-0.600000,-0.600000,0.959301,-0.600000,-0.600000,-0.600000,-0.600000,-0.600000,-0.997296,-0.600000,-0.626101,0.959301,-0.600000,-0.600000,-0.600000,0.600000,0.087281,-0.600000,0.482669,-0.600000,0.600000,-0.948821,-0.884400,0.976370,0.600000,0.959301,-0.600000,-0.635423,-0.076022
68,0,1,0,0,N,0,19,5,1,0.600000,0.600000,0.574569,-0.977719,1.000000,0.986066,-0.600000,-0.600000,-0.411078,-0.082609,-0.966777,0.551205,0.573345,-0.327448,-0.327448,-0.348720,0.646934,-0.989555,-0.822256,-0.600000,0.048863,0.348720,-0.433035,-0.635423,0.600000,-0.600000,0.563536,-0.600000,-0.600000,-0.961026,-0.681726,-0.600000,-0.600000,-0.433035,-0.600000,-0.961026,-0.535194,0.726337,0.821522,-0.023257,-0.096027,0.083755,-0.083755,-0.600000,-0.600000,0.961585,-0.600000,-0.600000,-0.600000,-0.600000,-0.600000,-0.997602,-0.600000,-0.626101,0.961585,-0.600000,-0.600000,-0.600000,0.600000,0.082609,-0.600000,0.482669,-0.600000,0.600000,-0.951664,-0.890405,0.977719,0.600000,0.961585,-0.600000,-0.635423,-0.071905
69,0,0,0,1,N,0,17,4,1,0.600000,0.600000,0.574569,-0.978044,1.000000,0.987689,-0.600000,-0.600000,-0.411078,-0.079622,-0.968041,0.551205,0.573345,-0.327448,-0.327448,-0.329656,0.646934,-0.989709,-0.822256,-0.600000,0.048169,0.329656,-0.433035,-0.635423,0.600000,-0.600000,0.563536,-0.600000,-0.600000,-0.961770,-0.699894,-0.600000,-0.600000,-0.433035,-0.600000,-0.961770,-0.514001,0.725343,0.821522,-0.022918,-0.094302,0.082230,-0.082230,-0.600000,-0.600000,0.963039,-0.600000,-0.600000,-0.600000,-0.600000,-0.600000,-0.997742,-0.600000,-0.626101,0.963039,-0.600000,-0.600000,-0.600000,0.600000,0.079622,-0.600000,0.482669,-0.600000,0.600000,-0.953475,-0.894255,0.978044,0.600000,0.963039,-0.600000,-0.635423,-0.069275
70,0,1,0,0,S,0,15,5,1,0.600000,0.600000,0.574569,-0.979095,1.000000,0.988342,-0.600000,-0.600000,-0.411078,-0.076026,-0.969556,0.551205,0.573345,-0.327448,-0.327448,-0.328551,0.646934,-0.990208,-0.822256,-0.600000,0.045923,0.328551,-0.433035,-0.635423,0.600000,-0.600000,0.563536,-0.600000,-0.600000,-0.963394,-0.700944,-0.600000,-0.600000,-0.433035,-0.600000,-0.963394,-0.512752,0.726339,0.821522,-0.021822,-0.090520,0.078890,-0.078890,-0.600000,-0.600000,0.964782,-0.600000,-0.600000,-0.600000,-0.600000,-0.600000,-0.997947,-0.600000,-0.626101,0.964782,-0.600000,-0.600000,-0.600000,0.600000,0.076026,-0.600000,0.482669,-0.600000,0.600000,-0.955648,-0.898900,0.979095,0.600000,0.964782,-0.600000,-0.635423,-0.066113
71,0,0,0,1,N,0,13,4,1,0.600000,0.600000,0.574569,-0.979299,1.000000,0.989599,-0.600000,-0.600000,-0.411078,-0.074285,-0.970287,0.551205,0.573345,-0.327448,-0.327448,-0.308994,0.646934,-0.990304,-0.822256,-0.600000,0.045485,0.308994,-0.433035,-0.635423,0.600000,-0.600000,0.563536,-0.600000,-0.600000,-0.963746,-0.719482,-0.600000,-0.600000,-0.433035,-0.600000,-0.963746,-0.490256,0.726339,0.821522,-0.021609,-0.089699,0.078165,-0.078165,-0.600000,-0.600000,0.965624,-0.600000,-0.600000,-0.600000,-0.600000,-0.600000,-0.998018,-0.600000,-0.626101,0.965624,-0.600000,-0.600000,-0.600000,0.600000,0.074285,-0.600000,0.482669,-0.600000,0.600000,-0.956698,-0.901154,0.979299,0.600000,0.965624,-0.600000,-0.635423,-0.064583
72,1,0,0,0,N,0,11,3,1,0.600000,0.600000,0.573346,-0.979900,1.000000,0.990151,-0.600000,-0.600000,-0.411078,-0.071575,-0.971421,0.551205,0.572122,-0.326347,-0.326347,-0.305798,0.646934,-0.990589,-0.822986,-0.600000,0.044198,0.305798,-0.431808,-0.635423,0.600000,-0.600000,0.563536,-0.600000,-0.600000,-0.964612,-0.721498,-0.600000,-0.600000,-0.431808,-0.600000,-0.964612,-0.486508,0.727333,0.822256,-0.020982,-0.087674,0.076379,-0.076379,-0.600000,-0.600000,0.966930,-0.600000,-0.600000,-0.600000,-0.600000,-0.600000,-0.998143,-0.600000,-0.627272,0.966930,-0.600000,-0.600000,-0.600000,0.600000,0.071575,-0.600000,0.481420,-0.600000,0.600000,-0.958529,-0.904234,0.979900,0.600000,0.966930,-0.600000,-0.635423,-0.062203
73,0,0,0,0,N,0,9,2,1,0.600000,0.600000,0.573346,-0.981051,1.000000,0.990345,-0.600000,-0.600000,-0.397824,-0.070254,-0.971973,0.551205,0.572122,-0.316524,-0.316524,-0.305798,0.646934,-0.991607,-0.829457,-0.600000,0.041726,0.305798,-0.419580,-0.635423,0.600000,-0.600000,0.563536,-0.600000,-0.600000,-0.965624,-0.711352,-0.600000,-0.600000,-0.419580,-0.600000,-0.965624,-0.500254,0.733249,0.828748,-0.018736,-0.085299,0.074285,-0.074285,-0.600000,-0.600000,0.967565,-0.600000,-0.600000,-0.600000,-0.600000,-0.600000,-0.998234,-0.600000,-0.627272,0.967565,-0.600000,-0.600000,-0.600000,0.600000,0.070254,-0.600000,0.468950,-0.600000,0.600000,-0.959122,-0.902057,0.981051,0.600000,0.967565,-0.600000,-0.635423,-0.061044
74,0,0,0,0,stay,1,29,2,1,0.600000,0.600000,0.573346,-0.982137,1.000000,0.990813,-0.600000,-0.600000,-0.396627,-0.067051,-0.973306,0.551205,0.572122,-0.313285,-0.313285,-0.305798,0.646934,-0.992133,-0.831572,-0.600000,0.039386,0.305798,-0.417146,-0.635423,0.600000,-0.600000,0.563536,-0.600000,-0.600000,-0.967090,-0.709296,-0.600000,-0.600000,-0.417146,-0.600000,-0.967090,-0.501504,0.736176,0.830870,-0.017574,-0.081846,0.071243,-0.071243,-0.600000,-0.600000,0.969102,-0.600000,-0.600000,-0.600000,-0.600000,-0.600000,-0.998394,-0.600000,-0.627272,0.969102,-0.600000,-0.600000,-0.600000,0.600000,0.067051,-0.600000,0.466460,-0.600000,0.600000,-0.961230,-0.905116,0.982137,0.600000,0.969102,-0.600000,-0.635423,-0.058234
75,0,0,0,0,N,0,27,1,1,0.600000,0.600000,0.573346,-0.983162,1.000000,0.991344,-0.600000,-0.600000,-0.396627,-0.063386,-0.974825,0.551205,0.572122,-0.313285,-0.313285,-0.305798,0.646934,-0.992589,-0.831572,-0.600000,0.037173,0.305798,-0.417146,-0.635423,0.600000,-0.600000,0.563536,-0.600000,-0.600000,-0.968951,-0.709296,-0.600000,-0.600000,-0.417146,-0.600000,-0.968951,-0.501504,0.736176,0.830870,-0.016565,-0.077440,0.067365,-0.067365,-0.600000,-0.600000,0.970853,-0.600000,-0.600000,-0.600000,-0.600000,-0.600000,-0.998576,-0.600000,-0.627272,0.970853,-0.600000,-0.600000,-0.600000,0.600000,0.063386,-0.600000,0.466460,-0.600000,0.600000,-0.963410,-0.910155,0.983162,0.600000,0.970853,-0.600000,-0.635423,-0.055022
76,1,0,0,1,N,0,25,2,1,0.600000,0.600000,0.569674,-0.983327,1.000000,0.992046,-0.600000,-0.600000,-0.396627,-0.062206,-0.975312,0.545015,0.568448,-0.312209,-0.312209,-0.292162,0.652627,-0.992662,-0.832273,-0.600000,0.036816,0.292162,-0.415930,-0.635423,0.600000,-0.600000,0.563536,-0.600000,-0.600000,-0.969251,-0.721524,-0.600000,-0.600000,-0.415930,-0.600000,-0.969251,-0.485258,0.736176,0.831572,-0.016403,-0.076727,0.066738,-0.066738,-0.600000,-0.600000,0.971415,-0.600000,-0.600000,-0.600000,-0.600000,-0.600000,-0.998619,-0.600000,-0.630774,0.971415,-0.600000,-0.600000,-0.600000,0.600000,0.062206,-0.600000,0.471440,-0.600000,0.600000,-0.964283,-0.911378,0.983327,0.600000,0.971415,-0.600000,-0.635423,-0.053989
77,1,0,0,0,W,0,23,3,1,0.600000,0.600000,0.565995,-0.984285,1.000000,0.992086,-0.600000,-0.600000,-0.381172,-0.062206,-0.975433,0.538810,0.564765,-0.301564,-0.301564,-0.291128,0.658277,-0.993523,-0.839148,-0.600000,0.034742,0.291128,-0.403831,-0.636581,0.600000,-0.600000,0.562307,-0.600000,-0.600000,-0.969990,-0.712405,-0.600000,-0.600000,-0.403831,-0.600000,-0.969990,-0.500253,0.742925,0.838471,-0.014495,-0.075317,0.065195,-0.065195,-0.600000,-0.600000,0.971415,-0.600000,-0.600000,-0.600000,-0.600000,-0.600000,-0.998653,-0.600000,-0.634263,0.971415,-0.600000,-0.600000,-0.600000,0.600000,0.062206,-0.600000,0.465213,-0.600000,0.600000,-0.963589,-0.907265,0.984285,0.600000,0.971415,-0.600000,-0.636581,-0.053734
78,1,0,0,0,stay,1,29,3,1,0.600000,0.600000,0.565995,-0.985189,1.000000,0.992470,-0.600000,-0.600000,-0.379992,-0.059347,-0.976606,0.538810,0.564765,-0.298411,-0.298411,-0.291128,0.658277,-0.993929,-0.841166,-0.600000,0.032780,0.291128,-0.401425,-0.636581,0.600000,-0.600000,0.562307,-0.600000,-0.600000,-0.971275,-0.710354,-0.600000,-0.600000,-0.401425,-0.600000,-0.971275,-0.501503,0.745783,0.840496,-0.013593,-0.072236,0.062499,-0.062499,-0.600000,-0.600000,0.972774,-0.600000,-0.600000,-0.600000,-0.600000,-0.600000,-0.998775,-0.600000,-0.634263,0.972774,-0.600000,-0.600000,-0.600000,0.600000,0.059347,-0.600000,0.462726,-0.600000,0.600000,-0.965475,-0.910177,0.985189,0.600000,0.972774,-0.600000,-0.636581,-0.051242
79,0,1,0,1,N,0,27,4,1,0.600000,0.600000,0.565995,-0.986042,1.000000,0.992618,-0.600000,-0.600000,-0.367115,-0.058513,-0.976947,0.538810,0.564765,-0.289067,-0.289067,-0.290096,0.658277,-0.994588,-0.847096,-0.600000,0.030926,0.290096,-0.389466,-0.636581,0.600000,-0.600000,0.562307,-0.600000,-0.600000,-0.972238,-0.701020,-0.600000,-0.600000,-0.389466,-0.600000,-0.972238,-0.514000,0.750499,0.846447,-0.012127,-0.069921,0.060475,-0.060475,-0.600000,-0.600000,0.973169,-0.600000,-0.600000,-0.600000,-0.600000,-0.600000,-0.998835,-0.600000,-0.634263,0.973169,-0.600000,-0.600000,-0.600000,0.600000,0.058513,-0.600000,0.450318,-0.600000,0.600000,-0.965807,-0.907702,0.986042,0.600000,0.973169,-0.600000,-0.636581,-0.050516
80,0,1,0,1,stay,1,29,4,1,0.600000,0.600000,0.565995,-0.986975,1.000000,0.993352,-0.600000,-0.600000,-0.365953,-0.055287,-0.978263,0.538810,0.564765,-0.285991,-0.285991,-0.280907,0.658277,-0.994978,-0.849032,-0.600000,0.028891,0.280907,-0.387090,-0.636581,0.600000,-0.600000,0.562307,-0.600000,-0.600000,-0.973038,-0.708316,-0.600000,-0.600000,-0.387090,-0.600000,-0.973038,-0.504004,0.757923,0.848389,-0.011259,-0.067990,0.058790,-0.058790,-0.600000,-0.600000,0.974696,-0.600000,-0.600000,-0.600000,-0.600000,-0.600000,-0.998936,-0.600000,-0.634263,0.974696,-0.600000,-0.600000,-0.600000,0.600000,0.055287,-0.600000,0.447844,-0.600000,0.600000,-0.967895,-0.911415,0.986975,0.600000,0.974696,-0.600000,-0.636581,-0.047709
81,0,0,0,1,N,0,27,5,1,0.600000,0.600000,0.565995,-0.987419,1.000000,0.994043,-0.600000,-0.600000,-0.365953,-0.052477,-0.979405,0.538810,0.564765,-0.285991,-0.285991,-0.269920,0.658277,-0.995150,-0.849032,-0.600000,0.027923,0.269920,-0.387090,-0.636581,0.600000,-0.600000,0.562307,-0.600000,-0.600000,-0.973430,-0.719559,-0.600000,-0.600000,-0.387090,-0.600000,-0.973430,-0.490255,0.761579,0.848389,-0.010875,-0.067044,0.057963,-0.057963,-0.600000,-0.600000,0.976021,-0.600000,-0.600000,-0.600000,-0.600000,-0.600000,-0.999008,-0.600000,-0.634263,0.976021,-0.600000,-0.600000,-0.600000,0.600000,0.052477,-0.600000,0.447844,-0.600000,0.600000,-0.969565,-0.915765,0.987419,0.600000,0.976021,-0.600000,-0.636581,-0.045266
82,0,0,0,0,N,0,25,6,1,0.600000,0.600000,0.565995,-0.987847,1.000000,0.994417,-0.600000,-0.600000,-0.365953,-0.050041,-0.980392,0.538810,0.564765,-0.285991,-0.285991,-0.266971,0.658277,-0.995317,-0.849032,-0.600000,0.026986,0.266971,-0.387090,-0.636581,0.600000,-0.600000,0.562307,-0.600000,-0.600000,-0.974447,-0.722579,-0.600000,-0.600000,-0.387090,-0.600000,-0.974447,-0.486507,0.760671,0.848389,-0.010504,-0.064580,0.055813,-0.055813,-0.600000,-0.600000,0.977166,-0.600000,-0.600000,-0.600000,-0.600000,-0.600000,-0.999093,-0.600000,-0.634263,0.977166,-0.600000,-0.600000,-0.600000,0.600000,0.050041,-0.600000,0.447844,-0.600000,0.600000,-0.971009,-0.919550,0.987847,0.600000,0.977166,-0.600000,-0.636581,-0.043149
83,0,0,0,0,N,0,23,7,1,0.600000,0.600000,0.565995,-0.988548,1.000000,0.994742,-0.600000,-0.600000,-0.365953,-0.047258,-0.981515,0.538810,0.564765,-0.285991,-0.285991,-0.266971,0.658277,-0.995589,-0.849032,-0.600000,0.025451,0.266971,-0.387090,-0.636581,0.600000,-0.600000,0.562307,-0.600000,-0.600000,-0.975903,-0.722579,-0.600000,-0.600000,-0.387090,-0.600000,-0.975903,-0.486507,0.760671,0.848389,-0.009897,-0.061041,0.052727,-0.052727,-0.600000,-0.600000,0.978470,-0.600000,-0.600000,-0.600000,-0.600000,-0.600000,-0.999196,-0.600000,-0.634263,0.978470,-0.600000,-0.600000,-0.600000,0.600000,0.047258,-0.600000,0.447844,-0.600000,0.600000,-0.972655,-0.923887,0.988548,0.600000,0.978470,-0.600000,-0.636581,-0.040733
84,0,0,0,1,N,0,21,8,1,0.600000,0.600000,0.565995,-0.988661,1.000000,0.995312,-0.600000,-0.600000,-0.365953,-0.046586,-0.981786,0.538810,0.564765,-0.285991,-0.285991,-0.247840,0.658277,-0.995633,-0.849032,-0.600000,0.025204,0.247840,-0.387090,-0.636581,0.600000,-0.600000,0.562307,-0.600000,-0.600000,-0.976138,-0.742195,-0.600000,-0.600000,-0.387090,-0.600000,-0.976138,-0.461576,0.760671,0.848389,-0.009799,-0.060469,0.052229,-0.052229,-0.600000,-0.600000,0.978785,-0.600000,-0.600000,-0.600000,-0.600000,-0.600000,-0.999216,-0.600000,-0.634263,0.978785,-0.600000,-0.600000,-0.600000,0.600000,0.046586,-0.600000,0.447844,-0.600000,0.600000,-0.973052,-0.924938,0.988661,0.600000,0.978785,-0.600000,-0.636581,-0.040149
85,0,0,0,0,S,0,19,7,1,0.600000,0.600000,0.565995,-0.988939,1.000000,0.995672,-0.600000,-0.600000,-0.365953,-0.044410,-0.982661,0.538810,0.564765,-0.285991,-0.285991,-0.242283,0.658277,-0.995740,-0.849032,-0.600000,0.024595,0.242283,-0.387090,-0.636581,0.600000,-0.600000,0.562307,-0.600000,-0.600000,-0.976714,-0.747900,-0.600000,-0.600000,-0.387090,-0.600000,-0.976714,-0.454128,0.760671,0.848389,-0.009559,-0.059061,0.051002,-0.051002,-0.600000,-0.600000,0.979801,-0.600000,-0.600000,-0.600000,-0.600000,-0.600000,-0.999273,-0.600000,-0.634263,0.979801,-0.600000,-0.600000,-0.600000,0.600000,0.044410,-0.600000,0.447844,-0.600000,0.600000,-0.974336,-0.928343,0.988939,0.600000,0.979801,-0.600000,-0.636581,-0.038262
86,0,0,0,1,N,0,17,8,1,0.600000,0.600000,0.565995,-0.989102,1.000000,0.996199,-0.600000,-0.600000,-0.365953,-0.042945,-0.983249,0.538810,0.564765,-0.285991,-0.285991,-0.225250,0.658277,-0.995804,-0.849032,-0.600000,0.024237,0.225250,-0.387090,-0.636581,0.600000,-0.600000,0.562307,-0.600000,-0.600000,-0.977054,-0.765409,-0.600000,-0.600000,-0.387090,-0.600000,-0.977054,-0.430691,0.760673,0.848389,-0.009417,-0.058231,0.050279,-0.050279,-0.600000,-0.600000,0.980484,-0.600000,-0.600000,-0.600000,-0.600000,-0.600000,-0.999309,-0.600000,-0.634263,0.980484,-0.600000,-0.600000,-0.600000,0.600000,0.042945,-0.600000,0.447844,-0.600000,0.600000,-0.975198,-0.930642,0.989102,0.600000,0.980484,-0.600000,-0.636581,-0.036992
87,0,0,0,0,W,0,15,9,1,0.600000,0.600000,0.565995,-0.989578,1.000000,0.996256,-0.600000,-0.600000,-0.354423,-0.042535,-0.983413,0.538810,0.564765,-0.277884,-0.277884,-0.224377,0.658277,-0.996184,-0.854097,-0.600000,0.023193,0.224377,-0.376463,-0.636581,0.600000,-0.600000,0.562307,-0.600000,-0.600000,-0.977609,-0.758163,-0.600000,-0.600000,-0.376463,-0.600000,-0.977609,-0.441753,0.764300,0.853472,-0.008567,-0.056872,0.049096,-0.049096,-0.600000,-0.600000,0.980674,-0.600000,-0.600000,-0.600000,-0.600000,-0.600000,-0.999332,-0.600000,-0.634263,0.980674,-0.600000,-0.600000,-0.600000,0.600000,0.042535,-0.600000,0.436741,-0.600000,0.600000,-0.975319,-0.928686,0.989578,0.600000,0.980674,-0.600000,-0.636581,-0.036636
88,0,0,0,0,stay,1,29,9,1,0.600000,0.600000,0.565995,-0.990180,1.000000,0.996438,-0.600000,-0.600000,-0.353279,-0.040540,-0.984211,0.538810,0.564765,-0.274881,-0.274881,-0.224377,0.658277,-0.996424,-0.855960,-0.600000,0.021869,0.224377,-0.374117,-0.636581,0.600000,-0.600000,0.562307,-0.600000,-0.600000,-0.978470,-0.756327,-0.600000,-0.600000,-0.374117,-0.600000,-0.978470,-0.442986,0.767888,0.855341,-0.008031,-0.054760,0.047258,-0.047258,-0.600000,-0.600000,0.981602,-0.600000,-0.600000,-0.600000,-0.600000,-0.600000,-0.999390,-0.600000,-0.634263,0.981602,-0.600000,-0.600000,-0.600000,0.600000,0.040540,-0.600000,0.434282,-0.600000,0.600000,-0.976612,-0.930977,0.990180,0.600000,0.981602,-0.600000,-0.636581,-0.034908
89,0,0,0,0,N,0,27,10,1,0.600000,0.600000,0.565995,-0.990748,1.000000,0.996645,-0.600000,-0.600000,-0.353279,-0.038264,-0.985119,0.538810,0.564765,-0.274881,-0.274881,-0.224377,0.658277,-0.996632,-0.855960,-0.600000,0.020619,0.224377,-0.374117,-0.636581,0.600000,-0.600000,0.562307,-0.600000,-0.600000,-0.979701,-0.756327,-0.600000,-0.600000,-0.374117,-0.600000,-0.979701,-0.442986,0.767888,0.855341,-0.007566,-0.051729,0.044623,-0.044623,-0.600000,-0.600000,0.982657,-0.600000,-0.600000,-0.600000,-0.600000,-0.600000,-0.999459,-0.600000,-0.634263,0.982657,-0.600000,-0.600000,-0.600000,0.600000,0.038264,-0.600000,0.434282,-0.600000,0.600000,-0.977947,-0.934742,0.990748,0.600000,0.982657,-0.600000,-0.636581,-0.032938
90,0,0,0,0,N,0,25,11,1,0.600000,0.600000,0.565995,-0.991283,1.000000,0.996841,-0.600000,-0.600000,-0.353279,-0.036112,-0.985976,0.538810,0.564765,-0.274881,-0.274881,-0.224377,0.658277,-0.996828,-0.855960,-0.600000,0.019439,0.224377,-0.374117,-0.636581,0.600000,-0.600000,0.562307,-0.600000,-0.600000,-0.980864,-0.756327,-0.600000,-0.600000,-0.374117,-0.600000,-0.980864,-0.442986,0.767888,0.855341,-0.007127,-0.048858,0.042128,-0.042128,-0.600000,-0.600000,0.983653,-0.600000,-0.600000,-0.600000,-0.600000,-0.600000,-0.999521,-0.600000,-0.634263,0.983653,-0.600000,-0.600000,-0.600000,0.600000,0.036112,-0.600000,0.434282,-0.600000,0.600000,-0.979208,-0.938316,0.991283,0.600000,0.983653,-0.600000,-0.636581,-0.031075
91,0,0,0,0,N,0,23,12,1,0.600000,0.600000,0.565995,-0.991788,1.000000,0.997024,-0.600000,-0.600000,-0.353279,-0.034076,-0.986784,0.538810,0.564765,-0.274881,-0.274881,-0.224377,0.658277,-0.997013,-0.855960,-0.600000,0.018325,0.224377,-0.374117,-0.636581,0.600000,-0.600000,0.562307,-0.600000,-0.600000,-0.981960,-0.756327,-0.600000,-0.600000,-0.374117,-0.600000,-0.981960,-0.442986,0.767888,0.855341,-0.006714,-0.046138,0.039767,-0.039767,-0.600000,-0.600000,0.984592,-0.600000,-0.600000,-0.600000,-0.600000,-0.600000,-0.999575,-0.600000,-0.634263,0.984592,-0.600000,-0.600000,-0.600000,0.600000,0.034076,-0.600000,0.434282,-0.600000,0.600000,-0.980398,-0.941706,0.991788,0.600000,0.984592,-0.600000,-0.636581,-0.029314
92,0,1,0,1,N,0,21,13,1,0.600000,0.600000,0.565995,-0.992225,1.000000,0.997295,-0.600000,-0.600000,-0.353279,-0.032307,-0.987484,0.538810,0.564765,-0.274881,-0.274881,-0.217483,0.658277,-0.997173,-0.855960,-0.600000,0.017359,0.217483,-0.374117,-0.636581,0.600000,-0.600000,0.562307,-0.600000,-0.600000,-0.982399,-0.763632,-0.600000,-0.600000,-0.374117,-0.600000,-0.982399,-0.433137,0.773200,0.855341,-0.006356,-0.045047,0.038821,-0.038821,-0.600000,-0.600000,0.985407,-0.600000,-0.600000,-0.600000,-0.600000,-0.600000,-0.999608,-0.600000,-0.634263,0.985407,-0.600000,-0.600000,-0.600000,0.600000,0.032307,-0.600000,0.434282,-0.600000,0.600000,-0.981430,-0.944659,0.992225,0.600000,0.985407,-0.600000,-0.636581,-0.027786
93,0,0,0,0,N,0,19,14,1,0.600000,0.600000,0.565995,-0.992491,1.000000,0.997515,-0.600000,-0.600000,-0.353279,-0.030479,-0.988206,0.538810,0.564765,-0.274881,-0.274881,-0.213253,0.658277,-0.997270,-0.855960,-0.600000,0.016770,0.213253,-0.374117,-0.636581,0.600000,-0.600000,0.562307,-0.600000,-0.600000,-0.982996,-0.768121,-0.600000,-0.600000,-0.374117,-0.600000,-0.982996,-0.427007,0.773200,0.855341,-0.006138,-0.043562,0.037533,-0.037533,-0.600000,-0.600000,0.986247,-0.600000,-0.600000,-0.600000,-0.600000,-0.600000,-0.999644,-0.600000,-0.634263,0.986247,-0.600000,-0.600000,-0.600000,0.600000,0.030479,-0.600000,0.434282,-0.600000,0.600000,-0.982495,-0.947720,0.992491,0.600000,0.986247,-0.600000,-0.636581,-0.026206
94,0,0,0,0,N,0,17,15,1,0.600000,0.600000,0.565995,-0.992926,1.000000,0.997660,-0.600000,-0.600000,-0.353279,-0.028751,-0.988886,0.538810,0.564765,-0.274881,-0.274881,-0.213253,0.658277,-0.997429,-0.855960,-0.600000,0.015807,0.213253,-0.374117,-0.636581,0.600000,-0.600000,0.562307,-0.600000,-0.600000,-0.983972,-0.768121,-0.600000,-0.600000,-0.374117,-0.600000,-0.983972,-0.427007,0.773200,0.855341,-0.005782,-0.041124,0.035420,-0.035420,-0.600000,-0.600000,0.987039,-0.600000,-0.600000,-0.600000,-0.600000,-0.600000,-0.999684,-0.600000,-0.634263,0.987039,-0.600000,-0.600000,-0.600000,0.600000,0.028751,-0.600000,0.434282,-0.600000,0.600000,-0.983500,-0.950621,0.992926,0.600000,0.987039,-0.600000,-0.636581,-0.024714
95,0,0,0,1,N,0,15,16,1,0.600000,0.600000,0.565995,-0.992997,1.000000,0.997925,-0.600000,-0.600000,-0.353279,-0.028196,-0.989105,0.538810,0.564765,-0.274881,-0.274881,-0.196933,0.658277,-0.997454,-0.855960,-0.600000,0.015652,0.196933,-0.374117,-0.636581,0.600000,-0.600000,0.562307,-0.600000,-0.600000,-0.984130,-0.785476,-0.600000,-0.600000,-0.374117,-0.600000,-0.984130,-0.402727,0.773200,0.855341,-0.005725,-0.040731,0.035079,-0.035079,-0.600000,-0.600000,0.987293,-0.600000,-0.600000,-0.600000,-0.600000,-0.600000,-0.999694,-0.600000,-0.634263,0.987293,-0.600000,-0.600000,-0.600000,0.600000,0.028196,-0.600000,0.434282,-0.600000,0.600000,-0.983822,-0.951553,0.992997,0.600000,0.987293,-0.600000,-0.636581,-0.024236
96,0,0,0,0,S,0,13,15,1,0.600000,0.600000,0.565995,-0.993135,1.000000,0.998056,-0.600000,-0.600000,-0.353279,-0.027118,-0.989528,0.538810,0.564765,-0.274881,-0.274881,-0.193003,0.658277,-0.997505,-0.855960,-0.600000,0.015346,0.193003,-0.374117,-0.636581,0.600000,-0.600000,0.562307,-0.600000,-0.600000,-0.984516,-0.789665,-0.600000,-0.600000,-0.374117,-0.600000,-0.984516,-0.396726,0.772323,0.855341,-0.005612,-0.039763,0.034241,-0.034241,-0.600000,-0.600000,0.987787,-0.600000,-0.600000,-0.600000,-0.600000,-0.600000,-0.999713,-0.600000,-0.634263,0.987787,-0.600000,-0.600000,-0.600000,0.600000,0.027118,-0.600000,0.434282,-0.600000,0.600000,-0.984448,-0.953368,0.993135,0.600000,0.987787,-0.600000,-0.636581,-0.023305
97,0,0,0,1,N,0,11,16,1,0.600000,0.600000,0.565995,-0.993203,1.000000,0.998187,-0.600000,-0.600000,-0.353279,-0.026724,-0.989683,0.538810,0.564765,-0.274881,-0.274881,-0.184568,0.658277,-0.997530,-0.855960,-0.600000,0.015195,0.184568,-0.374117,-0.636581,0.600000,-0.600000,0.562307,-0.600000,-0.600000,-0.984668,-0.798668,-0.600000,-0.600000,-0.374117,-0.600000,-0.984668,-0.383633,0.772325,0.855341,-0.005556,-0.039382,0.033911,-0.033911,-0.600000,-0.600000,0.987967,-0.600000,-0.600000,-0.600000,-0.600000,-0.600000,-0.999720,-0.600000,-0.634263,0.987967,-0.600000,-0.600000,-0.600000,0.600000,0.026724,-0.600000,0.434282,-0.600000,0.600000,-0.984676,-0.954032,0.993203,0.600000,0.987967,-0.600000,-0.636581,-0.022966
98,1,1,0,1,N,0,9,17,1,0.600000,0.600000,0.563537,-0.993660,1.000000,0.998393,-0.600000,-0.600000,-0.353279,-0.025204,-0.990279,0.538810,0.562307,-0.274881,-0.274881,-0.175694,0.658277,-0.997697,-0.855960,-0.600000,0.014180,0.175694,-0.374117,-0.636581,0.600000,-0.600000,0.562307,-0.600000,-0.600000,-0.984968,-0.808157,-0.600000,-0.600000,-0.374117,-0.600000,-0.984968,-0.369539,0.781009,0.855341,-0.005181,-0.038631,0.033260,-0.033260,-0.600000,-0.600000,0.988661,-0.600000,-0.600000,-0.600000,-0.600000,-0.600000,-0.999742,-0.600000,-0.636581,0.988661,-0.600000,-0.600000,-0.600000,0.600000,0.025204,-0.600000,0.434282,-0.600000,0.600000,-0.985558,-0.956598,0.993660,0.600000,0.988661,-0.600000,-0.636581,-0.021654
99,0,0,0,0,N,0,7,18,1,0.600000,0.600000,0.563537,-0.994028,1.000000,0.998417,-0.600000,-0.600000,-0.340807,-0.024837,-0.990423,0.538810,0.562307,-0.265017,-0.265017,-0.175694,0.658277,-0.997948,-0.862026,-0.600000,0.013363,0.175694,-0.362477,-0.636581,0.600000,-0.600000,0.562307,-0.600000,-0.600000,-0.985262,-0.800297,-0.600000,-0.600000,-0.362477,-0.600000,-0.985262,-0.382434,0.787783,0.861429,-0.004619,-0.037893,0.032622,-0.032622,-0.600000,-0.600000,0.988829,-0.600000,-0.600000,-0.600000,-0.600000,-0.600000,-0.999751,-0.600000,-0.636581,0.988829,-0.600000,-0.600000,-0.600000,0.600000,0.024837,-0.600000,0.422036,-0.600000,0.600000,-0.985700,-0.955127,0.994028,0.600000,0.988829,-0.600000,-0.636581,-0.021338
100,0,0,0,0,stay,1,29,18,1,0.600000,0.600000,0.563537,-0.994290,1.000000,0.998517,-0.600000,-0.600000,-0.339684,-0.023768,-0.990842,0.538810,0.562307,-0.262102,-0.262102,-0.172812,0.658277,-0.998048,-0.863804,-0.600000,0.012781,0.172812,-0.360168,-0.636581,0.600000,-0.600000,0.562307,-0.600000,-0.600000,-0.985550,-0.801898,-0.600000,-0.600000,-0.360168,-0.600000,-0.985550,-0.378894,0.791938,0.863213,-0.004394,-0.037169,0.031995,-0.031995,-0.600000,-0.600000,0.989316,-0.600000,-0.600000,-0.600000,-0.600000,-0.600000,-0.999766,-0.600000,-0.636581,0.989316,-0.600000,-0.600000,-0.600000,0.600000,0.023768,-0.600000,0.419598,-0.600000,0.600000,-0.986389,-0.956400,0.994290,0.600000,0.989316,-0.600000,-0.636581,-0.020416
101,0,0,0,1,N,0,27,19,1,0.600000,0.600000,0.563537,-0.994347,1.000000,0.998685,-0.600000,-0.600000,-0.339684,-0.023307,-0.991022,0.538810,0.562307,-0.262102,-0.262102,-0.158959,0.658277,-0.998067,-0.863804,-0.600000,0.012656,0.158959,-0.360168,-0.636581,0.600000,-0.600000,0.562307,-0.600000,-0.600000,-0.985622,-0.817329,-0.600000,-0.600000,-0.360168,-0.600000,-0.985622,-0.355647,0.792762,0.863213,-0.004350,-0.036990,0.031840,-0.031840,-0.600000,-0.600000,0.989526,-0.600000,-0.600000,-0.600000,-0.600000,-0.600000,-0.999772,-0.600000,-0.636581,0.989526,-0.600000,-0.600000,-0.600000,0.600000,0.023307,-0.600000,0.419598,-0.600000,0.600000,-0.986656,-0.957229,0.994347,0.600000,0.989526,-0.600000,-0.636581,-0.020019
102,0,0,0,1,N,0,25,20,1,0.600000,0.600000,0.563537,-0.994347,1.000000,0.998768,-0.600000,-0.600000,-0.339684,-0.023193,-0.991066,0.538810,0.562307,-0.262102,-0.262102,-0.151087,0.658277,-0.998067,-0.863804,-0.600000,0.012656,0.151087,-0.360168,-0.636581,0.600000,-0.600000,0.562307,-0.600000,-0.600000,-0.985692,-0.826131,-0.600000,-0.600000,-0.360168,-0.600000,-0.985692,-0.342009,0.791941,0.863213,-0.004350,-0.036812,0.031686,-0.031686,-0.600000,-0.600000,0.989578,-0.600000,-0.600000,-0.600000,-0.600000,-0.600000,-0.999774,-0.600000,-0.636581,0.989578,-0.600000,-0.600000,-0.600000,0.600000,0.023193,-0.600000,0.419598,-0.600000,0.600000,-0.986722,-0.957433,0.994347,0.600000,0.989578,-0.600000,-0.636581,-0.019921
103,0,0,0,0,N,0,23,21,1,0.600000,0.600000,0.563537,-0.994486,1.000000,0.998863,-0.600000,-0.600000,-0.339684,-0.022084,-0.991499,0.538810,0.562307,-0.262102,-0.262102,-0.147273,0.658277,-0.998115,-0.863804,-0.600000,0.012346,0.147273,-0.360168,-0.636581,0.600000,-0.600000,0.562307,-0.600000,-0.600000,-0.986042,-0.830405,-0.600000,-0.600000,-0.360168,-0.600000,-0.986042,-0.335285,0.791941,0.863213,-0.004243,-0.035934,0.030926,-0.030926,-0.600000,-0.600000,0.990082,-0.600000,-0.600000,-0.600000,-0.600000,-0.600000,-0.999791,-0.600000,-0.636581,0.990082,-0.600000,-0.600000,-0.600000,0.600000,0.022084,-0.600000,0.419598,-0.600000,0.600000,-0.987363,-0.959430,0.994486,0.600000,0.990082,-0.600000,-0.636581,-0.018965
104,0,0,0,1,N,0,21,22,1,0.600000,0.600000,0.563537,-0.994541,1.000000,0.998996,-0.600000,-0.600000,-0.339684,-0.021550,-0.991708,0.538810,0.562307,-0.262102,-0.262102,-0.135131,0.658277,-0.998134,-0.863804,-0.600000,0.012225,0.135131,-0.360168,-0.636581,0.600000,-0.600000,0.562307,-0.600000,-0.600000,-0.986179,-0.844049,-0.600000,-0.600000,-0.360168,-0.600000,-0.986179,-0.313358,0.791943,0.863213,-0.004201,-0.035588,0.030627,-0.030627,-0.600000,-0.600000,0.990325,-0.600000,-0.600000,-0.600000,-0.600000,-0.600000,-0.999798,-0.600000,-0.636581,0.990325,-0.600000,-0.600000,-0.600000,0.600000,0.021550,-0.600000,0.419598,-0.600000,0.600000,-0.987672,-0.960394,0.994541,0.600000,0.990325,-0.600000,-0.636581,-0.018505
105,0,0,0,1,stay,0,20,22,1,0.600000,0.600000,0.563537,-0.994568,1.000000,0.999060,-0.600000,-0.600000,-0.339684,-0.021339,-0.991790,0.538810,0.562307,-0.262102,-0.262102,-0.128820,0.658277,-0.998143,-0.863804,-0.600000,0.012164,0.128820,-0.360168,-0.636581,0.600000,-0.600000,0.562307,-0.600000,-0.600000,-0.986247,-0.851165,-0.600000,-0.600000,-0.360168,-0.600000,-0.986247,-0.301636,0.791943,0.863213,-0.004180,-0.035416,0.030479,-0.030479,-0.600000,-0.600000,0.990421,-0.600000,-0.600000,-0.600000,-0.600000,-0.600000,-0.999801,-0.600000,-0.636581,0.990421,-0.600000,-0.600000,-0.600000,0.600000,0.021339,-0.600000,0.419598,-0.600000,0.600000,-0.987793,-0.960773,0.994568,0.600000,0.990421,-0.600000,-0.636581,-0.018324
106,0,0,0,1,N,0,18,23,1,0.600000,0.600000,0.563537,-0.994568,1.000000,0.999158,-0.600000,-0.600000,-0.339684,-0.021027,-0.991912,0.538810,0.562307,-0.262102,-0.262102,-0.118510,0.658277,-0.998143,-0.863804,-0.600000,0.012164,0.118510,-0.360168,-0.636581,0.600000,-0.600000,0.562307,-0.600000,-0.600000,-0.986247,-0.862823,-0.600000,-0.600000,-0.360168,-0.600000,-0.986247,-0.281989,0.791943,0.863213,-0.004180,-0.035416,0.030479,-0.030479,-0.600000,-0.600000,0.990563,-0.600000,-0.600000,-0.600000,-0.600000,-0.600000,-0.999804,-0.600000,-0.636581,0.990563,-0.600000,-0.600000,-0.600000,0.600000,0.021027,-0.600000,0.419598,-0.600000,0.600000,-0.987973,-0.961336,0.994568,0.600000,0.990563,-0.600000,-0.636581,-0.018055
107,0,0,0,0,N,0,16,24,1,0.600000,0.600000,0.563537,-0.994780,1.000000,0.999207,-0.600000,-0.600000,-0.339684,-0.020020,-0.992304,0.538810,0.562307,-0.262102,-0.262102,-0.117468,0.658277,-0.998216,-0.863804,-0.600000,0.011692,0.117468,-0.360168,-0.636581,0.600000,-0.600000,0.562307,-0.600000,-0.600000,-0.986780,-0.864004,-0.600000,-0.600000,-0.360168,-0.600000,-0.986780,-0.279966,0.791943,0.863213,-0.004016,-0.034072,0.029316,-0.029316,-0.600000,-0.600000,0.991020,-0.600000,-0.600000,-0.600000,-0.600000,-0.600000,-0.999821,-0.600000,-0.636581,0.991020,-0.600000,-0.600000,-0.600000,0.600000,0.020020,-0.600000,0.419598,-0.600000,0.600000,-0.988554,-0.963156,0.994780,0.600000,0.991020,-0.600000,-0.636581,-0.017188
108,1,0,0,0,N,0,14,25,1,0.600000,0.600000,0.563537,-0.995083,1.000000,0.999253,-0.600000,-0.600000,-0.339684,-0.018874,-0.992750,0.538810,0.562307,-0.262102,-0.262102,-0.117468,0.658277,-0.998320,-0.863804,-0.600000,0.011017,0.117468,-0.360168,-0.636581,0.600000,-0.600000,0.562307,-0.600000,-0.600000,-0.987542,-0.864004,-0.600000,-0.600000,-0.360168,-0.600000,-0.987542,-0.279966,0.791943,0.863213,-0.003783,-0.032147,0.027652,-0.027652,-0.600000,-0.600000,0.991540,-0.600000,-0.600000,-0.600000,-0.600000,-0.600000,-0.999841,-0.600000,-0.636581,0.991540,-0.600000,-0.600000,-0.600000,0.600000,0.018874,-0.600000,0.419598,-0.600000,0.600000,-0.989215,-0.965232,0.995083,0.600000,0.991540,-0.600000,-0.636581,-0.016201
109,1,0,0,0,N,0,12,26,1,0.600000,0.600000,0.563537,-0.995369,1.000000,0.999264,-0.600000,-0.600000,-0.327448,-0.018597,-0.992857,0.538810,0.562307,-0.252536,-0.252536,-0.117468,0.658277,-0.998503,-0.869590,-0.600000,0.010380,0.117468,-0.348720,-0.636581,0.600000,-0.600000,0.562307,-0.600000,-0.600000,-0.987787,-0.858032,-0.600000,-0.600000,-0.348720,-0.600000,-0.987787,-0.291174,0.798467,0.869021,-0.003371,-0.031529,0.027118,-0.027118,-0.600000,-0.600000,0.991665,-0.600000,-0.600000,-0.600000,-0.600000,-0.600000,-0.999847,-0.600000,-0.636581,0.991665,-0.600000,-0.600000,-0.600000,0.600000,0.018597,-0.600000,0.407467,-0.600000,0.600000,-0.989322,-0.964043,0.995369,0.600000,0.991665,-0.600000,-0.636581,-0.015963
110,1,0,0,0,stay,1,29,26,1,0.600000,0.600000,0.563537,-0.995638,1.000000,0.999300,-0.600000,-0.600000,-0.326347,-0.017704,-0.993204,0.538810,0.562307,-0.249711,-0.249711,-0.117468,0.658277,-0.998597,-0.871285,-0.600000,0.009780,0.117468,-0.346450,-0.636581,0.600000,-0.600000,0.562307,-0.600000,-0.600000,-0.988319,-0.856812,-0.600000,-0.600000,-0.346450,-0.600000,-0.988319,-0.292206,0.800873,0.870722,-0.003159,-0.030181,0.025953,-0.025953,-0.600000,-0.600000,0.992069,-0.600000,-0.600000,-0.600000,-0.600000,-0.600000,-0.999861,-0.600000,-0.636581,0.992069,-0.600000,-0.600000,-0.600000,0.600000,0.017704,-0.600000,0.405054,-0.600000,0.600000,-0.989889,-0.965241,0.995638,0.600000,0.992069,-0.600000,-0.636581,-0.015194
111,0,0,0,0,N,0,27,27,1,0.600000,0.600000,0.563537,-0.995892,1.000000,0.999311,-0.600000,-0.600000,-0.314362,-0.017444,-0.993305,0.538810,0.562307,-0.240450,-0.240450,-0.117468,0.658277,-0.998750,-0.876799,-0.600000,0.009215,0.117468,-0.335209,-0.636581,0.600000,-0.600000,0.562307,-0.600000,-0.600000,-0.988548,-0.850579,-0.600000,-0.600000,-0.335209,-0.600000,-0.988548,-0.303698,0.807185,0.876257,-0.002815,-0.029599,0.025451,-0.025451,-0.600000,-0.600000,0.992186,-0.600000,-0.600000,-0.600000,-0.600000,-0.600000,-0.999865,-0.600000,-0.636581,0.992186,-0.600000,-0.600000,-0.600000,0.600000,0.017444,-0.600000,0.393058,-0.600000,0.600000,-0.989989,-0.964051,0.995892,0.600000,0.992186,-0.600000,-0.636581,-0.014971
112,0,0,0,0,stay,1,29,27,1,0.600000,0.600000,0.563537,-0.996131,1.000000,0.999345,-0.600000,-0.600000,-0.313285,-0.016606,-0.993630,0.538810,0.562307,-0.237717,-0.237717,-0.117468,0.658277,-0.998829,-0.878413,-0.600000,0.008681,0.117468,-0.332982,-0.636581,0.600000,-0.600000,0.562307,-0.600000,-0.600000,-0.988994,-0.849306,-0.600000,-0.600000,-0.332982,-0.600000,-0.988994,-0.304755,0.810283,0.877877,-0.002638,-0.028469,0.024475,-0.024475,-0.600000,-0.600000,0.992566,-0.600000,-0.600000,-0.600000,-0.600000,-0.600000,-0.999877,-0.600000,-0.636581,0.992566,-0.600000,-0.600000,-0.600000,0.600000,0.016606,-0.600000,0.390673,-0.600000,0.600000,-0.990521,-0.965249,0.996131,0.600000,0.992566,-0.600000,-0.636581,-0.014249
113,1,0,0,1,N,0,27,28,1,0.600000,0.600000,0.562308,-0.996245,1.000000,0.999401,-0.600000,-0.600000,-0.313285,-0.015964,-0.993879,0.537567,0.561076,-0.237717,-0.237717,-0.112373,0.659402,-0.998864,-0.878413,-0.600000,0.008426,0.112373,-0.332982,-0.636581,0.600000,-0.600000,0.562307,-0.600000,-0.600000,-0.989263,-0.855605,-0.600000,-0.600000,-0.332982,-0.600000,-0.989263,-0.294256,0.811052,0.877877,-0.002560,-0.027784,0.023884,-0.023884,-0.600000,-0.600000,0.992856,-0.600000,-0.600000,-0.600000,-0.600000,-0.600000,-0.999885,-0.600000,-0.637738,0.992856,-0.600000,-0.600000,-0.600000,0.600000,0.015964,-0.600000,0.391864,-0.600000,0.600000,-0.990890,-0.966569,0.996245,0.600000,0.992856,-0.600000,-0.636581,-0.013697
114,0,0,0,0,W,0,25,29,1,0.600000,0.600000,0.562308,-0.996428,1.000000,0.999404,-0.600000,-0.600000,-0.301564,-0.015964,-0.993879,0.533837,0.561076,-0.228764,-0.228764,-0.111874,0.662766,-0.998977,-0.883663,-0.600000,0.008018,0.111874,-0.324151,-0.636581,0.600000,-0.600000,0.562307,-0.600000,-0.600000,-0.989422,-0.851237,-0.600000,-0.600000,-0.324151,-0.600000,-0.989422,-0.304732,0.816366,0.883147,-0.002304,-0.027381,0.023536,-0.023536,-0.600000,-0.600000,0.992856,-0.600000,-0.600000,-0.600000,-0.600000,-0.600000,-0.999887,-0.600000,-0.637738,0.992856,-0.600000,-0.600000,-0.600000,0.600000,0.015964,-0.600000,0.385915,-0.600000,0.600000,-0.990754,-0.964919,0.996428,0.600000,0.992856,-0.600000,-0.636581,-0.013697
115,0,0,0,0,stay,1,29,29,1,0.600000,0.600000,0.562308,-0.996636,1.000000,0.999433,-0.600000,-0.600000,-0.300511,-0.015195,-0.994177,0.533837,0.561076,-0.226125,-0.226125,-0.111874,0.662766,-0.999042,-0.885199,-0.600000,0.007553,0.111874,-0.321962,-0.636581,0.600000,-0.600000,0.562307,-0.600000,-0.600000,-0.989833,-0.849968,-0.600000,-0.600000,-0.321962,-0.600000,-0.989833,-0.305791,0.819350,0.884689,-0.002159,-0.026333,0.022632,-0.022632,-0.600000,-0.600000,0.993203,-0.600000,-0.600000,-0.600000,-0.600000,-0.600000,-0.999896,-0.600000,-0.637738,0.993203,-0.600000,-0.600000,-0.600000,0.600000,0.015195,-0.600000,0.383547,-0.600000,0.600000,-0.991245,-0.966089,0.996636,0.600000,0.993203,-0.600000,-0.636581,-0.013036
116,1,1,0,0,N,0,27,30,1,0.600000,0.600000,0.562308,-0.996831,1.000000,0.999466,-0.600000,-0.600000,-0.300511,-0.014321,-0.994515,0.533837,0.561076,-0.226125,-0.226125,-0.111874,0.662766,-0.999098,-0.885199,-0.600000,0.007115,0.111874,-0.321962,-0.636581,0.600000,-0.600000,0.562307,-0.600000,-0.600000,-0.990421,-0.849968,-0.600000,-0.600000,-0.321962,-0.600000,-0.990421,-0.305791,0.819350,0.884689,-0.002033,-0.024834,0.021339,-0.021339,-0.600000,-0.600000,0.993597,-0.600000,-0.600000,-0.600000,-0.600000,-0.600000,-0.999908,-0.600000,-0.637738,0.993597,-0.600000,-0.600000,-0.600000,0.600000,0.014321,-0.600000,0.383547,-0.600000,0.600000,-0.991752,-0.968005,0.996831,0.600000,0.993597,-0.600000,-0.636581,-0.012284
117,0,0,0,0,S,0,25,28,1,0.600000,0.600000,0.562308,-0.997016,1.000000,0.999474,-0.600000,-0.600000,-0.289067,-0.014110,-0.994596,0.533837,0.561076,-0.217483,-0.217483,-0.111874,0.662766,-0.999196,-0.890193,-0.600000,0.006703,0.111874,-0.311135,-0.636581,0.600000,-0.600000,0.562307,-0.600000,-0.600000,-0.990702,-0.843491,-0.600000,-0.600000,-0.311135,-0.600000,-0.990702,-0.317579,0.823755,0.889702,-0.001812,-0.024116,0.020720,-0.020720,-0.600000,-0.600000,0.993692,-0.600000,-0.600000,-0.600000,-0.600000,-0.600000,-0.999912,-0.600000,-0.637738,0.993692,-0.600000,-0.600000,-0.600000,0.600000,0.014110,-0.600000,0.371789,-0.600000,0.600000,-0.991834,-0.966907,0.997016,0.600000,0.993692,-0.600000,-0.636581,-0.012103
118,0,0,0,0,stay,1,29,28,1,0.600000,0.600000,0.562308,-0.997190,1.000000,0.999500,-0.600000,-0.600000,-0.288039,-0.013430,-0.994859,0.533837,0.561076,-0.214938,-0.214938,-0.111874,0.662766,-0.999247,-0.891653,-0.600000,0.006314,0.111874,-0.308994,-0.636581,0.600000,-0.600000,0.562307,-0.600000,-0.600000,-0.991064,-0.842169,-0.600000,-0.600000,-0.308994,-0.600000,-0.991064,-0.318662,0.826644,0.891168,-0.001698,-0.023190,0.019922,-0.019922,-0.600000,-0.600000,0.993998,-0.600000,-0.600000,-0.600000,-0.600000,-0.600000,-0.999920,-0.600000,-0.637738,0.993998,-0.600000,-0.600000,-0.600000,0.600000,0.013430,-0.600000,0.369455,-0.600000,0.600000,-0.992268,-0.968013,0.997190,0.600000,0.993998,-0.600000,-0.636581,-0.011518
119,0,0,0,0,N,0,27,27,1,0.600000,0.600000,0.562308,-0.997353,1.000000,0.999529,-0.600000,-0.600000,-0.288039,-0.012656,-0.995158,0.533837,0.561076,-0.214938,-0.214938,-0.111874,0.662766,-0.999291,-0.891653,-0.600000,0.005948,0.111874,-0.308994,-0.636581,0.600000,-0.600000,0.562307,-0.600000,-0.600000,-0.991581,-0.842169,-0.600000,-0.600000,-0.308994,-0.600000,-0.991581,-0.318662,0.826644,0.891168,-0.001599,-0.021866,0.018781,-0.018781,-0.600000,-0.600000,0.994347,-0.600000,-0.600000,-0.600000,-0.600000,-0.600000,-0.999929,-0.600000,-0.637738,0.994347,-0.600000,-0.600000,-0.600000,0.600000,0.012656,-0.600000,0.369455,-0.600000,0.600000,-0.992716,-0.969824,0.997353,0.600000,0.994347,-0.600000,-0.636581,-0.010853
120,1,0,0,1,N,0,25,26,1,0.600000,0.600000,0.558614,-0.997380,1.000000,0.999578,-0.600000,-0.600000,-0.288039,-0.012469,-0.995229,0.527612,0.557380,-0.214938,-0.214938,-0.102760,0.668335,-0.999298,-0.891653,-0.600000,0.005889,0.102760,-0.307927,-0.636581,0.600000,-0.600000,0.562307,-0.600000,-0.600000,-0.991706,-0.853786,-0.600000,-0.600000,-0.307927,-0.600000,-0.991706,-0.298381,0.825928,0.891168,-0.001583,-0.021547,0.018506,-0.018506,-0.600000,-0.600000,0.994431,-0.600000,-0.600000,-0.600000,-0.600000,-0.600000,-0.999931,-0.600000,-0.641199,0.994431,-0.600000,-0.600000,-0.600000,0.600000,0.012469,-0.600000,0.374123,-0.600000,0.600000,-0.992860,-0.970261,0.997380,0.600000,0.994431,-0.600000,-0.636581,-0.010693
121,1,0,0,1,stay,0,24,26,1,0.600000,0.600000,0.553678,-0.997444,1.000000,0.999601,-0.600000,-0.600000,-0.285991,-0.012285,-0.995300,0.516385,0.552441,-0.211577,-0.211577,-0.099123,0.678242,-0.999322,-0.893574,-0.600000,0.005744,0.099123,-0.304736,-0.636581,0.600000,-0.600000,0.562307,-0.600000,-0.600000,-0.991829,-0.856890,-0.600000,-0.600000,-0.304736,-0.600000,-0.991829,-0.292133,0.827365,0.893097,-0.001528,-0.021232,0.018235,-0.018235,-0.600000,-0.600000,0.994513,-0.600000,-0.600000,-0.600000,-0.600000,-0.600000,-0.999933,-0.600000,-0.645790,0.994513,-0.600000,-0.600000,-0.600000,0.600000,0.012285,-0.600000,0.381169,-0.600000,0.600000,-0.993001,-0.970118,0.997444,0.600000,0.994513,-0.600000,-0.636581,-0.010535
122,0,1,0,0,N,0,22,25,1,0.600000,0.600000,0.553678,-0.997581,1.000000,0.999609,-0.600000,-0.600000,-0.275880,-0.012104,-0.995370,0.516385,0.552441,-0.204158,-0.204158,-0.098677,0.678242,-0.999390,-0.897787,-0.600000,0.005437,0.098677,-0.295277,-0.636581,0.600000,-0.600000,0.562307,-0.600000,-0.600000,-0.992069,-0.851925,-0.600000,-0.600000,-0.295277,-0.600000,-0.992069,-0.301513,0.830913,0.897326,-0.001376,-0.020616,0.017704,-0.017704,-0.600000,-0.600000,0.994595,-0.600000,-0.600000,-0.600000,-0.600000,-0.600000,-0.999936,-0.600000,-0.645790,0.994595,-0.600000,-0.600000,-0.600000,0.600000,0.012104,-0.600000,0.370606,-0.600000,0.600000,-0.993070,-0.969240,0.997581,0.600000,0.994595,-0.600000,-0.636581,-0.010380
123,0,1,0,0,stay,1,29,25,1,0.600000,0.600000,0.553678,-0.997722,1.000000,0.999628,-0.600000,-0.600000,-0.274881,-0.011519,-0.995595,0.516385,0.552441,-0.201728,-0.201728,-0.098677,0.678242,-0.999428,-0.899158,-0.600000,0.005122,0.098677,-0.293198,-0.636581,0.600000,-0.600000,0.562307,-0.600000,-0.600000,-0.992378,-0.850662,-0.600000,-0.600000,-0.293198,-0.600000,-0.992378,-0.302566,0.833709,0.898702,-0.001289,-0.019822,0.017020,-0.017020,-0.600000,-0.600000,0.994858,-0.600000,-0.600000,-0.600000,-0.600000,-0.600000,-0.999942,-0.600000,-0.645790,0.994858,-0.600000,-0.600000,-0.600000,0.600000,0.011519,-0.600000,0.368275,-0.600000,0.600000,-0.993440,-0.970270,0.997722,0.600000,0.994858,-0.600000,-0.636581,-0.009877
124,0,0,0,0,N,0,27,24,1,0.600000,0.600000,0.553678,-0.997855,1.000000,0.999650,-0.600000,-0.600000,-0.274881,-0.010854,-0.995852,0.516385,0.552441,-0.201728,-0.201728,-0.098677,0.678242,-0.999462,-0.899158,-0.600000,0.004824,0.098677,-0.293198,-0.636581,0.600000,-0.600000,0.562307,-0.600000,-0.600000,-0.992820,-0.850662,-0.600000,-0.600000,-0.293198,-0.600000,-0.992820,-0.302566,0.833709,0.898702,-0.001214,-0.018687,0.016043,-0.016043,-0.600000,-0.600000,0.995156,-0.600000,-0.600000,-0.600000,-0.600000,-0.600000,-0.999948,-0.600000,-0.645790,0.995156,-0.600000,-0.600000,-0.600000,0.600000,0.010854,-0.600000,0.368275,-0.600000,0.600000,-0.993820,-0.971957,0.997855,0.600000,0.995156,-0.600000,-0.636581,-0.009306
125,0,0,0,0,N,0,25,23,1,0.600000,0.600000,0.553678,-0.997980,1.000000,0.999670,-0.600000,-0.600000,-0.274881,-0.010227,-0.996093,0.516385,0.552441,-0.201728,-0.201728,-0.098677,0.678242,-0.999493,-0.899158,-0.600000,0.004544,0.098677,-0.293198,-0.636581,0.600000,-0.600000,0.562307,-0.600000,-0.600000,-0.993236,-0.850662,-0.600000,-0.600000,-0.293198,-0.600000,-0.993236,-0.302566,0.833709,0.898702,-0.001143,-0.017615,0.015120,-0.015120,-0.600000,-0.600000,0.995438,-0.600000,-0.600000,-0.600000,-0.600000,-0.600000,-0.999954,-0.600000,-0.645790,0.995438,-0.600000,-0.600000,-0.600000,0.600000,0.010227,-0.600000,0.368275,-0.600000,0.600000,-0.994179,-0.973550,0.997980,0.600000,0.995438,-0.600000,-0.636581,-0.008768
126,1,0,0,0,N,0,23,22,1,0.600000,0.600000,0.553678,-0.998097,1.000000,0.999689,-0.600000,-0.600000,-0.274881,-0.009636,-0.996320,0.516385,0.552441,-0.201728,-0.201728,-0.098677,0.678242,-0.999523,-0.899158,-0.600000,0.004280,0.098677,-0.293198,-0.636581,0.600000,-0.600000,0.562307,-0.600000,-0.600000,-0.993629,-0.850662,-0.600000,-0.600000,-0.293198,-0.600000,-0.993629,-0.302566,0.833709,0.898702,-0.001076,-0.016604,0.014250,-0.014250,-0.600000,-0.600000,0.995703,-0.600000,-0.600000,-0.600000,-0.600000,-0.600000,-0.999959,-0.600000,-0.645790,0.995703,-0.600000,-0.600000,-0.600000,0.600000,0.009636,-0.600000,0.368275,-0.600000,0.600000,-0.994517,-0.975056,0.998097,0.600000,0.995703,-0.600000,-0.636581,-0.008260
127,0,0,0,0,N,0,21,21,1,0.600000,0.600000,0.553678,-0.998208,1.000000,0.999694,-0.600000,-0.600000,-0.264043,-0.009493,-0.996375,0.516385,0.552441,-0.193784,-0.193784,-0.098677,0.678242,-0.999575,-0.903610,-0.600000,0.004031,0.098677,-0.282934,-0.636581,0.600000,-0.600000,0.562307,-0.600000,-0.600000,-0.993754,-0.844209,-0.600000,-0.600000,-0.282934,-0.600000,-0.993754,-0.314285,0.839190,0.903173,-0.000959,-0.016280,0.013971,-0.013971,-0.600000,-0.600000,0.995767,-0.600000,-0.600000,-0.600000,-0.600000,-0.600000,-0.999961,-0.600000,-0.645790,0.995767,-0.600000,-0.600000,-0.600000,0.600000,0.009493,-0.600000,0.356713,-0.600000,0.600000,-0.994571,-0.974193,0.998208,0.600000,0.995767,-0.600000,-0.636581,-0.008138
128,0,0,0,0,stay,1,29,21,1,0.600000,0.600000,0.553678,-0.998313,1.000000,0.999709,-0.600000,-0.600000,-0.263071,-0.009033,-0.996551,0.516385,0.552441,-0.191448,-0.191448,-0.098677,0.678242,-0.999602,-0.904912,-0.600000,0.003796,0.098677,-0.280907,-0.636581,0.600000,-0.600000,0.562307,-0.600000,-0.600000,-0.993998,-0.842892,-0.600000,-0.600000,-0.280907,-0.600000,-0.993998,-0.315363,0.841875,0.904480,-0.000898,-0.015650,0.013430,-0.013430,-0.600000,-0.600000,0.995973,-0.600000,-0.600000,-0.600000,-0.600000,-0.600000,-0.999964,-0.600000,-0.645790,0.995973,-0.600000,-0.600000,-0.600000,0.600000,0.009033,-0.600000,0.354420,-0.600000,0.600000,-0.994861,-0.975062,0.998313,0.600000,0.995973,-0.600000,-0.636581,-0.007743
129,0,0,0,0,N,0,27,20,1,0.600000,0.600000,0.553678,-0.998411,1.000000,0.999726,-0.600000,-0.600000,-0.263071,-0.008510,-0.996752,0.516385,0.552441,-0.191448,-0.191448,-0.098677,0.678242,-0.999625,-0.904912,-0.600000,0.003576,0.098677,-0.280907,-0.636581,0.600000,-0.600000,0.562307,-0.600000,-0.600000,-0.994347,-0.842892,-0.600000,-0.600000,-0.280907,-0.600000,-0.994347,-0.315363,0.841875,0.904480,-0.000846,-0.014750,0.012656,-0.012656,-0.600000,-0.600000,0.996207,-0.600000,-0.600000,-0.600000,-0.600000,-0.600000,-0.999968,-0.600000,-0.645790,0.996207,-0.600000,-0.600000,-0.600000,0.600000,0.008510,-0.600000,0.354420,-0.600000,0.600000,-0.995160,-0.976483,0.998411,0.600000,0.996207,-0.600000,-0.636581,-0.007294
130,0,0,0,0,N,0,25,19,1,0.600000,0.600000,0.553678,-0.998504,1.000000,0.999742,-0.600000,-0.600000,-0.263071,-0.008018,-0.996941,0.516385,0.552441,-0.191448,-0.191448,-0.098677,0.678242,-0.999647,-0.904912,-0.600000,0.003367,0.098677,-0.280907,-0.636581,0.600000,-0.600000,0.562307,-0.600000,-0.600000,-0.994675,-0.842892,-0.600000,-0.600000,-0.280907,-0.600000,-0.994675,-0.315363,0.841875,0.904480,-0.000797,-0.013901,0.011926,-0.011926,-0.600000,-0.600000,0.996428,-0.600000,-0.600000,-0.600000,-0.600000,-0.600000,-0.999972,-0.600000,-0.645790,0.996428,-0.600000,-0.600000,-0.600000,0.600000,0.008018,-0.600000,0.354420,-0.600000,0.600000,-0.995441,-0.977826,0.998504,0.600000,0.996428,-0.600000,-0.636581,-0.006871
131,0,1,0,0,N,0,23,18,1,0.600000,0.600000,0.553678,-0.998591,1.000000,0.999757,-0.600000,-0.600000,-0.263071,-0.007553,-0.997119,0.516385,0.552441,-0.191448,-0.191448,-0.098677,0.678242,-0.999667,-0.904912,-0.600000,0.003172,0.098677,-0.280907,-0.636581,0.600000,-0.600000,0.562307,-0.600000,-0.600000,-0.994984,-0.842892,-0.600000,-0.600000,-0.280907,-0.600000,-0.994984,-0.315363,0.841875,0.904480,-0.000750,-0.013100,0.011237,-0.011237,-0.600000,-0.600000,0.996636,-0.600000,-0.600000,-0.600000,-0.600000,-0.600000,-0.999975,-0.600000,-0.645790,0.996636,-0.600000,-0.600000,-0.600000,0.600000,0.007553,-0.600000,0.354420,-0.600000,0.600000,-0.995706,-0.979093,0.998591,0.600000,0.996636,-0.600000,-0.636581,-0.006473
132,0,1,0,0,N,0,21,17,1,0.600000,0.600000,0.553678,-0.998673,1.000000,0.999771,-0.600000,-0.600000,-0.263071,-0.007115,-0.997287,0.516385,0.552441,-0.191448,-0.191448,-0.098677,0.678242,-0.999687,-0.904912,-0.600000,0.002987,0.098677,-0.280907,-0.636581,0.600000,-0.600000,0.562307,-0.600000,-0.600000,-0.995276,-0.842892,-0.600000,-0.600000,-0.280907,-0.600000,-0.995276,-0.315363,0.841875,0.904480,-0.000706,-0.012345,0.010588,-0.010588,-0.600000,-0.600000,0.996831,-0.600000,-0.600000,-0.600000,-0.600000,-0.600000,-0.999978,-0.600000,-0.645790,0.996831,-0.600000,-0.600000,-0.600000,0.600000,0.007115,-0.600000,0.354420,-0.600000,0.600000,-0.995955,-0.980289,0.998673,0.600000,0.996831,-0.600000,-0.636581,-0.006097
133,1,0,0,1,N,0,19,16,1,0.600000,0.600000,0.551206,-0.998693,1.000000,0.999787,-0.600000,-0.600000,-0.263071,-0.006975,-0.997341,0.512639,0.549968,-0.189902,-0.189902,-0.094309,0.681509,-0.999691,-0.905770,-0.600000,0.002942,0.094309,-0.278890,-0.636581,0.600000,-0.600000,0.562307,-0.600000,-0.600000,-0.995323,-0.848125,-0.600000,-0.600000,-0.278890,-0.600000,-0.995323,-0.304658,0.842540,0.905342,-0.000696,-0.012223,0.010484,-0.010484,-0.600000,-0.600000,0.996894,-0.600000,-0.600000,-0.600000,-0.600000,-0.600000,-0.999978,-0.600000,-0.648076,0.996894,-0.600000,-0.600000,-0.600000,0.600000,0.006975,-0.600000,0.355564,-0.600000,0.600000,-0.996075,-0.980483,0.998693,0.600000,0.996894,-0.600000,-0.636581,-0.005977
134,0,0,0,1,W,0,17,17,1,0.600000,0.600000,0.551206,-0.998750,1.000000,0.999788,-0.600000,-0.600000,-0.252536,-0.006975,-0.997341,0.510140,0.549968,-0.182318,-0.182318,-0.093882,0.683678,-0.999721,-0.909960,-0.600000,0.002813,0.093882,-0.269920,-0.636581,0.600000,-0.600000,0.562307,-0.600000,-0.600000,-0.995438,-0.842912,-0.600000,-0.600000,-0.269920,-0.600000,-0.995438,-0.315342,0.845182,0.909549,-0.000629,-0.011924,0.010227,-0.010227,-0.600000,-0.600000,0.996894,-0.600000,-0.600000,-0.600000,-0.600000,-0.600000,-0.999979,-0.600000,-0.648076,0.996894,-0.600000,-0.600000,-0.600000,0.600000,0.006975,-0.600000,0.347577,-0.600000,0.600000,-0.996036,-0.979505,0.998750,0.600000,0.996894,-0.600000,-0.636581,-0.005977
135,0,0,0,1,stay,1,29,17,1,0.600000,0.600000,0.551206,-0.998781,1.000000,0.999810,-0.600000,-0.600000,-0.251592,-0.006838,-0.997393,0.510140,0.549968,-0.180088,-0.180088,-0.086486,0.683678,-0.999729,-0.911184,-0.600000,0.002744,0.086486,-0.267952,-0.636581,0.600000,-0.600000,0.562307,-0.600000,-0.600000,-0.995461,-0.853239,-0.600000,-0.600000,-0.267952,-0.600000,-0.995461,-0.297266,0.847786,0.910778,-0.000611,-0.011865,0.010176,-0.010176,-0.600000,-0.600000,0.996956,-0.600000,-0.600000,-0.600000,-0.600000,-0.600000,-0.999980,-0.600000,-0.648076,0.996956,-0.600000,-0.600000,-0.600000,0.600000,0.006838,-0.600000,0.345311,-0.600000,0.600000,-0.996133,-0.979607,0.998781,0.600000,0.996956,-0.600000,-0.636581,-0.005859
136,0,0,0,0,W,0,27,18,1,0.600000,0.600000,0.551206,-0.998835,1.000000,0.999813,-0.600000,-0.600000,-0.242283,-0.006770,-0.997419,0.510140,0.549968,-0.174248,-0.174248,-0.086091,0.683678,-0.999754,-0.914375,-0.600000,0.002623,0.086091,-0.259208,-0.636581,0.600000,-0.600000,0.562307,-0.600000,-0.600000,-0.995572,-0.848170,-0.600000,-0.600000,-0.259208,-0.600000,-0.995572,-0.306739,0.850353,0.913982,-0.000555,-0.011575,0.009927,-0.009927,-0.600000,-0.600000,0.996986,-0.600000,-0.600000,-0.600000,-0.600000,-0.600000,-0.999980,-0.600000,-0.648076,0.996986,-0.600000,-0.600000,-0.600000,0.600000,0.006770,-0.600000,0.335201,-0.600000,0.600000,-0.996153,-0.979000,0.998835,0.600000,0.996986,-0.600000,-0.636581,-0.005801
137,0,0,0,0,stay,1,29,18,1,0.600000,0.600000,0.551206,-0.998903,1.000000,0.999822,-0.600000,-0.600000,-0.241365,-0.006441,-0.997545,0.510140,0.549968,-0.172097,-0.172097,-0.086091,0.683678,-0.999769,-0.915545,-0.600000,0.002470,0.086091,-0.257290,-0.636581,0.600000,-0.600000,0.562307,-0.600000,-0.600000,-0.995767,-0.846880,-0.600000,-0.600000,-0.257290,-0.600000,-0.995767,-0.307803,0.852255,0.915156,-0.000520,-0.011070,0.009493,-0.009493,-0.600000,-0.600000,0.997133,-0.600000,-0.600000,-0.600000,-0.600000,-0.600000,-0.999982,-0.600000,-0.648076,0.997133,-0.600000,-0.600000,-0.600000,0.600000,0.006441,-0.600000,0.332975,-0.600000,0.600000,-0.996358,-0.979711,0.998903,0.600000,0.997133,-0.600000,-0.636581,-0.005519
138,0,0,0,0,N,0,27,17,1,0.600000,0.600000,0.551206,-0.998967,1.000000,0.999832,-0.600000,-0.600000,-0.241365,-0.006067,-0.997688,0.510140,0.549968,-0.172097,-0.172097,-0.086091,0.683678,-0.999783,-0.915545,-0.600000,0.002326,0.086091,-0.257290,-0.636581,0.600000,-0.600000,0.562307,-0.600000,-0.600000,-0.996013,-0.846880,-0.600000,-0.600000,-0.257290,-0.600000,-0.996013,-0.307803,0.852255,0.915156,-0.000490,-0.010431,0.008944,-0.008944,-0.600000,-0.600000,0.997300,-0.600000,-0.600000,-0.600000,-0.600000,-0.600000,-0.999984,-0.600000,-0.648076,0.997300,-0.600000,-0.600000,-0.600000,0.600000,0.006067,-0.600000,0.332975,-0.600000,0.600000,-0.996570,-0.980872,0.998967,0.600000,0.997300,-0.600000,-0.636581,-0.005198
139,0,0,0,0,N,0,25,16,1,0.600000,0.600000,0.551206,-0.999027,1.000000,0.999842,-0.600000,-0.600000,-0.241365,-0.005715,-0.997823,0.510140,0.549968,-0.172097,-0.172097,-0.086091,0.683678,-0.999795,-0.915545,-0.600000,0.002191,0.086091,-0.257290,-0.636581,0.600000,-0.600000,0.562307,-0.600000,-0.600000,-0.996245,-0.846880,-0.600000,-0.600000,-0.257290,-0.600000,-0.996245,-0.307803,0.852255,0.915156,-0.000461,-0.009828,0.008426,-0.008426,-0.600000,-0.600000,0.997457,-0.600000,-0.600000,-0.600000,-0.600000,-0.600000,-0.999986,-0.600000,-0.648076,0.997457,-0.600000,-0.600000,-0.600000,0.600000,0.005715,-0.600000,0.332975,-0.600000,0.600000,-0.996770,-0.981969,0.999027,0.600000,0.997457,-0.600000,-0.636581,-0.004896
140,0,0,0,1,N,0,23,15,1,0.600000,0.600000,0.551206,-0.999037,1.000000,0.999860,-0.600000,-0.600000,-0.241365,-0.005630,-0.997855,0.510140,0.549968,-0.172097,-0.172097,-0.078165,0.683678,-0.999798,-0.915545,-0.600000,0.002169,0.078165,-0.257290,-0.636581,0.600000,-0.600000,0.562307,-0.600000,-0.600000,-0.996301,-0.860028,-0.600000,-0.600000,-0.257290,-0.600000,-0.996301,-0.285872,0.851626,0.915156,-0.000457,-0.009683,0.008302,-0.008302,-0.600000,-0.600000,0.997495,-0.600000,-0.600000,-0.600000,-0.600000,-0.600000,-0.999986,-0.600000,-0.648076,0.997495,-0.600000,-0.600000,-0.600000,0.600000,0.005630,-0.600000,0.332975,-0.600000,0.600000,-0.996818,-0.982233,0.999037,0.600000,0.997495,-0.600000,-0.636581,-0.004824
141,0,0,0,1,stay,0,22,15,1,0.600000,0.600000,0.551206,-0.999037,1.000000,0.999875,-0.600000,-0.600000,-0.241365,-0.005630,-0.997855,0.510140,0.549968,-0.172097,-0.172097,-0.070582,0.683678,-0.999798,-0.915545,-0.600000,0.002169,0.070582,-0.257290,-0.636581,0.600000,-0.600000,0.562307,-0.600000,-0.600000,-0.996301,-0.872776,-0.600000,-0.600000,-0.257290,-0.600000,-0.996301,-0.263930,0.851626,0.915156,-0.000457,-0.009683,0.008302,-0.008302,-0.600000,-0.600000,0.997495,-0.600000,-0.600000,-0.600000,-0.600000,-0.600000,-0.999986,-0.600000,-0.648076,0.997495,-0.600000,-0.600000,-0.600000,0.600000,0.005630,-0.600000,0.332975,-0.600000,0.600000,-0.996818,-0.982233,0.999037,0.600000,0.997495,-0.600000,-0.636581,-0.004824
142,0,0,0,0,N,0,20,14,1,0.600000,0.600000,0.551206,-0.999070,1.000000,0.999882,-0.600000,-0.600000,-0.241365,-0.005383,-0.997950,0.510140,0.549968,-0.172097,-0.172097,-0.069603,0.683678,-0.999805,-0.915545,-0.600000,0.002094,0.069603,-0.257290,-0.636581,0.600000,-0.600000,0.562307,-0.600000,-0.600000,-0.996428,-0.874435,-0.600000,-0.600000,-0.257290,-0.600000,-0.996428,-0.261022,0.851628,0.915156,-0.000441,-0.009352,0.008018,-0.008018,-0.600000,-0.600000,0.997605,-0.600000,-0.600000,-0.600000,-0.600000,-0.600000,-0.999987,-0.600000,-0.648076,0.997605,-0.600000,-0.600000,-0.600000,0.600000,0.005383,-0.600000,0.332975,-0.600000,0.600000,-0.996958,-0.983003,0.999070,0.600000,0.997605,-0.600000,-0.636581,-0.004612
143,0,1,0,0,N,0,18,13,1,0.600000,0.600000,0.551206,-0.999124,1.000000,0.999889,-0.600000,-0.600000,-0.241365,-0.005071,-0.998069,0.510140,0.549968,-0.172097,-0.172097,-0.069603,0.683678,-0.999816,-0.915545,-0.600000,0.001972,0.069603,-0.257290,-0.636581,0.600000,-0.600000,0.562307,-0.600000,-0.600000,-0.996636,-0.874435,-0.600000,-0.600000,-0.257290,-0.600000,-0.996636,-0.261022,0.851628,0.915156,-0.000415,-0.008811,0.007553,-0.007553,-0.600000,-0.600000,0.997745,-0.600000,-0.600000,-0.600000,-0.600000,-0.600000,-0.999989,-0.600000,-0.648076,0.997745,-0.600000,-0.600000,-0.600000,0.600000,0.005071,-0.600000,0.332975,-0.600000,0.600000,-0.997135,-0.983980,0.999124,0.600000,0.997745,-0.600000,-0.636581,-0.004344
144,0,1,0,1,N,0,16,12,1,0.600000,0.600000,0.551206,-0.999216,1.000000,0.999910,-0.600000,-0.600000,-0.241365,-0.004544,-0.998270,0.510140,0.549968,-0.172097,-0.172097,-0.063089,0.683678,-0.999835,-0.915545,-0.600000,0.001767,0.063089,-0.257290,-0.636581,0.600000,-0.600000,0.562307,-0.600000,-0.600000,-0.996669,-0.885538,-0.600000,-0.600000,-0.257290,-0.600000,-0.996669,-0.241259,0.863846,0.915156,-0.000372,-0.008724,0.007478,-0.007478,-0.600000,-0.600000,0.997980,-0.600000,-0.600000,-0.600000,-0.600000,-0.600000,-0.999990,-0.600000,-0.648076,0.997980,-0.600000,-0.600000,-0.600000,0.600000,0.004544,-0.600000,0.332975,-0.600000,0.600000,-0.997433,-0.985628,0.999216,0.600000,0.997980,-0.600000,-0.636581,-0.003892
145,0,0,0,1,W,0,14,13,1,0.600000,0.600000,0.551206,-0.999223,1.000000,0.999918,-0.600000,-0.600000,-0.239536,-0.004476,-0.998296,0.510140,0.549968,-0.172097,-0.172097,-0.058790,0.683678,-0.999838,-0.915545,-0.600000,0.001749,0.058790,-0.256334,-0.636581,0.600000,-0.600000,0.562307,-0.600000,-0.600000,-0.996686,-0.892459,-0.600000,-0.600000,-0.256334,-0.600000,-0.996686,-0.229543,0.864434,0.915156,-0.000364,-0.008680,0.007441,-0.007441,-0.600000,-0.600000,0.998010,-0.600000,-0.600000,-0.600000,-0.600000,-0.600000,-0.999990,-0.600000,-0.648076,0.998010,-0.600000,-0.600000,-0.600000,0.600000,0.004476,-0.600000,0.331864,-0.600000,0.600000,-0.997459,-0.985840,0.999223,0.600000,0.998010,-0.600000,-0.636581,-0.003834
146,0,0,0,1,stay,1,29,13,1,0.600000,0.600000,0.551206,-0.999243,1.000000,0.999927,-0.600000,-0.600000,-0.238626,-0.004366,-0.998338,0.510140,0.549968,-0.169967,-0.169967,-0.053993,0.683678,-0.999843,-0.916700,-0.600000,0.001706,0.053993,-0.254430,-0.636581,0.600000,-0.600000,0.562307,-0.600000,-0.600000,-0.996751,-0.899917,-0.600000,-0.600000,-0.254430,-0.600000,-0.996751,-0.214835,0.865022,0.916316,-0.000354,-0.008510,0.007295,-0.007295,-0.600000,-0.600000,0.998059,-0.600000,-0.600000,-0.600000,-0.600000,-0.600000,-0.999991,-0.600000,-0.648076,0.998059,-0.600000,-0.600000,-0.600000,0.600000,0.004366,-0.600000,0.329649,-0.600000,0.600000,-0.997534,-0.985979,0.999243,0.600000,0.998059,-0.600000,-0.636581,-0.003740
147,0,1,0,0,E,0,27,12,1,0.600000,0.600000,0.551206,-0.999280,1.000000,0.999931,-0.600000,-0.600000,-0.238626,-0.004153,-0.998419,0.510140,0.549968,-0.169967,-0.169967,-0.053737,0.683678,-0.999851,-0.916700,-0.600000,0.001623,0.053737,-0.254430,-0.636581,0.600000,-0.600000,0.562307,-0.600000,-0.600000,-0.996894,-0.900368,-0.600000,-0.600000,-0.254430,-0.600000,-0.996894,-0.213992,0.865606,0.916316,-0.000336,-0.008137,0.006975,-0.006975,-0.600000,-0.600000,0.998154,-0.600000,-0.600000,-0.600000,-0.600000,-0.600000,-0.999992,-0.600000,-0.648076,0.998154,-0.600000,-0.600000,-0.600000,0.600000,0.004153,-0.600000,0.329649,-0.600000,0.600000,-0.997654,-0.986656,0.999280,0.600000,0.998154,-0.600000,-0.636581,-0.003557
148,0,0,0,0,N,0,25,11,1,0.600000,0.600000,0.551206,-0.999322,1.000000,0.999935,-0.600000,-0.600000,-0.238626,-0.003912,-0.998511,0.510140,0.549968,-0.169967,-0.169967,-0.053737,0.683678,-0.999860,-0.916700,-0.600000,0.001528,0.053737,-0.254430,-0.636581,0.600000,-0.600000,0.562307,-0.600000,-0.600000,-0.997075,-0.900368,-0.600000,-0.600000,-0.254430,-0.600000,-0.997075,-0.213992,0.865606,0.916316,-0.000317,-0.007666,0.006571,-0.006571,-0.600000,-0.600000,0.998261,-0.600000,-0.600000,-0.600000,-0.600000,-0.600000,-0.999993,-0.600000,-0.648076,0.998261,-0.600000,-0.600000,-0.600000,0.600000,0.003912,-0.600000,0.329649,-0.600000,0.600000,-0.997791,-0.987425,0.999322,0.600000,0.998261,-0.600000,-0.636581,-0.003351
149,0,0,0,0,N,0,23,10,1,0.600000,0.600000,0.551206,-0.999361,1.000000,0.999939,-0.600000,-0.600000,-0.238626,-0.003684,-0.998598,0.510140,0.549968,-0.169967,-0.169967,-0.053737,0.683678,-0.999868,-0.916700,-0.600000,0.001439,0.053737,-0.254430,-0.636581,0.600000,-0.600000,0.562307,-0.600000,-0.600000,-0.997245,-0.900368,-0.600000,-0.600000,-0.254430,-0.600000,-0.997245,-0.213992,0.865606,0.916316,-0.000298,-0.007222,0.006189,-0.006189,-0.600000,-0.600000,0.998362,-0.600000,-0.600000,-0.600000,-0.600000,-0.600000,-0.999993,-0.600000,-0.648076,0.998362,-0.600000,-0.600000,-0.600000,0.600000,0.003684,-0.600000,0.329649,-0.600000,0.600000,-0.997919,-0.988150,0.999361,0.600000,0.998362,-0.600000,-0.636581,-0.003156
150,0,0,0,0,N,0,21,9,1,0.600000,0.600000,0.551206,-0.999398,1.000000,0.999942,-0.600000,-0.600000,-0.238626,-0.003470,-0.998680,0.510140,0.549968,-0.169967,-0.169967,-0.053737,0.683678,-0.999875,-0.916700,-0.600000,0.001355,0.053737,-0.254430,-0.636581,0.600000,-0.600000,0.562307,-0.600000,-0.600000,-0.997406,-0.900368,-0.600000,-0.600000,-0.254430,-0.600000,-0.997406,-0.213992,0.865606,0.916316,-0.000281,-0.006803,0.005830,-0.005830,-0.600000,-0.600000,0.998458,-0.600000,-0.600000,-0.600000,-0.600000,-0.600000,-0.999994,-0.600000,-0.648076,0.998458,-0.600000,-0.600000,-0.600000,0.600000,0.003470,-0.600000,0.329649,-0.600000,0.600000,-0.998041,-0.988834,0.999398,0.600000,0.998458,-0.600000,-0.636581,-0.002972
151,1,1,0,0,N,0,19,8,1,0.600000,0.600000,0.551206,-0.999434,1.000000,0.999946,-0.600000,-0.600000,-0.238626,-0.003268,-0.998757,0.510140,0.549968,-0.169967,-0.169967,-0.053737,0.683678,-0.999883,-0.916700,-0.600000,0.001276,0.053737,-0.254430,-0.636581,0.600000,-0.600000,0.562307,-0.600000,-0.600000,-0.997557,-0.900368,-0.600000,-0.600000,-0.254430,-0.600000,-0.997557,-0.213992,0.865606,0.916316,-0.000264,-0.006408,0.005492,-0.005492,-0.600000,-0.600000,0.998548,-0.600000,-0.600000,-0.600000,-0.600000,-0.600000,-0.999995,-0.600000,-0.648076,0.998548,-0.600000,-0.600000,-0.600000,0.600000,0.003268,-0.600000,0.329649,-0.600000,0.600000,-0.998155,-0.989479,0.999434,0.600000,0.998548,-0.600000,-0.636581,-0.002799
152,0,1,0,0,N,0,17,7,1,0.600000,0.600000,0.551206,-0.999467,1.000000,0.999947,-0.600000,-0.600000,-0.228764,-0.003203,-0.998782,0.510140,0.549968,-0.163702,-0.163702,-0.053737,0.683678,-0.999896,-0.920079,-0.600000,0.001202,0.053737,-0.245051,-0.636581,0.600000,-0.600000,0.562307,-0.600000,-0.600000,-0.997652,-0.895801,-0.600000,-0.600000,-0.245051,-0.600000,-0.997652,-0.223375,0.867920,0.919710,-0.000236,-0.006158,0.005277,-0.005277,-0.600000,-0.600000,0.998577,-0.600000,-0.600000,-0.600000,-0.600000,-0.600000,-0.999995,-0.600000,-0.648076,0.998577,-0.600000,-0.600000,-0.600000,0.600000,0.003203,-0.600000,0.318686,-0.600000,0.600000,-0.998182,-0.989217,0.999467,0.600000,0.998577,-0.600000,-0.636581,-0.002743
153,0,1,0,0,stay,1,29,7,1,0.600000,0.600000,0.551206,-0.999498,1.000000,0.999949,-0.600000,-0.600000,-0.227882,-0.003063,-0.998835,0.510140,0.549968,-0.161655,-0.161655,-0.053737,0.683678,-0.999902,-0.921177,-0.600000,0.001132,0.053737,-0.243203,-0.636581,0.600000,-0.600000,0.562307,-0.600000,-0.600000,-0.997756,-0.894866,-0.600000,-0.600000,-0.243203,-0.600000,-0.997756,-0.224242,0.869633,0.920813,-0.000221,-0.005888,0.005045,-0.005045,-0.600000,-0.600000,0.998639,-0.600000,-0.600000,-0.600000,-0.600000,-0.600000,-0.999996,-0.600000,-0.648076,0.998639,-0.600000,-0.600000,-0.600000,0.600000,0.003063,-0.600000,0.316517,-0.600000,0.600000,-0.998271,-0.989534,0.999498,0.600000,0.998639,-0.600000,-0.636581,-0.002623
154,0,1,0,1,N,0,27,6,1,0.600000,0.600000,0.551206,-0.999525,1.000000,0.999953,-0.600000,-0.600000,-0.227882,-0.002928,-0.998887,0.510140,0.549968,-0.161655,-0.161655,-0.051735,0.683678,-0.999907,-0.921177,-0.600000,0.001071,0.051735,-0.243203,-0.636581,0.600000,-0.600000,0.562307,-0.600000,-0.600000,-0.997822,-0.898577,-0.600000,-0.600000,-0.243203,-0.600000,-0.997822,-0.217351,0.872446,0.920813,-0.000209,-0.005715,0.004897,-0.004897,-0.600000,-0.600000,0.998699,-0.600000,-0.600000,-0.600000,-0.600000,-0.600000,-0.999996,-0.600000,-0.648076,0.998699,-0.600000,-0.600000,-0.600000,0.600000,0.002928,-0.600000,0.316517,-0.600000,0.600000,-0.998347,-0.989991,0.999525,0.600000,0.998699,-0.600000,-0.636581,-0.002507
155,0,0,0,0,N,0,25,7,1,0.600000,0.600000,0.551206,-0.999541,1.000000,0.999957,-0.600000,-0.600000,-0.227882,-0.002771,-0.998946,0.510140,0.549968,-0.161655,-0.161655,-0.050279,0.683678,-0.999911,-0.921177,-0.600000,0.001034,0.050279,-0.243203,-0.636581,0.600000,-0.600000,0.562307,-0.600000,-0.600000,-0.997908,-0.901284,-0.600000,-0.600000,-0.243203,-0.600000,-0.997908,-0.212284,0.871892,0.920813,-0.000202,-0.005491,0.004705,-0.004705,-0.600000,-0.600000,0.998769,-0.600000,-0.600000,-0.600000,-0.600000,-0.600000,-0.999996,-0.600000,-0.648076,0.998769,-0.600000,-0.600000,-0.600000,0.600000,0.002771,-0.600000,0.316517,-0.600000,0.600000,-0.998436,-0.990523,0.999541,0.600000,0.998769,-0.600000,-0.636581,-0.002373
156,0,0,0,0,N,0,23,8,1,0.600000,0.600000,0.551206,-0.999557,1.000000,0.999961,-0.600000,-0.600000,-0.227882,-0.002610,-0.999008,0.510140,0.549968,-0.161655,-0.161655,-0.049096,0.683678,-0.999914,-0.921177,-0.600000,0.000999,0.049096,-0.243203,-0.636581,0.600000,-0.600000,0.562307,-0.600000,-0.600000,-0.997980,-0.903491,-0.600000,-0.600000,-0.243203,-0.600000,-0.997980,-0.208127,0.871894,0.920813,-0.000195,-0.005303,0.004544,-0.004544,-0.600000,-0.600000,0.998841,-0.600000,-0.600000,-0.600000,-0.600000,-0.600000,-0.999997,-0.600000,-0.648076,0.998841,-0.600000,-0.600000,-0.600000,0.600000,0.002610,-0.600000,0.316517,-0.600000,0.600000,-0.998527,-0.991071,0.999557,0.600000,0.998841,-0.600000,-0.636581,-0.002235
157,0,0,0,0,N,0,21,9,1,0.600000,0.600000,0.551206,-0.999583,1.000000,0.999963,-0.600000,-0.600000,-0.227882,-0.002458,-0.999066,0.510140,0.549968,-0.161655,-0.161655,-0.049096,0.683678,-0.999919,-0.921177,-0.600000,0.000940,0.049096,-0.243203,-0.636581,0.600000,-0.600000,0.562307,-0.600000,-0.600000,-0.998097,-0.903491,-0.600000,-0.600000,-0.243203,-0.600000,-0.998097,-0.208127,0.871894,0.920813,-0.000183,-0.004995,0.004280,-0.004280,-0.600000,-0.600000,0.998908,-0.600000,-0.600000,-0.600000,-0.600000,-0.600000,-0.999997,-0.600000,-0.648076,0.998908,-0.600000,-0.600000,-0.600000,0.600000,0.002458,-0.600000,0.316517,-0.600000,0.600000,-0.998613,-0.991588,0.999583,0.600000,0.998908,-0.600000,-0.636581,-0.002105
158,0,0,0,0,N,0,19,10,1,0.600000,0.600000,0.551206,-0.999607,1.000000,0.999965,-0.600000,-0.600000,-0.227882,-0.002315,-0.999120,0.510140,0.549968,-0.161655,-0.161655,-0.049096,0.683678,-0.999923,-0.921177,-0.600000,0.000885,0.049096,-0.243203,-0.636581,0.600000,-0.600000,0.562307,-0.600000,-0.600000,-0.998208,-0.903491,-0.600000,-0.600000,-0.243203,-0.600000,-0.998208,-0.208127,0.871894,0.920813,-0.000173,-0.004705,0.004031,-0.004031,-0.600000,-0.600000,0.998972,-0.600000,-0.600000,-0.600000,-0.600000,-0.600000,-0.999997,-0.600000,-0.648076,0.998972,-0.600000,-0.600000,-0.600000,0.600000,0.002315,-0.600000,0.316517,-0.600000,0.600000,-0.998694,-0.992075,0.999607,0.600000,0.998972,-0.600000,-0.636581,-0.001982
159,1,0,0,0,N,0,17,11,1,0.600000,0.600000,0.551206,-0.999630,1.000000,0.999967,-0.600000,-0.600000,-0.227882,-0.002180,-0.999171,0.510140,0.549968,-0.161655,-0.161655,-0.049096,0.683678,-0.999928,-0.921177,-0.600000,0.000834,0.049096,-0.243203,-0.636581,0.600000,-0.600000,0.562307,-0.600000,-0.600000,-0.998313,-0.903491,-0.600000,-0.600000,-0.243203,-0.600000,-0.998313,-0.208127,0.871894,0.920813,-0.000163,-0.004431,0.003796,-0.003796,-0.600000,-0.600000,0.999032,-0.600000,-0.600000,-0.600000,-0.600000,-0.600000,-0.999998,-0.600000,-0.648076,0.999032,-0.600000,-0.600000,-0.600000,0.600000,0.002180,-0.600000,0.316517,-0.600000,0.600000,-0.998770,-0.992534,0.999630,0.600000,0.999032,-0.600000,-0.636581,-0.001867
160,0,0,0,0,N,0,15,12,1,0.600000,0.600000,0.551206,-0.999652,1.000000,0.999968,-0.600000,-0.600000,-0.218337,-0.002137,-0.999188,0.510140,0.549968,-0.155639,-0.155639,-0.049096,0.683678,-0.999936,-0.924390,-0.600000,0.000785,0.049096,-0.234107,-0.636581,0.600000,-0.600000,0.562307,-0.600000,-0.600000,-0.998362,-0.899051,-0.600000,-0.600000,-0.234107,-0.600000,-0.998362,-0.217324,0.875214,0.924039,-0.000145,-0.004300,0.003684,-0.003684,-0.600000,-0.600000,0.999051,-0.600000,-0.600000,-0.600000,-0.600000,-0.600000,-0.999998,-0.600000,-0.648076,0.999051,-0.600000,-0.600000,-0.600000,0.600000,0.002137,-0.600000,0.305790,-0.600000,0.600000,-0.998788,-0.992348,0.999652,0.600000,0.999051,-0.600000,-0.636581,-0.001830
161,0,0,0,0,stay,1,29,12,1,0.600000,0.600000,0.551206,-0.999672,1.000000,0.999969,-0.600000,-0.600000,-0.217483,-0.002032,-0.999227,0.510140,0.549968,-0.153675,-0.153675,-0.049096,0.683678,-0.999940,-0.925434,-0.600000,0.000739,0.049096,-0.232317,-0.636581,0.600000,-0.600000,0.562307,-0.600000,-0.600000,-0.998435,-0.898142,-0.600000,-0.600000,-0.232317,-0.600000,-0.998435,-0.218175,0.876846,0.925088,-0.000136,-0.004112,0.003522,-0.003522,-0.600000,-0.600000,0.999097,-0.600000,-0.600000,-0.600000,-0.600000,-0.600000,-0.999998,-0.600000,-0.648076,0.999097,-0.600000,-0.600000,-0.600000,0.600000,0.002032,-0.600000,0.303670,-0.600000,0.600000,-0.998853,-0.992610,0.999672,0.600000,0.999097,-0.600000,-0.636581,-0.001740
162,0,0,0,0,N,0,27,13,1,0.600000,0.600000,0.551206,-0.999691,1.000000,0.999971,-0.600000,-0.600000,-0.217483,-0.001914,-0.999273,0.510140,0.549968,-0.153675,-0.153675,-0.049096,0.683678,-0.999943,-0.925434,-0.600000,0.000696,0.049096,-0.232317,-0.636581,0.600000,-0.600000,0.562307,-0.600000,-0.600000,-0.998526,-0.898142,-0.600000,-0.600000,-0.232317,-0.600000,-0.998526,-0.218175,0.876846,0.925088,-0.000128,-0.003872,0.003317,-0.003317,-0.600000,-0.600000,0.999150,-0.600000,-0.600000,-0.600000,-0.600000,-0.600000,-0.999998,-0.600000,-0.648076,0.999150,-0.600000,-0.600000,-0.600000,0.600000,0.001914,-0.600000,0.303670,-0.600000,0.600000,-0.998920,-0.993038,0.999691,0.600000,0.999150,-0.600000,-0.636581,-0.001639
163,0,0,0,1,N,0,25,14,1,0.600000,0.600000,0.551206,-0.999697,1.000000,0.999975,-0.600000,-0.600000,-0.217483,-0.001876,-0.999287,0.510140,0.549968,-0.153675,-0.153675,-0.044410,0.683678,-0.999944,-0.925434,-0.600000,0.000682,0.044410,-0.232317,-0.636581,0.600000,-0.600000,0.562307,-0.600000,-0.600000,-0.998541,-0.907372,-0.600000,-0.600000,-0.232317,-0.600000,-0.998541,-0.200770,0.877924,0.925088,-0.000125,-0.003834,0.003284,-0.003284,-0.600000,-0.600000,0.999167,-0.600000,-0.600000,-0.600000,-0.600000,-0.600000,-0.999998,-0.600000,-0.648076,0.999167,-0.600000,-0.600000,-0.600000,0.600000,0.001876,-0.600000,0.303670,-0.600000,0.600000,-0.998941,-0.993176,0.999697,0.600000,0.999167,-0.600000,-0.636581,-0.001606
164,1,0,0,0,E,0,23,13,1,0.600000,0.600000,0.548732,-0.999706,1.000000,0.999976,-0.600000,-0.600000,-0.217483,-0.001821,-0.999308,0.507641,0.547493,-0.153024,-0.153024,-0.043567,0.685838,-0.999946,-0.925779,-0.600000,0.000662,0.043567,-0.231425,-0.636581,0.600000,-0.600000,0.562307,-0.600000,-0.600000,-0.998569,-0.908627,-0.600000,-0.600000,-0.231425,-0.600000,-0.998569,-0.197575,0.878993,0.925434,-0.000122,-0.003758,0.003219,-0.003219,-0.600000,-0.600000,0.999192,-0.600000,-0.600000,-0.600000,-0.600000,-0.600000,-0.999998,-0.600000,-0.650355,0.999192,-0.600000,-0.600000,-0.600000,0.600000,0.001821,-0.600000,0.304727,-0.600000,0.600000,-0.998978,-0.993343,0.999706,0.600000,0.999192,-0.600000,-0.636581,-0.001559
165,0,0,0,0,N,0,21,14,1,0.600000,0.600000,0.548732,-0.999723,1.000000,0.999976,-0.600000,-0.600000,-0.208256,-0.001794,-0.999318,0.507641,0.547493,-0.146645,-0.146645,-0.043567,0.685838,-0.999952,-0.929150,-0.600000,0.000624,0.043567,-0.222639,-0.636581,0.600000,-0.600000,0.562307,-0.600000,-0.600000,-0.998612,-0.904399,-0.600000,-0.600000,-0.222639,-0.600000,-0.998612,-0.206427,0.882154,0.928819,-0.000108,-0.003647,0.003124,-0.003124,-0.600000,-0.600000,0.999204,-0.600000,-0.600000,-0.600000,-0.600000,-0.600000,-0.999998,-0.600000,-0.650355,0.999204,-0.600000,-0.600000,-0.600000,0.600000,0.001794,-0.600000,0.294228,-0.600000,0.600000,-0.998988,-0.993109,0.999723,0.600000,0.999204,-0.600000,-0.636581,-0.001536
166,0,0,0,0,stay,1,29,14,1,0.600000,0.600000,0.548732,-0.999739,1.000000,0.999977,-0.600000,-0.600000,-0.207431,-0.001706,-0.999352,0.507641,0.547493,-0.144774,-0.144774,-0.043567,0.685838,-0.999955,-0.930133,-0.600000,0.000587,0.043567,-0.220911,-0.636581,0.600000,-0.600000,0.562307,-0.600000,-0.600000,-0.998673,-0.903533,-0.600000,-0.600000,-0.220911,-0.600000,-0.998673,-0.207246,0.883708,0.929807,-0.000101,-0.003487,0.002987,-0.002987,-0.600000,-0.600000,0.999243,-0.600000,-0.600000,-0.600000,-0.600000,-0.600000,-0.999999,-0.600000,-0.650355,0.999243,-0.600000,-0.600000,-0.600000,0.600000,0.001706,-0.600000,0.292153,-0.600000,0.600000,-0.999042,-0.993345,0.999739,0.600000,0.999243,-0.600000,-0.636581,-0.001461
167,0,1,0,0,N,0,27,15,1,0.600000,0.600000,0.548732,-0.999755,1.000000,0.999979,-0.600000,-0.600000,-0.207431,-0.001607,-0.999390,0.507641,0.547493,-0.144774,-0.144774,-0.043567,0.685838,-0.999958,-0.930133,-0.600000,0.000553,0.043567,-0.220911,-0.636581,0.600000,-0.600000,0.562307,-0.600000,-0.600000,-0.998750,-0.903533,-0.600000,-0.600000,-0.220911,-0.600000,-0.998750,-0.207246,0.883708,0.929807,-0.000096,-0.003284,0.002813,-0.002813,-0.600000,-0.600000,0.999287,-0.600000,-0.600000,-0.600000,-0.600000,-0.600000,-0.999999,-0.600000,-0.650355,0.999287,-0.600000,-0.600000,-0.600000,0.600000,0.001607,-0.600000,0.292153,-0.600000,0.600000,-0.999098,-0.993731,0.999755,0.600000,0.999287,-0.600000,-0.636581,-0.001376
168,1,0,0,1,N,0,25,16,1,0.600000,0.600000,0.542535,-0.999761,1.000000,0.999981,-0.600000,-0.600000,-0.206609,-0.001575,-0.999402,0.502642,0.541293,-0.142924,-0.142924,-0.040152,0.690136,-0.999959,-0.931103,-0.600000,0.000539,0.040152,-0.218337,-0.636581,0.600000,-0.600000,0.562307,-0.600000,-0.600000,-0.998763,-0.909479,-0.600000,-0.600000,-0.218337,-0.600000,-0.998763,-0.194391,0.885243,0.930781,-0.000093,-0.003251,0.002785,-0.002785,-0.600000,-0.600000,0.999301,-0.600000,-0.600000,-0.600000,-0.600000,-0.600000,-0.999999,-0.600000,-0.656023,0.999301,-0.600000,-0.600000,-0.600000,0.600000,0.001575,-0.600000,0.293185,-0.600000,0.600000,-0.999125,-0.993763,0.999761,0.600000,0.999301,-0.600000,-0.636581,-0.001348
169,0,0,0,0,W,0,23,17,1,0.600000,0.600000,0.542535,-0.999772,1.000000,0.999981,-0.600000,-0.600000,-0.197726,-0.001567,-0.999405,0.500142,0.541293,-0.137490,-0.137490,-0.039959,0.692272,-0.999963,-0.933941,-0.600000,0.000513,0.039959,-0.210743,-0.636581,0.600000,-0.600000,0.562307,-0.600000,-0.600000,-0.998787,-0.906141,-0.600000,-0.600000,-0.210743,-0.600000,-0.998787,-0.202326,0.888262,0.933631,-0.000083,-0.003187,0.002730,-0.002730,-0.600000,-0.600000,0.999304,-0.600000,-0.600000,-0.600000,-0.600000,-0.600000,-0.999999,-0.600000,-0.656023,0.999304,-0.600000,-0.600000,-0.600000,0.600000,0.001567,-0.600000,0.285973,-0.600000,0.600000,-0.999120,-0.993511,0.999772,0.600000,0.999304,-0.600000,-0.636581,-0.001342
170,0,0,0,0,stay,1,29,17,1,0.600000,0.600000,0.542535,-0.999780,1.000000,0.999982,-0.600000,-0.600000,-0.196933,-0.001505,-0.999428,0.500142,0.541293,-0.135718,-0.135718,-0.039386,0.692272,-0.999964,-0.934862,-0.600000,0.000495,0.039386,-0.209082,-0.636581,0.600000,-0.600000,0.562307,-0.600000,-0.600000,-0.998829,-0.906569,-0.600000,-0.600000,-0.209082,-0.600000,-0.998829,-0.200712,0.888263,0.934556,-0.000080,-0.003078,0.002636,-0.002636,-0.600000,-0.600000,0.999332,-0.600000,-0.600000,-0.600000,-0.600000,-0.600000,-0.999999,-0.600000,-0.656023,0.999332,-0.600000,-0.600000,-0.600000,0.600000,0.001505,-0.600000,0.283934,-0.600000,0.600000,-0.999159,-0.993671,0.999780,0.600000,0.999332,-0.600000,-0.636581,-0.001289
171,0,1,0,0,N,0,27,18,1,0.600000,0.600000,0.542535,-0.999793,1.000000,0.999983,-0.600000,-0.600000,-0.196933,-0.001418,-0.999461,0.500142,0.541293,-0.135718,-0.135718,-0.039386,0.692272,-0.999967,-0.934862,-0.600000,0.000466,0.039386,-0.209082,-0.636581,0.600000,-0.600000,0.562307,-0.600000,-0.600000,-0.998897,-0.906569,-0.600000,-0.600000,-0.209082,-0.600000,-0.998897,-0.200712,0.888263,0.934556,-0.000075,-0.002898,0.002483,-0.002483,-0.600000,-0.600000,0.999371,-0.600000,-0.600000,-0.600000,-0.600000,-0.600000,-0.999999,-0.600000,-0.656023,0.999371,-0.600000,-0.600000,-0.600000,0.600000,0.001418,-0.600000,0.283934,-0.600000,0.600000,-0.999208,-0.994038,0.999793,0.600000,0.999371,-0.600000,-0.636581,-0.001214
172,0,0,0,1,N,0,25,19,1,0.600000,0.600000,0.542535,-0.999795,1.000000,0.999985,-0.600000,-0.600000,-0.196933,-0.001396,-0.999469,0.500142,0.541293,-0.135718,-0.135718,-0.035592,0.692272,-0.999967,-0.934862,-0.600000,0.000462,0.035592,-0.209082,-0.636581,0.600000,-0.600000,0.562307,-0.600000,-0.600000,-0.998914,-0.915108,-0.600000,-0.600000,-0.209082,-0.600000,-0.998914,-0.184371,0.887767,0.934556,-0.000075,-0.002855,0.002446,-0.002446,-0.600000,-0.600000,0.999380,-0.600000,-0.600000,-0.600000,-0.600000,-0.600000,-0.999999,-0.600000,-0.656023,0.999380,-0.600000,-0.600000,-0.600000,0.600000,0.001396,-0.600000,0.283934,-0.600000,0.600000,-0.999220,-0.994126,0.999795,0.600000,0.999380,-0.600000,-0.636581,-0.001196
173,0,1,1,0,E,0,23,18,1,0.600000,0.600000,0.542535,-0.999805,1.000000,0.999986,-0.600000,-0.600000,-0.196933,-0.001335,-0.999493,0.500142,0.541293,-0.129383,-0.129383,-0.035420,0.692272,-0.999969,-0.938139,-0.600000,0.000439,0.035420,-0.209082,-0.636581,0.600000,-0.600000,0.562307,-0.600000,-0.600000,-0.998925,-0.915497,-0.600000,-0.600000,-0.209082,-0.600000,-0.998925,-0.183619,0.891699,0.937848,-0.000071,-0.002827,0.002421,-0.002421,-0.600000,-0.600000,0.999407,-0.600000,-0.600000,-0.600000,-0.600000,-0.600000,-0.999999,-0.600000,-0.656023,0.999407,-0.600000,-0.600000,-0.600000,0.600000,0.001335,-0.600000,0.283934,-0.600000,0.600000,-0.999254,-0.994068,0.999805,0.600000,0.999407,-0.600000,-0.636581,-0.001143
174,1,1,0,0,N,0,21,19,1,0.600000,0.600000,0.542535,-0.999817,1.000000,0.999987,-0.600000,-0.600000,-0.196933,-0.001257,-0.999522,0.500142,0.541293,-0.128820,-0.128820,-0.035420,0.692272,-0.999970,-0.938430,-0.600000,0.000413,0.035420,-0.209082,-0.636581,0.600000,-0.600000,0.562307,-0.600000,-0.600000,-0.998977,-0.915497,-0.600000,-0.600000,-0.209082,-0.600000,-0.998977,-0.183619,0.892663,0.938139,-0.000067,-0.002689,0.002303,-0.002303,-0.600000,-0.600000,0.999442,-0.600000,-0.600000,-0.600000,-0.600000,-0.600000,-0.999999,-0.600000,-0.656023,0.999442,-0.600000,-0.600000,-0.600000,0.600000,0.001257,-0.600000,0.283934,-0.600000,0.600000,-0.999298,-0.994384,0.999817,0.600000,0.999442,-0.600000,-0.636581,-0.001076
175,0,0,0,0,N,0,19,20,1,0.600000,0.600000,0.542535,-0.999827,1.000000,0.999987,-0.600000,-0.600000,-0.188366,-0.001238,-0.999530,0.500142,0.541293,-0.123302,-0.123302,-0.035420,0.692272,-0.999974,-0.941262,-0.600000,0.000389,0.035420,-0.200923,-0.636581,0.600000,-0.600000,0.562307,-0.600000,-0.600000,-0.999002,-0.911555,-0.600000,-0.600000,-0.200923,-0.600000,-0.999002,-0.191994,0.895977,0.940984,-0.000060,-0.002623,0.002246,-0.002246,-0.600000,-0.600000,0.999450,-0.600000,-0.600000,-0.600000,-0.600000,-0.600000,-0.999999,-0.600000,-0.656023,0.999450,-0.600000,-0.600000,-0.600000,0.600000,0.001238,-0.600000,0.273868,-0.600000,0.600000,-0.999305,-0.994186,0.999827,0.600000,0.999450,-0.600000,-0.636581,-0.001060
176,0,0,0,0,stay,1,29,20,1,0.600000,0.600000,0.542535,-0.999834,1.000000,0.999988,-0.600000,-0.600000,-0.187602,-0.001190,-0.999548,0.500142,0.541293,-0.121686,-0.121686,-0.034742,0.692272,-0.999975,-0.942088,-0.600000,0.000374,0.034742,-0.199319,-0.636581,0.600000,-0.600000,0.562307,-0.600000,-0.600000,-0.999027,-0.912363,-0.600000,-0.600000,-0.199319,-0.600000,-0.999027,-0.189672,0.897371,0.941814,-0.000057,-0.002558,0.002191,-0.002191,-0.600000,-0.600000,0.999472,-0.600000,-0.600000,-0.600000,-0.600000,-0.600000,-0.999999,-0.600000,-0.656023,0.999472,-0.600000,-0.600000,-0.600000,0.600000,0.001190,-0.600000,0.271881,-0.600000,0.600000,-0.999336,-0.994330,0.999834,0.600000,0.999472,-0.600000,-0.636581,-0.001019
177,0,1,0,0,N,0,27,21,1,0.600000,0.600000,0.542535,-0.999843,1.000000,0.999988,-0.600000,-0.600000,-0.187602,-0.001126,-0.999572,0.500142,0.541293,-0.121686,-0.121686,-0.034742,0.692272,-0.999976,-0.942088,-0.600000,0.000354,0.034742,-0.199319,-0.636581,0.600000,-0.600000,0.562307,-0.600000,-0.600000,-0.999075,-0.912363,-0.600000,-0.600000,-0.199319,-0.600000,-0.999075,-0.189672,0.897832,0.941814,-0.000054,-0.002433,0.002084,-0.002084,-0.600000,-0.600000,0.999500,-0.600000,-0.600000,-0.600000,-0.600000,-0.600000,-0.999999,-0.600000,-0.656023,0.999500,-0.600000,-0.600000,-0.600000,0.600000,0.001126,-0.600000,0.271881,-0.600000,0.600000,-0.999371,-0.994632,0.999843,0.600000,0.999500,-0.600000,-0.636581,-0.000964
178,0,1,0,0,N,0,25,22,1,0.600000,0.600000,0.542535,-0.999852,1.000000,0.999989,-0.600000,-0.600000,-0.187602,-0.001060,-0.999597,0.500142,0.541293,-0.121686,-0.121686,-0.034742,0.692272,-0.999977,-0.942088,-0.600000,0.000333,0.034742,-0.199319,-0.636581,0.600000,-0.600000,0.562307,-0.600000,-0.600000,-0.999129,-0.912363,-0.600000,-0.600000,-0.199319,-0.600000,-0.999129,-0.189672,0.897832,0.941814,-0.000051,-0.002291,0.001963,-0.001963,-0.600000,-0.600000,0.999529,-0.600000,-0.600000,-0.600000,-0.600000,-0.600000,-0.999999,-0.600000,-0.656023,0.999529,-0.600000,-0.600000,-0.600000,0.600000,0.001060,-0.600000,0.271881,-0.600000,0.600000,-0.999408,-0.994944,0.999852,0.600000,0.999529,-0.600000,-0.636581,-0.000908
179,0,0,0,0,N,0,23,23,1,0.600000,0.600000,0.542535,-0.999861,1.000000,0.999990,-0.600000,-0.600000,-0.187602,-0.000999,-0.999621,0.500142,0.541293,-0.121686,-0.121686,-0.034742,0.692272,-0.999979,-0.942088,-0.600000,0.000314,0.034742,-0.199319,-0.636581,0.600000,-0.600000,0.562307,-0.600000,-0.600000,-0.999179,-0.912363,-0.600000,-0.600000,-0.199319,-0.600000,-0.999179,-0.189672,0.897832,0.941814,-0.000048,-0.002158,0.001848,-0.001848,-0.600000,-0.600000,0.999557,-0.600000,-0.600000,-0.600000,-0.600000,-0.600000,-0.999999,-0.600000,-0.656023,0.999557,-0.600000,-0.600000,-0.600000,0.600000,0.000999,-0.600000,0.271881,-0.600000,0.600000,-0.999442,-0.995238,0.999861,0.600000,0.999557,-0.600000,-0.636581,-0.000855
180,1,1,0,1,N,0,21,24,1,0.600000,0.600000,0.542535,-0.999872,1.000000,0.999991,-0.600000,-0.600000,-0.187602,-0.000917,-0.999652,0.500142,0.541293,-0.121686,-0.121686,-0.032151,0.692272,-0.999981,-0.942088,-0.600000,0.000288,0.032151,-0.199319,-0.636581,0.600000,-0.600000,0.562307,-0.600000,-0.600000,-0.999192,-0.918565,-0.600000,-0.600000,-0.199319,-0.600000,-0.999192,-0.177662,0.904088,0.941814,-0.000044,-0.002126,0.001821,-0.001821,-0.600000,-0.600000,0.999593,-0.600000,-0.600000,-0.600000,-0.600000,-0.600000,-1.000000,-0.600000,-0.656023,0.999593,-0.600000,-0.600000,-0.600000,0.600000,0.000917,-0.600000,0.271881,-0.600000,0.600000,-0.999488,-0.995625,0.999872,0.600000,0.999593,-0.600000,-0.636581,-0.000785
181,0,1,0,0,N,0,19,25,1,0.600000,0.600000,0.542535,-0.999880,1.000000,0.999991,-0.600000,-0.600000,-0.180088,-0.000899,-0.999659,0.500142,0.541293,-0.116949,-0.116949,-0.031995,0.692272,-0.999983,-0.944500,-0.600000,0.000271,0.031995,-0.192224,-0.636581,0.600000,-0.600000,0.562307,-0.600000,-0.600000,-0.999212,-0.915530,-0.600000,-0.600000,-0.192224,-0.600000,-0.999212,-0.184319,0.907087,0.944237,-0.000039,-0.002073,0.001776,-0.001776,-0.600000,-0.600000,0.999601,-0.600000,-0.600000,-0.600000,-0.600000,-0.600000,-1.000000,-0.600000,-0.656023,0.999601,-0.600000,-0.600000,-0.600000,0.600000,0.000899,-0.600000,0.263055,-0.600000,0.600000,-0.999496,-0.995515,0.999880,0.600000,0.999601,-0.600000,-0.636581,-0.000770
182,0,1,0,0,stay,1,29,25,1,0.600000,0.600000,0.542535,-0.999887,1.000000,0.999992,-0.600000,-0.600000,-0.179350,-0.000855,-0.999675,0.500142,0.541293,-0.115406,-0.115406,-0.031995,0.692272,-0.999984,-0.945283,-0.600000,0.000256,0.031995,-0.190674,-0.636581,0.600000,-0.600000,0.562307,-0.600000,-0.600000,-0.999250,-0.914755,-0.600000,-0.600000,-0.190674,-0.600000,-0.999250,-0.185071,0.907928,0.945023,-0.000037,-0.001972,0.001689,-0.001689,-0.600000,-0.600000,0.999621,-0.600000,-0.600000,-0.600000,-0.600000,-0.600000,-1.000000,-0.600000,-0.656023,0.999621,-0.600000,-0.600000,-0.600000,0.600000,0.000855,-0.600000,0.261118,-0.600000,0.600000,-0.999523,-0.995670,0.999887,0.600000,0.999621,-0.600000,-0.636581,-0.000732
183,1,0,0,0,N,0,27,26,1,0.600000,0.600000,0.542535,-0.999893,1.000000,0.999992,-0.600000,-0.600000,-0.179350,-0.000805,-0.999694,0.500142,0.541293,-0.115406,-0.115406,-0.031995,0.692272,-0.999985,-0.945283,-0.600000,0.000241,0.031995,-0.190674,-0.636581,0.600000,-0.600000,0.562307,-0.600000,-0.600000,-0.999294,-0.914755,-0.600000,-0.600000,-0.190674,-0.600000,-0.999294,-0.185071,0.907928,0.945023,-0.000035,-0.001857,0.001591,-0.001591,-0.600000,-0.600000,0.999643,-0.600000,-0.600000,-0.600000,-0.600000,-0.600000,-1.000000,-0.600000,-0.656023,0.999643,-0.600000,-0.600000,-0.600000,0.600000,0.000805,-0.600000,0.261118,-0.600000,0.600000,-0.999551,-0.995921,0.999893,0.600000,0.999643,-0.600000,-0.636581,-0.000689
184,0,0,0,1,N,0,25,27,1,0.600000,0.600000,0.542535,-0.999899,1.000000,0.999992,-0.600000,-0.600000,-0.171385,-0.000797,-0.999697,0.500142,0.541293,-0.110390,-0.110390,-0.031840,0.692272,-0.999986,-0.947817,-0.600000,0.000227,0.031840,-0.183065,-0.636581,0.600000,-0.600000,0.562307,-0.600000,-0.600000,-0.999304,-0.911189,-0.600000,-0.600000,-0.183065,-0.600000,-0.999304,-0.192718,0.911629,0.947569,-0.000031,-0.001830,0.001567,-0.001567,-0.600000,-0.600000,0.999646,-0.600000,-0.600000,-0.600000,-0.600000,-0.600000,-1.000000,-0.600000,-0.656023,0.999646,-0.600000,-0.600000,-0.600000,0.600000,0.000797,-0.600000,0.251576,-0.600000,0.600000,-0.999553,-0.995756,0.999899,0.600000,0.999646,-0.600000,-0.636581,-0.000682
185,0,0,0,1,stay,1,29,27,1,0.600000,0.600000,0.542535,-0.999901,1.000000,0.999993,-0.600000,-0.600000,-0.170675,-0.000785,-0.999702,0.500142,0.541293,-0.108922,-0.108922,-0.029174,0.692272,-0.999987,-0.948556,-0.600000,0.000222,0.029174,-0.181572,-0.636581,0.600000,-0.600000,0.562307,-0.600000,-0.600000,-0.999311,-0.917469,-0.600000,-0.600000,-0.181572,-0.600000,-0.999311,-0.179817,0.912434,0.948311,-0.000030,-0.001811,0.001551,-0.001551,-0.600000,-0.600000,0.999652,-0.600000,-0.600000,-0.600000,-0.600000,-0.600000,-1.000000,-0.600000,-0.656023,0.999652,-0.600000,-0.600000,-0.600000,0.600000,0.000785,-0.600000,0.249695,-0.600000,0.600000,-0.999562,-0.995756,0.999901,0.600000,0.999652,-0.600000,-0.636581,-0.000672
186,0,0,0,1,stay,0,28,27,1,0.600000,0.600000,0.542535,-0.999901,1.000000,0.999994,-0.600000,-0.600000,-0.170675,-0.000785,-0.999702,0.500142,0.541293,-0.108922,-0.108922,-0.026208,0.692272,-0.999987,-0.948556,-0.600000,0.000222,0.026208,-0.181572,-0.636581,0.600000,-0.600000,0.562307,-0.600000,-0.600000,-0.999311,-0.925441,-0.600000,-0.600000,-0.181572,-0.600000,-0.999311,-0.164136,0.912434,0.948311,-0.000030,-0.001811,0.001551,-0.001551,-0.600000,-0.600000,0.999652,-0.600000,-0.600000,-0.600000,-0.600000,-0.600000,-1.000000,-0.600000,-0.656023,0.999652,-0.600000,-0.600000,-0.600000,0.600000,0.000785,-0.600000,0.249695,-0.600000,0.600000,-0.999562,-0.995756,0.999901,0.600000,0.999652,-0.600000,-0.636581,-0.000672
187,0,0,0,0,S,0,26,26,1,0.600000,0.600000,0.542535,-0.999905,1.000000,0.999994,-0.600000,-0.600000,-0.170675,-0.000747,-0.999716,0.500142,0.541293,-0.108922,-0.108922,-0.025827,0.692272,-0.999987,-0.948556,-0.600000,0.000213,0.025827,-0.181572,-0.636581,0.600000,-0.600000,0.562307,-0.600000,-0.600000,-0.999335,-0.926472,-0.600000,-0.600000,-0.181572,-0.600000,-0.999335,-0.162085,0.912834,0.948311,-0.000029,-0.001749,0.001498,-0.001498,-0.600000,-0.600000,0.999669,-0.600000,-0.600000,-0.600000,-0.600000,-0.600000,-1.000000,-0.600000,-0.656023,0.999669,-0.600000,-0.600000,-0.600000,0.600000,0.000747,-0.600000,0.249695,-0.600000,0.600000,-0.999583,-0.995963,0.999905,0.600000,0.999669,-0.600000,-0.636581,-0.000639
188,0,0,0,1,N,0,24,27,1,0.600000,0.600000,0.542535,-0.999906,1.000000,0.999995,-0.600000,-0.600000,-0.170675,-0.000736,-0.999721,0.500142,0.541293,-0.108922,-0.108922,-0.023307,0.692272,-0.999987,-0.948556,-0.600000,0.000211,0.023307,-0.181572,-0.636581,0.600000,-0.600000,0.562307,-0.600000,-0.600000,-0.999345,-0.933326,-0.600000,-0.600000,-0.181572,-0.600000,-0.999345,-0.148302,0.912436,0.948311,-0.000029,-0.001723,0.001476,-0.001476,-0.600000,-0.600000,0.999674,-0.600000,-0.600000,-0.600000,-0.600000,-0.600000,-1.000000,-0.600000,-0.656023,0.999674,-0.600000,-0.600000,-0.600000,0.600000,0.000736,-0.600000,0.249695,-0.600000,0.600000,-0.999589,-0.996023,0.999906,0.600000,0.999674,-0.600000,-0.636581,-0.000630
189,0,0,0,0,E,0,22,26,1,0.600000,0.600000,0.542535,-0.999910,1.000000,0.999995,-0.600000,-0.600000,-0.170675,-0.000700,-0.999734,0.500142,0.541293,-0.108922,-0.108922,-0.023080,0.692272,-0.999988,-0.948556,-0.600000,0.000203,0.023080,-0.181572,-0.636581,0.600000,-0.600000,0.562307,-0.600000,-0.600000,-0.999371,-0.933947,-0.600000,-0.600000,-0.181572,-0.600000,-0.999371,-0.147041,0.912436,0.948311,-0.000028,-0.001655,0.001418,-0.001418,-0.600000,-0.600000,0.999690,-0.600000,-0.600000,-0.600000,-0.600000,-0.600000,-1.000000,-0.600000,-0.656023,0.999690,-0.600000,-0.600000,-0.600000,0.600000,0.000700,-0.600000,0.249695,-0.600000,0.600000,-0.999609,-0.996217,0.999910,0.600000,0.999690,-0.600000,-0.636581,-0.000599
190,0,0,0,0,N,0,20,27,1,0.600000,0.600000,0.542535,-0.999915,1.000000,0.999995,-0.600000,-0.600000,-0.170675,-0.000659,-0.999750,0.500142,0.541293,-0.108922,-0.108922,-0.023080,0.692272,-0.999989,-0.948556,-0.600000,0.000191,0.023080,-0.181572,-0.636581,0.600000,-0.600000,0.562307,-0.600000,-0.600000,-0.999407,-0.933947,-0.600000,-0.600000,-0.181572,-0.600000,-0.999407,-0.147041,0.912436,0.948311,-0.000026,-0.001559,0.001335,-0.001335,-0.600000,-0.600000,0.999708,-0.600000,-0.600000,-0.600000,-0.600000,-0.600000,-1.000000,-0.600000,-0.656023,0.999708,-0.600000,-0.600000,-0.600000,0.600000,0.000659,-0.600000,0.249695,-0.600000,0.600000,-0.999632,-0.996437,0.999915,0.600000,0.999708,-0.600000,-0.636581,-0.000564
191,0,0,0,0,N,0,18,28,1,0.600000,0.600000,0.542535,-0.999920,1.000000,0.999996,-0.600000,-0.600000,-0.170675,-0.000620,-0.999764,0.500142,0.541293,-0.108922,-0.108922,-0.023080,0.692272,-0.999989,-0.948556,-0.600000,0.000180,0.023080,-0.181572,-0.636581,0.600000,-0.600000,0.562307,-0.600000,-0.600000,-0.999442,-0.933947,-0.600000,-0.600000,-0.181572,-0.600000,-0.999442,-0.147041,0.912436,0.948311,-0.000024,-0.001468,0.001257,-0.001257,-0.600000,-0.600000,0.999725,-0.600000,-0.600000,-0.600000,-0.600000,-0.600000,-1.000000,-0.600000,-0.656023,0.999725,-0.600000,-0.600000,-0.600000,0.600000,0.000620,-0.600000,0.249695,-0.600000,0.600000,-0.999654,-0.996644,0.999920,0.600000,0.999725,-0.600000,-0.636581,-0.000531
192,0,0,0,0,N,0,16,29,1,0.600000,0.600000,0.542535,-0.999925,1.000000,0.999996,-0.600000,-0.600000,-0.170675,-0.000584,-0.999778,0.500142,0.541293,-0.108922,-0.108922,-0.023080,0.692272,-0.999990,-0.948556,-0.600000,0.000169,0.023080,-0.181572,-0.636581,0.600000,-0.600000,0.562307,-0.600000,-0.600000,-0.999475,-0.933947,-0.600000,-0.600000,-0.181572,-0.600000,-0.999475,-0.147041,0.912436,0.948311,-0.000023,-0.001382,0.001184,-0.001184,-0.600000,-0.600000,0.999741,-0.600000,-0.600000,-0.600000,-0.600000,-0.600000,-1.000000,-0.600000,-0.656023,0.999741,-0.600000,-0.600000,-0.600000,0.600000,0.000584,-0.600000,0.249695,-0.600000,0.600000,-0.999674,-0.996839,0.999925,0.600000,0.999741,-0.600000,-0.636581,-0.000500
193,0,1,0,0,N,0,14,30,1,0.600000,0.600000,0.542535,-0.999929,1.000000,0.999996,-0.600000,-0.600000,-0.170675,-0.000550,-0.999791,0.500142,0.541293,-0.108922,-0.108922,-0.023080,0.692272,-0.999990,-0.948556,-0.600000,0.000160,0.023080,-0.181572,-0.636581,0.600000,-0.600000,0.562307,-0.600000,-0.600000,-0.999505,-0.933947,-0.600000,-0.600000,-0.181572,-0.600000,-0.999505,-0.147041,0.912436,0.948311,-0.000022,-0.001302,0.001115,-0.001115,-0.600000,-0.600000,0.999756,-0.600000,-0.600000,-0.600000,-0.600000,-0.600000,-1.000000,-0.600000,-0.656023,0.999756,-0.600000,-0.600000,-0.600000,0.600000,0.000550,-0.600000,0.249695,-0.600000,0.600000,-0.999693,-0.997023,0.999929,0.600000,0.999756,-0.600000,-0.636581,-0.000471
194,0,0,0,0,S,0,12,28,1,0.600000,0.600000,0.542535,-0.999933,1.000000,0.999996,-0.600000,-0.600000,-0.170675,-0.000518,-0.999803,0.500142,0.541293,-0.108922,-0.108922,-0.023080,0.692272,-0.999991,-0.948556,-0.600000,0.000150,0.023080,-0.181572,-0.636581,0.600000,-0.600000,0.562307,-0.600000,-0.600000,-0.999534,-0.933947,-0.600000,-0.600000,-0.181572,-0.600000,-0.999534,-0.147041,0.912436,0.948311,-0.000020,-0.001226,0.001050,-0.001050,-0.600000,-0.600000,0.999770,-0.600000,-0.600000,-0.600000,-0.600000,-0.600000,-1.000000,-0.600000,-0.656023,0.999770,-0.600000,-0.600000,-0.600000,0.600000,0.000518,-0.600000,0.249695,-0.600000,0.600000,-0.999711,-0.997197,0.999933,0.600000,0.999770,-0.600000,-0.636581,-0.000444
195,0,0,0,0,N,0,10,27,1,0.600000,0.600000,0.542535,-0.999937,1.000000,0.999997,-0.600000,-0.600000,-0.170675,-0.000488,-0.999815,0.500142,0.541293,-0.108922,-0.108922,-0.023080,0.692272,-0.999991,-0.948556,-0.600000,0.000141,0.023080,-0.181572,-0.636581,0.600000,-0.600000,0.562307,-0.600000,-0.600000,-0.999561,-0.933947,-0.600000,-0.600000,-0.181572,-0.600000,-0.999561,-0.147041,0.912436,0.948311,-0.000019,-0.001154,0.000989,-0.000989,-0.600000,-0.600000,0.999784,-0.600000,-0.600000,-0.600000,-0.600000,-0.600000,-1.000000,-0.600000,-0.656023,0.999784,-0.600000,-0.600000,-0.600000,0.600000,0.000488,-0.600000,0.249695,-0.600000,0.600000,-0.999728,-0.997360,0.999937,0.600000,0.999784,-0.600000,-0.636581,-0.000418
196,0,0,0,1,N,0,8,26,1,0.600000,0.600000,0.542535,-0.999938,1.000000,0.999997,-0.600000,-0.600000,-0.170675,-0.000483,-0.999817,0.500142,0.541293,-0.108922,-0.108922,-0.020822,0.692272,-0.999992,-0.948556,-0.600000,0.000140,0.020822,-0.181572,-0.636581,0.600000,-0.600000,0.562307,-0.600000,-0.600000,-0.999568,-0.940150,-0.600000,-0.600000,-0.181572,-0.600000,-0.999568,-0.134332,0.912036,0.948311,-0.000019,-0.001137,0.000974,-0.000974,-0.600000,-0.600000,0.999786,-0.600000,-0.600000,-0.600000,-0.600000,-0.600000,-1.000000,-0.600000,-0.656023,0.999786,-0.600000,-0.600000,-0.600000,0.600000,0.000483,-0.600000,0.249695,-0.600000,0.600000,-0.999730,-0.997386,0.999938,0.600000,0.999786,-0.600000,-0.636581,-0.000413
197,0,0,0,1,stay,0,7,26,1,0.600000,0.600000,0.542535,-0.999938,1.000000,0.999997,-0.600000,-0.600000,-0.170675,-0.000483,-0.999817,0.500142,0.541293,-0.108922,-0.108922,-0.018689,0.692272,-0.999992,-0.948556,-0.600000,0.000140,0.018689,-0.181572,-0.636581,0.600000,-0.600000,0.562307,-0.600000,-0.600000,-0.999568,-0.946060,-0.600000,-0.600000,-0.181572,-0.600000,-0.999568,-0.122025,0.912036,0.948311,-0.000019,-0.001137,0.000974,-0.000974,-0.600000,-0.600000,0.999786,-0.600000,-0.600000,-0.600000,-0.600000,-0.600000,-1.000000,-0.600000,-0.656023,0.999786,-0.600000,-0.600000,-0.600000,0.600000,0.000483,-0.600000,0.249695,-0.600000,0.600000,-0.999730,-0.997386,0.999938,0.600000,0.999786,-0.600000,-0.636581,-0.000413
198,1,0,0,0,E,0,5,25,1,0.600000,0.600000,0.541294,-0.999940,1.000000,0.999997,-0.600000,-0.600000,-0.170675,-0.000466,-0.999823,0.498892,0.540052,-0.108437,-0.108437,-0.018506,0.693337,-0.999992,-0.948800,-0.600000,0.000135,0.018506,-0.180829,-0.636581,0.600000,-0.600000,0.562307,-0.600000,-0.600000,-0.999581,-0.946315,-0.600000,-0.600000,-0.180829,-0.600000,-0.999581,-0.120956,0.912438,0.948556,-0.000018,-0.001104,0.000945,-0.000945,-0.600000,-0.600000,0.999793,-0.600000,-0.600000,-0.600000,-0.600000,-0.600000,-1.000000,-0.600000,-0.657151,0.999793,-0.600000,-0.600000,-0.600000,0.600000,0.000466,-0.600000,0.249695,-0.600000,0.600000,-0.999741,-0.997463,0.999940,0.600000,0.999793,-0.600000,-0.636581,-0.000399
199,0,0,0,0,N,0,3,24,1,0.600000,0.600000,0.541294,-0.999944,1.000000,0.999997,-0.600000,-0.600000,-0.163018,-0.000459,-0.999826,0.498892,0.540052,-0.103688,-0.103688,-0.018506,0.693337,-0.999993,-0.951180,-0.600000,0.000127,0.018506,-0.173529,-0.636581,0.600000,-0.600000,0.562307,-0.600000,-0.600000,-0.999589,-0.943724,-0.600000,-0.600000,-0.173529,-0.600000,-0.999589,-0.126915,0.915588,0.950947,-0.000016,-0.001082,0.000926,-0.000926,-0.600000,-0.600000,0.999796,-0.600000,-0.600000,-0.600000,-0.600000,-0.600000,-1.000000,-0.600000,-0.657151,0.999796,-0.600000,-0.600000,-0.600000,0.600000,0.000459,-0.600000,0.240434,-0.600000,0.600000,-0.999744,-0.997374,0.999944,0.600000,0.999796,-0.600000,-0.636581,-0.000393
200,0,0,0,0,stay,1,29,24,1,0.600000,0.600000,0.541294,-0.999947,1.000000,0.999998,-0.600000,-0.600000,-0.162335,-0.000439,-0.999833,0.498892,0.540052,-0.102299,-0.102299,-0.018506,0.693337,-0.999993,-0.951874,-0.600000,0.000120,0.018506,-0.172097,-0.636581,0.600000,-0.600000,0.562307,-0.600000,-0.600000,-0.999609,-0.943191,-0.600000,-0.600000,-0.172097,-0.600000,-0.999609,-0.127469,0.916359,0.951644,-0.000015,-0.001029,0.000881,-0.000881,-0.600000,-0.600000,0.999805,-0.600000,-0.600000,-0.600000,-0.600000,-0.600000,-1.000000,-0.600000,-0.657151,0.999805,-0.600000,-0.600000,-0.600000,0.600000,0.000439,-0.600000,0.238610,-0.600000,0.600000,-0.999756,-0.997452,0.999947,0.600000,0.999805,-0.600000,-0.636581,-0.000376
201,0,0,0,0,N,0,27,23,1,0.600000,0.600000,0.541294,-0.999950,1.000000,0.999998,-0.600000,-0.600000,-0.162335,-0.000413,-0.999843,0.498892,0.540052,-0.102299,-0.102299,-0.018506,0.693337,-0.999994,-0.951874,-0.600000,0.000113,0.018506,-0.172097,-0.636581,0.600000,-0.600000,0.562307,-0.600000,-0.600000,-0.999632,-0.943191,-0.600000,-0.600000,-0.172097,-0.600000,-0.999632,-0.127469,0.916359,0.951644,-0.000014,-0.000969,0.000830,-0.000830,-0.600000,-0.600000,0.999817,-0.600000,-0.600000,-0.600000,-0.600000,-0.600000,-1.000000,-0.600000,-0.657151,0.999817,-0.600000,-0.600000,-0.600000,0.600000,0.000413,-0.600000,0.238610,-0.600000,0.600000,-0.999770,-0.997600,0.999950,0.600000,0.999817,-0.600000,-0.636581,-0.000354
202,0,0,0,0,N,0,25,22,1,0.600000,0.600000,0.541294,-0.999953,1.000000,0.999998,-0.600000,-0.600000,-0.162335,-0.000389,-0.999852,0.498892,0.540052,-0.102299,-0.102299,-0.018506,0.693337,-0.999994,-0.951874,-0.600000,0.000106,0.018506,-0.172097,-0.636581,0.600000,-0.600000,0.562307,-0.600000,-0.600000,-0.999653,-0.943191,-0.600000,-0.600000,-0.172097,-0.600000,-0.999653,-0.127469,0.916359,0.951644,-0.000014,-0.000912,0.000781,-0.000781,-0.600000,-0.600000,0.999827,-0.600000,-0.600000,-0.600000,-0.600000,-0.600000,-1.000000,-0.600000,-0.657151,0.999827,-0.600000,-0.600000,-0.600000,0.600000,0.000389,-0.600000,0.238610,-0.600000,0.600000,-0.999784,-0.997740,0.999953,0.600000,0.999827,-0.600000,-0.636581,-0.000333
203,0,1,0,0,N,0,23,21,1,0.600000,0.600000,0.541294,-0.999956,1.000000,0.999998,-0.600000,-0.600000,-0.162335,-0.000367,-0.999861,0.498892,0.540052,-0.102299,-0.102299,-0.018506,0.693337,-0.999994,-0.951874,-0.600000,0.000100,0.018506,-0.172097,-0.636581,0.600000,-0.600000,0.562307,-0.600000,-0.600000,-0.999674,-0.943191,-0.600000,-0.600000,-0.172097,-0.600000,-0.999674,-0.127469,0.916359,0.951644,-0.000013,-0.000859,0.000736,-0.000736,-0.600000,-0.600000,0.999837,-0.600000,-0.600000,-0.600000,-0.600000,-0.600000,-1.000000,-0.600000,-0.657151,0.999837,-0.600000,-0.600000,-0.600000,0.600000,0.000367,-0.600000,0.238610,-0.600000,0.600000,-0.999796,-0.997871,0.999956,0.600000,0.999837,-0.600000,-0.636581,-0.000314
204,0,0,0,0,N,0,21,20,1,0.600000,0.600000,0.541294,-0.999958,1.000000,0.999998,-0.600000,-0.600000,-0.162335,-0.000345,-0.999869,0.498892,0.540052,-0.102299,-0.102299,-0.018506,0.693337,-0.999995,-0.951874,-0.600000,0.000094,0.018506,-0.172097,-0.636581,0.600000,-0.600000,0.562307,-0.600000,-0.600000,-0.999693,-0.943191,-0.600000,-0.600000,-0.172097,-0.600000,-0.999693,-0.127469,0.916359,0.951644,-0.000012,-0.000809,0.000693,-0.000693,-0.600000,-0.600000,0.999847,-0.600000,-0.600000,-0.600000,-0.600000,-0.600000,-1.000000,-0.600000,-0.657151,0.999847,-0.600000,-0.600000,-0.600000,0.600000,0.000345,-0.600000,0.238610,-0.600000,0.600000,-0.999808,-0.997995,0.999958,0.600000,0.999847,-0.600000,-0.636581,-0.000296
205,0,0,0,0,N,0,19,19,1,0.600000,0.600000,0.541294,-0.999961,1.000000,0.999998,-0.600000,-0.600000,-0.162335,-0.000325,-0.999877,0.498892,0.540052,-0.102299,-0.102299,-0.018506,0.693337,-0.999995,-0.951874,-0.600000,0.000089,0.018506,-0.172097,-0.636581,0.600000,-0.600000,0.562307,-0.600000,-0.600000,-0.999711,-0.943191,-0.600000,-0.600000,-0.172097,-0.600000,-0.999711,-0.127469,0.916359,0.951644,-0.000011,-0.000762,0.000652,-0.000652,-0.600000,-0.600000,0.999856,-0.600000,-0.600000,-0.600000,-0.600000,-0.600000,-1.000000,-0.600000,-0.657151,0.999856,-0.600000,-0.600000,-0.600000,0.600000,0.000325,-0.600000,0.238610,-0.600000,0.600000,-0.999819,-0.998112,0.999961,0.600000,0.999856,-0.600000,-0.636581,-0.000278
206,1,0,0,0,N,0,17,18,1,0.600000,0.600000,0.541294,-0.999963,1.000000,0.999998,-0.600000,-0.600000,-0.162335,-0.000306,-0.999884,0.498892,0.540052,-0.102299,-0.102299,-0.018506,0.693337,-0.999995,-0.951874,-0.600000,0.000084,0.018506,-0.172097,-0.636581,0.600000,-0.600000,0.562307,-0.600000,-0.600000,-0.999727,-0.943191,-0.600000,-0.600000,-0.172097,-0.600000,-0.999727,-0.127469,0.916359,0.951644,-0.000011,-0.000717,0.000614,-0.000614,-0.600000,-0.600000,0.999864,-0.600000,-0.600000,-0.600000,-0.600000,-0.600000,-1.000000,-0.600000,-0.657151,0.999864,-0.600000,-0.600000,-0.600000,0.600000,0.000306,-0.600000,0.238610,-0.600000,0.600000,-0.999830,-0.998222,0.999963,0.600000,0.999864,-0.600000,-0.636581,-0.000262
207,1,0,0,0,N,0,15,17,1,0.600000,0.600000,0.541294,-0.999965,1.000000,0.999998,-0.600000,-0.600000,-0.154982,-0.000300,-0.999886,0.498892,0.540052,-0.098232,-0.098232,-0.018506,0.693337,-0.999996,-0.953898,-0.600000,0.000079,0.018506,-0.165078,-0.636581,0.600000,-0.600000,0.562307,-0.600000,-0.600000,-0.999737,-0.940458,-0.600000,-0.600000,-0.165078,-0.600000,-0.999737,-0.133701,0.918259,0.953677,-0.000010,-0.000693,0.000593,-0.000593,-0.600000,-0.600000,0.999867,-0.600000,-0.600000,-0.600000,-0.600000,-0.600000,-1.000000,-0.600000,-0.657151,0.999867,-0.600000,-0.600000,-0.600000,0.600000,0.000300,-0.600000,0.229634,-0.600000,0.600000,-0.999833,-0.998178,0.999965,0.600000,0.999867,-0.600000,-0.636581,-0.000257
208,1,0,0,0,stay,1,29,17,1,0.600000,0.600000,0.541294,-0.999967,1.000000,0.999998,-0.600000,-0.600000,-0.154327,-0.000285,-0.999892,0.498892,0.540052,-0.096909,-0.096909,-0.018506,0.693337,-0.999996,-0.954555,-0.600000,0.000074,0.018506,-0.163702,-0.636581,0.600000,-0.600000,0.562307,-0.600000,-0.600000,-0.999750,-0.939897,-0.600000,-0.600000,-0.163702,-0.600000,-0.999750,-0.134280,0.919008,0.954337,-0.000009,-0.000659,0.000564,-0.000564,-0.600000,-0.600000,0.999873,-0.600000,-0.600000,-0.600000,-0.600000,-0.600000,-1.000000,-0.600000,-0.657151,0.999873,-0.600000,-0.600000,-0.600000,0.600000,0.000285,-0.600000,0.227867,-0.600000,0.600000,-0.999841,-0.998240,0.999967,0.600000,0.999873,-0.600000,-0.636581,-0.000244
209,0,0,0,0,N,0,27,16,1,0.600000,0.600000,0.541294,-0.999969,1.000000,0.999998,-0.600000,-0.600000,-0.147273,-0.000280,-0.999894,0.498892,0.540052,-0.093033,-0.093033,-0.018506,0.693337,-0.999996,-0.956472,-0.600000,0.000070,0.018506,-0.156960,-0.636581,0.600000,-0.600000,0.562307,-0.600000,-0.600000,-0.999757,-0.937016,-0.600000,-0.600000,-0.156960,-0.600000,-0.999757,-0.140791,0.921218,0.956263,-0.000008,-0.000639,0.000547,-0.000547,-0.600000,-0.600000,0.999876,-0.600000,-0.600000,-0.600000,-0.600000,-0.600000,-1.000000,-0.600000,-0.657151,0.999876,-0.600000,-0.600000,-0.600000,0.600000,0.000280,-0.600000,0.219178,-0.600000,0.600000,-0.999844,-0.998196,0.999969,0.600000,0.999876,-0.600000,-0.636581,-0.000239
210,0,0,0,0,stay,1,29,16,1,0.600000,0.600000,0.541294,-0.999971,1.000000,0.999999,-0.600000,-0.600000,-0.146645,-0.000266,-0.999899,0.498892,0.540052,-0.091773,-0.091773,-0.018506,0.693337,-0.999997,-0.957094,-0.600000,0.000066,0.018506,-0.155639,-0.636581,0.600000,-0.600000,0.562307,-0.600000,-0.600000,-0.999767,-0.936425,-0.600000,-0.600000,-0.155639,-0.600000,-0.999767,-0.141396,0.922660,0.956887,-0.000007,-0.000614,0.000526,-0.000526,-0.600000,-0.600000,0.999882,-0.600000,-0.600000,-0.600000,-0.600000,-0.600000,-1.000000,-0.600000,-0.657151,0.999882,-0.600000,-0.600000,-0.600000,0.600000,0.000266,-0.600000,0.217469,-0.600000,0.600000,-0.999852,-0.998258,0.999971,0.600000,0.999882,-0.600000,-0.636581,-0.000228
211,1,0,0,0,N,0,27,15,1,0.600000,0.600000,0.541294,-0.999973,1.000000,0.999999,-0.600000,-0.600000,-0.146645,-0.000251,-0.999905,0.498892,0.540052,-0.091773,-0.091773,-0.018506,0.693337,-0.999997,-0.957094,-0.600000,0.000062,0.018506,-0.155639,-0.636581,0.600000,-0.600000,0.562307,-0.600000,-0.600000,-0.999780,-0.936425,-0.600000,-0.600000,-0.155639,-0.600000,-0.999780,-0.141396,0.922660,0.956887,-0.000007,-0.000578,0.000495,-0.000495,-0.600000,-0.600000,0.999889,-0.600000,-0.600000,-0.600000,-0.600000,-0.600000,-1.000000,-0.600000,-0.657151,0.999889,-0.600000,-0.600000,-0.600000,0.600000,0.000251,-0.600000,0.217469,-0.600000,0.600000,-0.999861,-0.998360,0.999973,0.600000,0.999889,-0.600000,-0.636581,-0.000214
212,0,0,0,1,N,0,25,14,1,0.600000,0.600000,0.541294,-0.999974,1.000000,0.999999,-0.600000,-0.600000,-0.139883,-0.000248,-0.999906,0.498892,0.540052,-0.087681,-0.087681,-0.018415,0.693337,-0.999997,-0.959105,-0.600000,0.000058,0.018415,-0.149170,-0.636581,0.600000,-0.600000,0.562307,-0.600000,-0.600000,-0.999784,-0.933700,-0.600000,-0.600000,-0.149170,-0.600000,-0.999784,-0.147565,0.925817,0.958908,-0.000006,-0.000570,0.000488,-0.000488,-0.600000,-0.600000,0.999890,-0.600000,-0.600000,-0.600000,-0.600000,-0.600000,-1.000000,-0.600000,-0.657151,0.999890,-0.600000,-0.600000,-0.600000,0.600000,0.000248,-0.600000,0.209069,-0.600000,0.600000,-0.999862,-0.998293,0.999974,0.600000,0.999890,-0.600000,-0.636581,-0.000212
213,0,0,0,1,stay,1,29,14,1,0.600000,0.600000,0.541294,-0.999975,1.000000,0.999999,-0.600000,-0.600000,-0.139282,-0.000243,-0.999908,0.498892,0.540052,-0.086486,-0.086486,-0.016853,0.693337,-0.999997,-0.959691,-0.600000,0.000057,0.016853,-0.147903,-0.636581,0.600000,-0.600000,0.562307,-0.600000,-0.600000,-0.999787,-0.938496,-0.600000,-0.600000,-0.147903,-0.600000,-0.999787,-0.137170,0.926503,0.959496,-0.000006,-0.000561,0.000481,-0.000481,-0.600000,-0.600000,0.999892,-0.600000,-0.600000,-0.600000,-0.600000,-0.600000,-1.000000,-0.600000,-0.657151,0.999892,-0.600000,-0.600000,-0.600000,0.600000,0.000243,-0.600000,0.207417,-0.600000,0.600000,-0.999865,-0.998302,0.999975,0.600000,0.999892,-0.600000,-0.636581,-0.000208
214,0,0,0,0,E,0,27,13,1,0.600000,0.600000,0.541294,-0.999975,1.000000,0.999999,-0.600000,-0.600000,-0.139282,-0.000232,-0.999912,0.498892,0.540052,-0.086486,-0.086486,-0.016524,0.693337,-0.999997,-0.959691,-0.600000,0.000055,0.016524,-0.147903,-0.636581,0.600000,-0.600000,0.562307,-0.600000,-0.600000,-0.999792,-0.939643,-0.600000,-0.600000,-0.147903,-0.600000,-0.999792,-0.134815,0.926503,0.959496,-0.000006,-0.000547,0.000469,-0.000469,-0.600000,-0.600000,0.999897,-0.600000,-0.600000,-0.600000,-0.600000,-0.600000,-1.000000,-0.600000,-0.657151,0.999897,-0.600000,-0.600000,-0.600000,0.600000,0.000232,-0.600000,0.207417,-0.600000,0.600000,-0.999871,-0.998377,0.999975,0.600000,0.999897,-0.600000,-0.636581,-0.000199
215,0,0,0,0,N,0,25,12,1,0.600000,0.600000,0.541294,-0.999977,1.000000,0.999999,-0.600000,-0.600000,-0.139282,-0.000219,-0.999917,0.498892,0.540052,-0.086486,-0.086486,-0.016524,0.693337,-0.999998,-0.959691,-0.600000,0.000052,0.016524,-0.147903,-0.636581,0.600000,-0.600000,0.562307,-0.600000,-0.600000,-0.999804,-0.939643,-0.600000,-0.600000,-0.147903,-0.600000,-0.999804,-0.134815,0.926503,0.959496,-0.000006,-0.000515,0.000441,-0.000441,-0.600000,-0.600000,0.999903,-0.600000,-0.600000,-0.600000,-0.600000,-0.600000,-1.000000,-0.600000,-0.657151,0.999903,-0.600000,-0.600000,-0.600000,0.600000,0.000219,-0.600000,0.207417,-0.600000,0.600000,-0.999878,-0.998471,0.999977,0.600000,0.999903,-0.600000,-0.636581,-0.000187
216,0,0,0,0,N,0,23,11,1,0.600000,0.600000,0.541294,-0.999978,1.000000,0.999999,-0.600000,-0.600000,-0.139282,-0.000206,-0.999922,0.498892,0.540052,-0.086486,-0.086486,-0.016524,0.693337,-0.999998,-0.959691,-0.600000,0.000049,0.016524,-0.147903,-0.636581,0.600000,-0.600000,0.562307,-0.600000,-0.600000,-0.999816,-0.939643,-0.600000,-0.600000,-0.147903,-0.600000,-0.999816,-0.134815,0.926503,0.959496,-0.000005,-0.000485,0.000416,-0.000416,-0.600000,-0.600000,0.999909,-0.600000,-0.600000,-0.600000,-0.600000,-0.600000,-1.000000,-0.600000,-0.657151,0.999909,-0.600000,-0.600000,-0.600000,0.600000,0.000206,-0.600000,0.207417,-0.600000,0.600000,-0.999886,-0.998560,0.999978,0.600000,0.999909,-0.600000,-0.636581,-0.000176
217,0,0,0,0,N,0,21,10,1,0.600000,0.600000,0.541294,-0.999979,1.000000,0.999999,-0.600000,-0.600000,-0.139282,-0.000194,-0.999926,0.498892,0.540052,-0.086486,-0.086486,-0.016524,0.693337,-0.999998,-0.959691,-0.600000,0.000046,0.016524,-0.147903,-0.636581,0.600000,-0.600000,0.562307,-0.600000,-0.600000,-0.999826,-0.939643,-0.600000,-0.600000,-0.147903,-0.600000,-0.999826,-0.134815,0.926503,0.959496,-0.000005,-0.000457,0.000391,-0.000391,-0.600000,-0.600000,0.999914,-0.600000,-0.600000,-0.600000,-0.600000,-0.600000,-1.000000,-0.600000,-0.657151,0.999914,-0.600000,-0.600000,-0.600000,0.600000,0.000194,-0.600000,0.207417,-0.600000,0.600000,-0.999892,-0.998644,0.999979,0.600000,0.999914,-0.600000,-0.636581,-0.000166
218,1,0,0,0,N,0,19,9,1,0.600000,0.600000,0.541294,-0.999981,1.000000,0.999999,-0.600000,-0.600000,-0.139282,-0.000183,-0.999931,0.498892,0.540052,-0.086486,-0.086486,-0.016524,0.693337,-0.999998,-0.959691,-0.600000,0.000044,0.016524,-0.147903,-0.636581,0.600000,-0.600000,0.562307,-0.600000,-0.600000,-0.999837,-0.939643,-0.600000,-0.600000,-0.147903,-0.600000,-0.999837,-0.134815,0.926503,0.959496,-0.000005,-0.000430,0.000368,-0.000368,-0.600000,-0.600000,0.999919,-0.600000,-0.600000,-0.600000,-0.600000,-0.600000,-1.000000,-0.600000,-0.657151,0.999919,-0.600000,-0.600000,-0.600000,0.600000,0.000183,-0.600000,0.207417,-0.600000,0.600000,-0.999899,-0.998723,0.999981,0.600000,0.999919,-0.600000,-0.636581,-0.000156
219,0,0,0,0,N,0,17,8,1,0.600000,0.600000,0.541294,-0.999982,1.000000,0.999999,-0.600000,-0.600000,-0.132806,-0.000180,-0.999932,0.498892,0.540052,-0.082609,-0.082609,-0.016524,0.693337,-0.999998,-0.961585,-0.600000,0.000041,0.016524,-0.141701,-0.636581,0.600000,-0.600000,0.562307,-0.600000,-0.600000,-0.999841,-0.936751,-0.600000,-0.600000,-0.141701,-0.600000,-0.999841,-0.141348,0.928524,0.961400,-0.000004,-0.000418,0.000358,-0.000358,-0.600000,-0.600000,0.999920,-0.600000,-0.600000,-0.600000,-0.600000,-0.600000,-1.000000,-0.600000,-0.657151,0.999920,-0.600000,-0.600000,-0.600000,0.600000,0.000180,-0.600000,0.199306,-0.600000,0.600000,-0.999900,-0.998678,0.999982,0.600000,0.999920,-0.600000,-0.636581,-0.000154
220,0,0,0,0,stay,1,29,8,1,0.600000,0.600000,0.541294,-0.999983,1.000000,0.999999,-0.600000,-0.600000,-0.132231,-0.000171,-0.999935,0.498892,0.540052,-0.081477,-0.081477,-0.016524,0.693337,-0.999998,-0.962137,-0.600000,0.000039,0.016524,-0.140487,-0.636581,0.600000,-0.600000,0.562307,-0.600000,-0.600000,-0.999848,-0.936157,-0.600000,-0.600000,-0.140487,-0.600000,-0.999848,-0.141955,0.929843,0.961954,-0.000004,-0.000401,0.000344,-0.000344,-0.600000,-0.600000,0.999924,-0.600000,-0.600000,-0.600000,-0.600000,-0.600000,-1.000000,-0.600000,-0.657151,0.999924,-0.600000,-0.600000,-0.600000,0.600000,0.000171,-0.600000,0.197712,-0.600000,0.600000,-0.999905,-0.998724,0.999983,0.600000,0.999924,-0.600000,-0.636581,-0.000147
221,0,0,0,1,N,0,27,7,1,0.600000,0.600000,0.541294,-0.999983,1.000000,0.999999,-0.600000,-0.600000,-0.132231,-0.000169,-0.999936,0.498892,0.540052,-0.081477,-0.081477,-0.014898,0.693337,-0.999998,-0.962137,-0.600000,0.000038,0.014898,-0.140487,-0.636581,0.600000,-0.600000,0.562307,-0.600000,-0.600000,-0.999851,-0.942165,-0.600000,-0.600000,-0.140487,-0.600000,-0.999851,-0.129619,0.929189,0.961954,-0.000004,-0.000393,0.000337,-0.000337,-0.600000,-0.600000,0.999925,-0.600000,-0.600000,-0.600000,-0.600000,-0.600000,-1.000000,-0.600000,-0.657151,0.999925,-0.600000,-0.600000,-0.600000,0.600000,0.000169,-0.600000,0.197712,-0.600000,0.600000,-0.999906,-0.998743,0.999983,0.600000,0.999925,-0.600000,-0.636581,-0.000144
222,1,0,0,0,N,0,25,6,1,0.600000,0.600000,0.535082,-0.999983,1.000000,0.999999,-0.600000,-0.600000,-0.132231,-0.000166,-0.999937,0.493892,0.533837,-0.080730,-0.080730,-0.014607,0.697577,-0.999998,-0.962500,-0.600000,0.000038,0.014607,-0.138682,-0.636581,0.600000,-0.600000,0.562307,-0.600000,-0.600000,-0.999853,-0.942439,-0.600000,-0.600000,-0.138682,-0.600000,-0.999853,-0.127375,0.929189,0.962319,-0.000004,-0.000387,0.000332,-0.000332,-0.600000,-0.600000,0.999926,-0.600000,-0.600000,-0.600000,-0.600000,-0.600000,-1.000000,-0.600000,-0.662766,0.999926,-0.600000,-0.600000,-0.600000,0.600000,0.000166,-0.600000,0.198506,-0.600000,0.600000,-0.999909,-0.998749,0.999983,0.600000,0.999926,-0.600000,-0.636581,-0.000142
223,1,0,0,0,stay,0,24,6,1,0.600000,0.600000,0.532594,-0.999984,1.000000,0.999999,-0.600000,-0.600000,-0.132231,-0.000160,-0.999939,0.491393,0.531348,-0.080359,-0.080359,-0.014392,0.699685,-0.999998,-0.962681,-0.600000,0.000036,0.014392,-0.138085,-0.636581,0.600000,-0.600000,0.562307,-0.600000,-0.600000,-0.999857,-0.942980,-0.600000,-0.600000,-0.138085,-0.600000,-0.999857,-0.125714,0.930172,0.962500,-0.000004,-0.000378,0.000323,-0.000323,-0.600000,-0.600000,0.999929,-0.600000,-0.600000,-0.600000,-0.600000,-0.600000,-1.000000,-0.600000,-0.664999,0.999929,-0.600000,-0.600000,-0.600000,0.600000,0.000160,-0.600000,0.199301,-0.600000,0.600000,-0.999913,-0.998786,0.999984,0.600000,0.999929,-0.600000,-0.636581,-0.000137
224,0,0,0,0,N,0,22,5,1,0.600000,0.600000,0.532594,-0.999985,1.000000,0.999999,-0.600000,-0.600000,-0.126035,-0.000157,-0.999940,0.491393,0.531348,-0.077089,-0.077089,-0.014392,0.699685,-0.999999,-0.964268,-0.600000,0.000034,0.014392,-0.132231,-0.636581,0.600000,-0.600000,0.562307,-0.600000,-0.600000,-0.999861,-0.940238,-0.600000,-0.600000,-0.132231,-0.600000,-0.999861,-0.131873,0.932099,0.964095,-0.000003,-0.000367,0.000314,-0.000314,-0.600000,-0.600000,0.999930,-0.600000,-0.600000,-0.600000,-0.600000,-0.600000,-1.000000,-0.600000,-0.664999,0.999930,-0.600000,-0.600000,-0.600000,0.600000,0.000157,-0.600000,0.191430,-0.600000,0.600000,-0.999914,-0.998756,0.999985,0.600000,0.999930,-0.600000,-0.636581,-0.000135
225,0,0,0,0,stay,1,29,5,1,0.600000,0.600000,0.532594,-0.999986,1.000000,0.999999,-0.600000,-0.600000,-0.125484,-0.000150,-0.999943,0.491393,0.531348,-0.076026,-0.076026,-0.014392,0.699685,-0.999999,-0.964782,-0.600000,0.000032,0.014392,-0.131085,-0.636581,0.600000,-0.600000,0.562307,-0.600000,-0.600000,-0.999867,-0.939674,-0.600000,-0.600000,-0.131085,-0.600000,-0.999867,-0.132445,0.933045,0.964612,-0.000003,-0.000350,0.000300,-0.000300,-0.600000,-0.600000,0.999934,-0.600000,-0.600000,-0.600000,-0.600000,-0.600000,-1.000000,-0.600000,-0.664999,0.999934,-0.600000,-0.600000,-0.600000,0.600000,0.000150,-0.600000,0.189885,-0.600000,0.600000,-0.999919,-0.998798,0.999986,0.600000,0.999934,-0.600000,-0.636581,-0.000128
226,0,0,0,0,N,0,27,4,1,0.600000,0.600000,0.532594,-0.999987,1.000000,0.999999,-0.600000,-0.600000,-0.125484,-0.000141,-0.999947,0.491393,0.531348,-0.076026,-0.076026,-0.014392,0.699685,-0.999999,-0.964782,-0.600000,0.000030,0.014392,-0.131085,-0.636581,0.600000,-0.600000,0.562307,-0.600000,-0.600000,-0.999875,-0.939674,-0.600000,-0.600000,-0.131085,-0.600000,-0.999875,-0.132445,0.933045,0.964612,-0.000003,-0.000330,0.000283,-0.000283,-0.600000,-0.600000,0.999938,-0.600000,-0.600000,-0.600000,-0.600000,-0.600000,-1.000000,-0.600000,-0.664999,0.999938,-0.600000,-0.600000,-0.600000,0.600000,0.000141,-0.600000,0.189885,-0.600000,0.600000,-0.999923,-0.998869,0.999987,0.600000,0.999938,-0.600000,-0.636581,-0.000121
227,0,0,0,1,N,0,25,3,1,0.600000,0.600000,0.532594,-0.999987,1.000000,0.999999,-0.600000,-0.600000,-0.125484,-0.000138,-0.999948,0.491393,0.531348,-0.076026,-0.076026,-0.012973,0.699685,-0.999999,-0.964782,-0.600000,0.000030,0.012973,-0.131085,-0.636581,0.600000,-0.600000,0.562307,-0.600000,-0.600000,-0.999877,-0.945371,-0.600000,-0.600000,-0.131085,-0.600000,-0.999877,-0.120818,0.933046,0.964612,-0.000003,-0.000325,0.000278,-0.000278,-0.600000,-0.600000,0.999939,-0.600000,-0.600000,-0.600000,-0.600000,-0.600000,-1.000000,-0.600000,-0.664999,0.999939,-0.600000,-0.600000,-0.600000,0.600000,0.000138,-0.600000,0.189885,-0.600000,0.600000,-0.999925,-0.998891,0.999987,0.600000,0.999939,-0.600000,-0.636581,-0.000118
228,0,0,0,0,S,0,23,4,1,0.600000,0.600000,0.532594,-0.999987,1.000000,1.000000,-0.600000,-0.600000,-0.125484,-0.000131,-0.999950,0.491393,0.531348,-0.076026,-0.076026,-0.012593,0.699685,-0.999999,-0.964782,-0.600000,0.000029,0.012593,-0.131085,-0.636581,0.600000,-0.600000,0.562307,-0.600000,-0.600000,-0.999880,-0.946903,-0.600000,-0.600000,-0.131085,-0.600000,-0.999880,-0.117661,0.933046,0.964612,-0.000003,-0.000317,0.000271,-0.000271,-0.600000,-0.600000,0.999942,-0.600000,-0.600000,-0.600000,-0.600000,-0.600000,-1.000000,-0.600000,-0.664999,0.999942,-0.600000,-0.600000,-0.600000,0.600000,0.000131,-0.600000,0.189885,-0.600000,0.600000,-0.999929,-0.998945,0.999987,0.600000,0.999942,-0.600000,-0.636581,-0.000112
229,0,0,0,1,N,0,21,3,1,0.600000,0.600000,0.532594,-0.999987,1.000000,1.000000,-0.600000,-0.600000,-0.125484,-0.000129,-0.999951,0.491393,0.531348,-0.076026,-0.076026,-0.011349,0.699685,-0.999999,-0.964782,-0.600000,0.000029,0.011349,-0.131085,-0.636581,0.600000,-0.600000,0.562307,-0.600000,-0.600000,-0.999881,-0.951952,-0.600000,-0.600000,-0.131085,-0.600000,-0.999881,-0.107171,0.933047,0.964612,-0.000003,-0.000314,0.000269,-0.000269,-0.600000,-0.600000,0.999943,-0.600000,-0.600000,-0.600000,-0.600000,-0.600000,-1.000000,-0.600000,-0.664999,0.999943,-0.600000,-0.600000,-0.600000,0.600000,0.000129,-0.600000,0.189885,-0.600000,0.600000,-0.999930,-0.998966,0.999987,0.600000,0.999943,-0.600000,-0.636581,-0.000110
230,0,0,0,1,N,0,19,2,1,0.600000,0.600000,0.532594,-0.999987,1.000000,1.000000,-0.600000,-0.600000,-0.125484,-0.000129,-0.999951,0.491393,0.531348,-0.076026,-0.076026,-0.010176,0.699685,-0.999999,-0.964782,-0.600000,0.000029,0.010176,-0.131085,-0.636581,0.600000,-0.600000,0.562307,-0.600000,-0.600000,-0.999881,-0.956751,-0.600000,-0.600000,-0.131085,-0.600000,-0.999881,-0.097072,0.933047,0.964612,-0.000003,-0.000314,0.000269,-0.000269,-0.600000,-0.600000,0.999943,-0.600000,-0.600000,-0.600000,-0.600000,-0.600000,-1.000000,-0.600000,-0.664999,0.999943,-0.600000,-0.600000,-0.600000,0.600000,0.000129,-0.600000,0.189885,-0.600000,0.600000,-0.999930,-0.998966,0.999987,0.600000,0.999943,-0.600000,-0.636581,-0.000110
231,0,0,0,1,stay,0,18,2,1,0.600000,0.600000,0.532594,-0.999987,1.000000,1.000000,-0.600000,-0.600000,-0.125484,-0.000129,-0.999951,0.491393,0.531348,-0.076026,-0.076026,-0.009124,0.699685,-0.999999,-0.964782,-0.600000,0.000029,0.009124,-0.131085,-0.636581,0.600000,-0.600000,0.562307,-0.600000,-0.600000,-0.999881,-0.961090,-0.600000,-0.600000,-0.131085,-0.600000,-0.999881,-0.087831,0.933047,0.964612,-0.000003,-0.000314,0.000269,-0.000269,-0.600000,-0.600000,0.999943,-0.600000,-0.600000,-0.600000,-0.600000,-0.600000,-1.000000,-0.600000,-0.664999,0.999943,-0.600000,-0.600000,-0.600000,0.600000,0.000129,-0.600000,0.189885,-0.600000,0.600000,-0.999930,-0.998966,0.999987,0.600000,0.999943,-0.600000,-0.636581,-0.000110
232,0,0,0,0,E,0,16,1,1,0.600000,0.600000,0.532594,-0.999988,1.000000,1.000000,-0.600000,-0.600000,-0.125484,-0.000124,-0.999953,0.491393,0.531348,-0.076026,-0.076026,-0.008900,0.699685,-0.999999,-0.964782,-0.600000,0.000028,0.008900,-0.131085,-0.636581,0.600000,-0.600000,0.562307,-0.600000,-0.600000,-0.999884,-0.962016,-0.600000,-0.600000,-0.131085,-0.600000,-0.999884,-0.085844,0.932735,0.964612,-0.000003,-0.000306,0.000262,-0.000262,-0.600000,-0.600000,0.999945,-0.600000,-0.600000,-0.600000,-0.600000,-0.600000,-1.000000,-0.600000,-0.664999,0.999945,-0.600000,-0.600000,-0.600000,0.600000,0.000124,-0.600000,0.189885,-0.600000,0.600000,-0.999933,-0.999007,0.999988,0.600000,0.999945,-0.600000,-0.636581,-0.000106
233,1,0,0,0,N,0,14,2,1,0.600000,0.600000,0.532594,-0.999988,1.000000,1.000000,-0.600000,-0.600000,-0.125484,-0.000117,-0.999956,0.491393,0.531348,-0.076026,-0.076026,-0.008768,0.699685,-0.999999,-0.964782,-0.600000,0.000027,0.008768,-0.131085,-0.636581,0.600000,-0.600000,0.562307,-0.600000,-0.600000,-0.999888,-0.962562,-0.600000,-0.600000,-0.131085,-0.600000,-0.999888,-0.084672,0.932736,0.964612,-0.000003,-0.000294,0.000252,-0.000252,-0.600000,-0.600000,0.999948,-0.600000,-0.600000,-0.600000,-0.600000,-0.600000,-1.000000,-0.600000,-0.664999,0.999948,-0.600000,-0.600000,-0.600000,0.600000,0.000117,-0.600000,0.189885,-0.600000,0.600000,-0.999936,-0.999060,0.999988,0.600000,0.999948,-0.600000,-0.636581,-0.000100
234,0,0,0,0,N,0,12,3,1,0.600000,0.600000,0.532594,-0.999989,1.000000,1.000000,-0.600000,-0.600000,-0.119561,-0.000115,-0.999956,0.491393,0.531348,-0.072918,-0.072918,-0.008768,0.699685,-0.999999,-0.966283,-0.600000,0.000025,0.008768,-0.125484,-0.636581,0.600000,-0.600000,0.562307,-0.600000,-0.600000,-0.999891,-0.960722,-0.600000,-0.600000,-0.125484,-0.600000,-0.999891,-0.089024,0.934904,0.966119,-0.000002,-0.000287,0.000246,-0.000246,-0.600000,-0.600000,0.999949,-0.600000,-0.600000,-0.600000,-0.600000,-0.600000,-1.000000,-0.600000,-0.664999,0.999949,-0.600000,-0.600000,-0.600000,0.600000,0.000115,-0.600000,0.182300,-0.600000,0.600000,-0.999937,-0.999036,0.999989,0.600000,0.999949,-0.600000,-0.636581,-0.000098
235,0,0,0,0,stay,1,29,3,1,0.600000,0.600000,0.532594,-0.999989,1.000000,1.000000,-0.600000,-0.600000,-0.119035,-0.000110,-0.999958,0.491393,0.531348,-0.071909,-0.071909,-0.008596,0.699685,-0.999999,-0.966770,-0.600000,0.000024,0.008596,-0.124389,-0.636581,0.600000,-0.600000,0.562307,-0.600000,-0.600000,-0.999894,-0.961100,-0.600000,-0.600000,-0.124389,-0.600000,-0.999894,-0.087811,0.936113,0.966608,-0.000002,-0.000280,0.000239,-0.000239,-0.600000,-0.600000,0.999951,-0.600000,-0.600000,-0.600000,-0.600000,-0.600000,-1.000000,-0.600000,-0.664999,0.999951,-0.600000,-0.600000,-0.600000,0.600000,0.000110,-0.600000,0.180812,-0.600000,0.600000,-0.999940,-0.999065,0.999989,0.600000,0.999951,-0.600000,-0.636581,-0.000094
236,0,0,0,0,N,0,27,4,1,0.600000,0.600000,0.532594,-0.999990,1.000000,1.000000,-0.600000,-0.600000,-0.119035,-0.000104,-0.999961,0.491393,0.531348,-0.071909,-0.071909,-0.008553,0.699685,-0.999999,-0.966770,-0.600000,0.000023,0.008553,-0.124389,-0.636581,0.600000,-0.600000,0.562307,-0.600000,-0.600000,-0.999898,-0.961287,-0.600000,-0.600000,-0.124389,-0.600000,-0.999898,-0.087410,0.936113,0.966608,-0.000002,-0.000267,0.000229,-0.000229,-0.600000,-0.600000,0.999954,-0.600000,-0.600000,-0.600000,-0.600000,-0.600000,-1.000000,-0.600000,-0.664999,0.999954,-0.600000,-0.600000,-0.600000,0.600000,0.000104,-0.600000,0.180812,-0.600000,0.600000,-0.999944,-0.999115,0.999990,0.600000,0.999954,-0.600000,-0.636581,-0.000089
237,0,1,0,0,N,0,25,5,1,0.600000,0.600000,0.532594,-0.999990,1.000000,1.000000,-0.600000,-0.600000,-0.119035,-0.000098,-0.999963,0.491393,0.531348,-0.071909,-0.071909,-0.008553,0.699685,-0.999999,-0.966770,-0.600000,0.000022,0.008553,-0.124389,-0.636581,0.600000,-0.600000,0.562307,-0.600000,-0.600000,-0.999904,-0.961287,-0.600000,-0.600000,-0.124389,-0.600000,-0.999904,-0.087410,0.936113,0.966608,-0.000002,-0.000252,0.000216,-0.000216,-0.600000,-0.600000,0.999957,-0.600000,-0.600000,-0.600000,-0.600000,-0.600000,-1.000000,-0.600000,-0.664999,0.999957,-0.600000,-0.600000,-0.600000,0.600000,0.000098,-0.600000,0.180812,-0.600000,0.600000,-0.999947,-0.999167,0.999990,0.600000,0.999957,-0.600000,-0.636581,-0.000084
238,0,0,0,0,N,0,23,6,1,0.600000,0.600000,0.532594,-0.999991,1.000000,1.000000,-0.600000,-0.600000,-0.119035,-0.000092,-0.999965,0.491393,0.531348,-0.071909,-0.071909,-0.008553,0.699685,-0.999999,-0.966770,-0.600000,0.000021,0.008553,-0.124389,-0.636581,0.600000,-0.600000,0.562307,-0.600000,-0.600000,-0.999910,-0.961287,-0.600000,-0.600000,-0.124389,-0.600000,-0.999910,-0.087410,0.936113,0.966608,-0.000002,-0.000237,0.000203,-0.000203,-0.600000,-0.600000,0.999959,-0.600000,-0.600000,-0.600000,-0.600000,-0.600000,-1.000000,-0.600000,-0.664999,0.999959,-0.600000,-0.600000,-0.600000,0.600000,0.000092,-0.600000,0.180812,-0.600000,0.600000,-0.999950,-0.999215,0.999991,0.600000,0.999959,-0.600000,-0.636581,-0.000079
239,0,0,0,0,N,0,21,7,1,0.600000,0.600000,0.532594,-0.999991,1.000000,1.000000,-0.600000,-0.600000,-0.119035,-0.000087,-0.999967,0.491393,0.531348,-0.071909,-0.071909,-0.008553,0.699685,-0.999999,-0.966770,-0.600000,0.000019,0.008553,-0.124389,-0.636581,0.600000,-0.600000,0.562307,-0.600000,-0.600000,-0.999915,-0.961287,-0.600000,-0.600000,-0.124389,-0.600000,-0.999915,-0.087410,0.936113,0.966608,-0.000002,-0.000223,0.000191,-0.000191,-0.600000,-0.600000,0.999962,-0.600000,-0.600000,-0.600000,-0.600000,-0.600000,-1.000000,-0.600000,-0.664999,0.999962,-0.600000,-0.600000,-0.600000,0.600000,0.000087,-0.600000,0.180812,-0.600000,0.600000,-0.999953,-0.999261,0.999991,0.600000,0.999962,-0.600000,-0.636581,-0.000074
240,0,0,0,0,N,0,19,8,1,0.600000,0.600000,0.532594,-0.999992,1.000000,1.000000,-0.600000,-0.600000,-0.119035,-0.000082,-0.999969,0.491393,0.531348,-0.071909,-0.071909,-0.008553,0.699685,-0.999999,-0.966770,-0.600000,0.000018,0.008553,-0.124389,-0.636581,0.600000,-0.600000,0.562307,-0.600000,-0.600000,-0.999920,-0.961287,-0.600000,-0.600000,-0.124389,-0.600000,-0.999920,-0.087410,0.936113,0.966608,-0.000002,-0.000210,0.000180,-0.000180,-0.600000,-0.600000,0.999964,-0.600000,-0.600000,-0.600000,-0.600000,-0.600000,-1.000000,-0.600000,-0.664999,0.999964,-0.600000,-0.600000,-0.600000,0.600000,0.000082,-0.600000,0.180812,-0.600000,0.600000,-0.999956,-0.999304,0.999992,0.600000,0.999964,-0.600000,-0.636581,-0.000070
241,0,1,0,0,N,0,17,9,1,0.600000,0.600000,0.532594,-0.999992,1.000000,1.000000,-0.600000,-0.600000,-0.119035,-0.000077,-0.999971,0.491393,0.531348,-0.071909,-0.071909,-0.008553,0.699685,-0.999999,-0.966770,-0.600000,0.000017,0.008553,-0.124389,-0.636581,0.600000,-0.600000,0.562307,-0.600000,-0.600000,-0.999925,-0.961287,-0.600000,-0.600000,-0.124389,-0.600000,-0.999925,-0.087410,0.936113,0.966608,-0.000002,-0.000198,0.000169,-0.000169,-0.600000,-0.600000,0.999966,-0.600000,-0.600000,-0.600000,-0.600000,-0.600000,-1.000000,-0.600000,-0.664999,0.999966,-0.600000,-0.600000,-0.600000,0.600000,0.000077,-0.600000,0.180812,-0.600000,0.600000,-0.999958,-0.999345,0.999992,0.600000,0.999966,-0.600000,-0.636581,-0.000066
242,0,1,0,0,N,0,15,10,1,0.600000,0.600000,0.532594,-0.999993,1.000000,1.000000,-0.600000,-0.600000,-0.119035,-0.000072,-0.999973,0.491393,0.531348,-0.071909,-0.071909,-0.008553,0.699685,-0.999999,-0.966770,-0.600000,0.000016,0.008553,-0.124389,-0.636581,0.600000,-0.600000,0.562307,-0.600000,-0.600000,-0.999929,-0.961287,-0.600000,-0.600000,-0.124389,-0.600000,-0.999929,-0.087410,0.936113,0.966608,-0.000001,-0.000186,0.000160,-0.000160,-0.600000,-0.600000,0.999968,-0.600000,-0.600000,-0.600000,-0.600000,-0.600000,-1.000000,-0.600000,-0.664999,0.999968,-0.600000,-0.600000,-0.600000,0.600000,0.000072,-0.600000,0.180812,-0.600000,0.600000,-0.999961,-0.999383,0.999993,0.600000,0.999968,-0.600000,-0.636581,-0.000062
243,0,0,0,1,N,0,13,11,1,0.600000,0.600000,0.532594,-0.999993,1.000000,1.000000,-0.600000,-0.600000,-0.119035,-0.000071,-0.999973,0.491393,0.531348,-0.071909,-0.071909,-0.007705,0.699685,-0.999999,-0.966770,-0.600000,0.000016,0.007705,-0.124389,-0.636581,0.600000,-0.600000,0.562307,-0.600000,-0.600000,-0.999930,-0.965019,-0.600000,-0.600000,-0.124389,-0.600000,-0.999930,-0.079373,0.936113,0.966608,-0.000001,-0.000185,0.000158,-0.000158,-0.600000,-0.600000,0.999968,-0.600000,-0.600000,-0.600000,-0.600000,-0.600000,-1.000000,-0.600000,-0.664999,0.999968,-0.600000,-0.600000,-0.600000,0.600000,0.000071,-0.600000,0.180812,-0.600000,0.600000,-0.999961,-0.999392,0.999993,0.600000,0.999968,-0.600000,-0.636581,-0.000061
244,0,0,0,0,N,0,11,12,1,0.600000,0.600000,0.532594,-0.999993,1.000000,1.000000,-0.600000,-0.600000,-0.119035,-0.000068,-0.999974,0.491393,0.531348,-0.071909,-0.071909,-0.007478,0.699685,-0.999999,-0.966770,-0.600000,0.000016,0.007478,-0.124389,-0.636581,0.600000,-0.600000,0.562307,-0.600000,-0.600000,-0.999932,-0.966020,-0.600000,-0.600000,-0.124389,-0.600000,-0.999932,-0.077204,0.936113,0.966608,-0.000001,-0.000180,0.000154,-0.000154,-0.600000,-0.600000,0.999970,-0.600000,-0.600000,-0.600000,-0.600000,-0.600000,-1.000000,-0.600000,-0.664999,0.999970,-0.600000,-0.600000,-0.600000,0.600000,0.000068,-0.600000,0.180812,-0.600000,0.600000,-0.999963,-0.999422,0.999993,0.600000,0.999970,-0.600000,-0.636581,-0.000058
245,0,0,0,0,N,0,9,13,1,0.600000,0.600000,0.532594,-0.999993,1.000000,1.000000,-0.600000,-0.600000,-0.119035,-0.000064,-0.999976,0.491393,0.531348,-0.071909,-0.071909,-0.007258,0.699685,-0.999999,-0.966770,-0.600000,0.000015,0.007258,-0.124389,-0.636581,0.600000,-0.600000,0.562307,-0.600000,-0.600000,-0.999934,-0.966994,-0.600000,-0.600000,-0.124389,-0.600000,-0.999934,-0.075089,0.935514,0.966608,-0.000001,-0.000173,0.000148,-0.000148,-0.600000,-0.600000,0.999972,-0.600000,-0.600000,-0.600000,-0.600000,-0.600000,-1.000000,-0.600000,-0.664999,0.999972,-0.600000,-0.600000,-0.600000,0.600000,0.000064,-0.600000,0.180812,-0.600000,0.600000,-0.999965,-0.999456,0.999993,0.600000,0.999972,-0.600000,-0.636581,-0.000055
246,0,0,0,0,N,0,7,14,1,0.600000,0.600000,0.532594,-0.999994,1.000000,1.000000,-0.600000,-0.600000,-0.119035,-0.000060,-0.999977,0.491393,0.531348,-0.071909,-0.071909,-0.007187,0.699685,-0.999999,-0.966770,-0.600000,0.000015,0.007187,-0.124389,-0.636581,0.600000,-0.600000,0.562307,-0.600000,-0.600000,-0.999938,-0.967312,-0.600000,-0.600000,-0.124389,-0.600000,-0.999938,-0.074396,0.935212,0.966608,-0.000001,-0.000164,0.000141,-0.000141,-0.600000,-0.600000,0.999973,-0.600000,-0.600000,-0.600000,-0.600000,-0.600000,-1.000000,-0.600000,-0.664999,0.999973,-0.600000,-0.600000,-0.600000,0.600000,0.000060,-0.600000,0.180812,-0.600000,0.600000,-0.999967,-0.999487,0.999994,0.600000,0.999973,-0.600000,-0.636581,-0.000051
247,0,0,0,1,N,0,5,15,1,0.600000,0.600000,0.532594,-0.999994,1.000000,1.000000,-0.600000,-0.600000,-0.119035,-0.000059,-0.999977,0.491393,0.531348,-0.071909,-0.071909,-0.006473,0.699685,-0.999999,-0.966770,-0.600000,0.000014,0.006473,-0.124389,-0.636581,0.600000,-0.600000,0.562307,-0.600000,-0.600000,-0.999938,-0.970481,-0.600000,-0.600000,-0.124389,-0.600000,-0.999938,-0.067467,0.935212,0.966608,-0.000001,-0.000163,0.000139,-0.000139,-0.600000,-0.600000,0.999974,-0.600000,-0.600000,-0.600000,-0.600000,-0.600000,-1.000000,-0.600000,-0.664999,0.999974,-0.600000,-0.600000,-0.600000,0.600000,0.000059,-0.600000,0.180812,-0.600000,0.600000,-0.999968,-0.999492,0.999994,0.600000,0.999974,-0.600000,-0.636581,-0.000051
248,0,0,0,0,W,0,3,16,1,0.600000,0.600000,0.532594,-0.999994,1.000000,1.000000,-0.600000,-0.600000,-0.113881,-0.000059,-0.999978,0.491393,0.531348,-0.068956,-0.068956,-0.006441,0.699685,-0.999999,-0.968189,-0.600000,0.000014,0.006441,-0.119561,-0.636581,0.600000,-0.600000,0.562307,-0.600000,-0.600000,-0.999939,-0.969317,-0.600000,-0.600000,-0.119561,-0.600000,-0.999939,-0.070346,0.937010,0.968034,-0.000001,-0.000160,0.000137,-0.000137,-0.600000,-0.600000,0.999974,-0.600000,-0.600000,-0.600000,-0.600000,-0.600000,-1.000000,-0.600000,-0.664999,0.999974,-0.600000,-0.600000,-0.600000,0.600000,0.000059,-0.600000,0.174232,-0.600000,0.600000,-0.999968,-0.999472,0.999994,0.600000,0.999974,-0.600000,-0.636581,-0.000051
249,0,0,0,0,stay,1,29,16,1,0.600000,0.600000,0.532594,-0.999994,1.000000,1.000000,-0.600000,-0.600000,-0.113376,-0.000057,-0.999979,0.491393,0.531348,-0.067998,-0.067998,-0.006377,0.699685,-1.000000,-0.968648,-0.600000,0.000013,0.006377,-0.118510,-0.636581,0.600000,-0.600000,0.562307,-0.600000,-0.600000,-0.999941,-0.969318,-0.600000,-0.600000,-0.118510,-0.600000,-0.999941,-0.070018,0.938183,0.968496,-0.000001,-0.000156,0.000133,-0.000133,-0.600000,-0.600000,0.999975,-0.600000,-0.600000,-0.600000,-0.600000,-0.600000,-1.000000,-0.600000,-0.664999,0.999975,-0.600000,-0.600000,-0.600000,0.600000,0.000057,-0.600000,0.172795,-0.600000,0.600000,-0.999969,-0.999487,0.999994,0.600000,0.999975,-0.600000,-0.636581,-0.000048
250,0,0,0,0,N,0,27,17,1,0.600000,0.600000,0.532594,-0.999995,1.000000,1.000000,-0.600000,-0.600000,-0.113376,-0.000053,-0.999980,0.491393,0.531348,-0.067998,-0.067998,-0.006377,0.699685,-1.000000,-0.968648,-0.600000,0.000012,0.006377,-0.118510,-0.636581,0.600000,-0.600000,0.562307,-0.600000,-0.600000,-0.999944,-0.969318,-0.600000,-0.600000,-0.118510,-0.600000,-0.999944,-0.070018,0.938183,0.968496,-0.000001,-0.000147,0.000125,-0.000125,-0.600000,-0.600000,0.999976,-0.600000,-0.600000,-0.600000,-0.600000,-0.600000,-1.000000,-0.600000,-0.664999,0.999976,-0.600000,-0.600000,-0.600000,0.600000,0.000053,-0.600000,0.172795,-0.600000,0.600000,-0.999971,-0.999517,0.999995,0.600000,0.999976,-0.600000,-0.636581,-0.000046
251,0,1,0,0,N,0,25,18,1,0.600000,0.600000,0.532594,-0.999995,1.000000,1.000000,-0.600000,-0.600000,-0.113376,-0.000050,-0.999981,0.491393,0.531348,-0.067998,-0.067998,-0.006377,0.699685,-1.000000,-0.968648,-0.600000,0.000012,0.006377,-0.118510,-0.636581,0.600000,-0.600000,0.562307,-0.600000,-0.600000,-0.999948,-0.969318,-0.600000,-0.600000,-0.118510,-0.600000,-0.999948,-0.070018,0.938183,0.968496,-0.000001,-0.000138,0.000118,-0.000118,-0.600000,-0.600000,0.999978,-0.600000,-0.600000,-0.600000,-0.600000,-0.600000,-1.000000,-0.600000,-0.664999,0.999978,-0.600000,-0.600000,-0.600000,0.600000,0.000050,-0.600000,0.172795,-0.600000,0.600000,-0.999973,-0.999546,0.999995,0.600000,0.999978,-0.600000,-0.636581,-0.000043
252,0,0,0,0,N,0,23,19,1,0.600000,0.600000,0.532594,-0.999995,1.000000,1.000000,-0.600000,-0.600000,-0.113376,-0.000047,-0.999982,0.491393,0.531348,-0.067998,-0.067998,-0.006377,0.699685,-1.000000,-0.968648,-0.600000,0.000011,0.006377,-0.118510,-0.636581,0.600000,-0.600000,0.562307,-0.600000,-0.600000,-0.999951,-0.969318,-0.600000,-0.600000,-0.118510,-0.600000,-0.999951,-0.070018,0.938183,0.968496,-0.000001,-0.000130,0.000111,-0.000111,-0.600000,-0.600000,0.999979,-0.600000,-0.600000,-0.600000,-0.600000,-0.600000,-1.000000,-0.600000,-0.664999,0.999979,-0.600000,-0.600000,-0.600000,0.600000,0.000047,-0.600000,0.172795,-0.600000,0.600000,-0.999974,-0.999572,0.999995,0.600000,0.999979,-0.600000,-0.636581,-0.000040
253,0,0,0,0,N,0,21,20,1,0.600000,0.600000,0.532594,-0.999995,1.000000,1.000000,-0.600000,-0.600000,-0.113376,-0.000044,-0.999983,0.491393,0.531348,-0.067998,-0.067998,-0.006377,0.699685,-1.000000,-0.968648,-0.600000,0.000010,0.006377,-0.118510,-0.636581,0.600000,-0.600000,0.562307,-0.600000,-0.600000,-0.999954,-0.969318,-0.600000,-0.600000,-0.118510,-0.600000,-0.999954,-0.070018,0.938183,0.968496,-0.000001,-0.000122,0.000105,-0.000105,-0.600000,-0.600000,0.999980,-0.600000,-0.600000,-0.600000,-0.600000,-0.600000,-1.000000,-0.600000,-0.664999,0.999980,-0.600000,-0.600000,-0.600000,0.600000,0.000044,-0.600000,0.172795,-0.600000,0.600000,-0.999976,-0.999597,0.999995,0.600000,0.999980,-0.600000,-0.636581,-0.000038
254,0,1,0,0,N,0,19,21,1,0.600000,0.600000,0.532594,-0.999996,1.000000,1.000000,-0.600000,-0.600000,-0.113376,-0.000042,-0.999984,0.491393,0.531348,-0.067998,-0.067998,-0.006377,0.699685,-1.000000,-0.968648,-0.600000,0.000010,0.006377,-0.118510,-0.636581,0.600000,-0.600000,0.562307,-0.600000,-0.600000,-0.999956,-0.969318,-0.600000,-0.600000,-0.118510,-0.600000,-0.999956,-0.070018,0.938183,0.968496,-0.000001,-0.000115,0.000099,-0.000099,-0.600000,-0.600000,0.999981,-0.600000,-0.600000,-0.600000,-0.600000,-0.600000,-1.000000,-0.600000,-0.664999,0.999981,-0.600000,-0.600000,-0.600000,0.600000,0.000042,-0.600000,0.172795,-0.600000,0.600000,-0.999977,-0.999621,0.999996,0.600000,0.999981,-0.600000,-0.636581,-0.000036
255,0,0,0,0,N,0,17,22,1,0.600000,0.600000,0.532594,-0.999996,1.000000,1.000000,-0.600000,-0.600000,-0.113376,-0.000039,-0.999985,0.491393,0.531348,-0.067998,-0.067998,-0.006377,0.699685,-1.000000,-0.968648,-0.600000,0.000009,0.006377,-0.118510,-0.636581,0.600000,-0.600000,0.562307,-0.600000,-0.600000,-0.999959,-0.969318,-0.600000,-0.600000,-0.118510,-0.600000,-0.999959,-0.070018,0.938183,0.968496,-0.000001,-0.000108,0.000093,-0.000093,-0.600000,-0.600000,0.999983,-0.600000,-0.600000,-0.600000,-0.600000,-0.600000,-1.000000,-0.600000,-0.664999,0.999983,-0.600000,-0.600000,-0.600000,0.600000,0.000039,-0.600000,0.172795,-0.600000,0.600000,-0.999979,-0.999643,0.999996,0.600000,0.999983,-0.600000,-0.636581,-0.000034
256,0,0,0,0,N,0,15,23,1,0.600000,0.600000,0.532594,-0.999996,1.000000,1.000000,-0.600000,-0.600000,-0.113376,-0.000037,-0.999986,0.491393,0.531348,-0.067998,-0.067998,-0.006377,0.699685,-1.000000,-0.968648,-0.600000,0.000009,0.006377,-0.118510,-0.636581,0.600000,-0.600000,0.562307,-0.600000,-0.600000,-0.999961,-0.969318,-0.600000,-0.600000,-0.118510,-0.600000,-0.999961,-0.070018,0.938183,0.968496,-0.000001,-0.000102,0.000087,-0.000087,-0.600000,-0.600000,0.999984,-0.600000,-0.600000,-0.600000,-0.600000,-0.600000,-1.000000,-0.600000,-0.664999,0.999984,-0.600000,-0.600000,-0.600000,0.600000,0.000037,-0.600000,0.172795,-0.600000,0.600000,-0.999980,-0.999664,0.999996,0.600000,0.999984,-0.600000,-0.636581,-0.000032
257,0,0,0,0,N,0,13,24,1,0.600000,0.600000,0.532594,-0.999996,1.000000,1.000000,-0.600000,-0.600000,-0.113376,-0.000035,-0.999987,0.491393,0.531348,-0.067998,-0.067998,-0.006377,0.699685,-1.000000,-0.968648,-0.600000,0.000008,0.006377,-0.118510,-0.636581,0.600000,-0.600000,0.562307,-0.600000,-0.600000,-0.999963,-0.969318,-0.600000,-0.600000,-0.118510,-0.600000,-0.999963,-0.070018,0.938183,0.968496,-0.000001,-0.000096,0.000082,-0.000082,-0.600000,-0.600000,0.999984,-0.600000,-0.600000,-0.600000,-0.600000,-0.600000,-1.000000,-0.600000,-0.664999,0.999984,-0.600000,-0.600000,-0.600000,0.600000,0.000035,-0.600000,0.172795,-0.600000,0.600000,-0.999981,-0.999683,0.999996,0.600000,0.999984,-0.600000,-0.636581,-0.000030
258,0,1,0,0,N,0,11,25,1,0.600000,0.600000,0.532594,-0.999997,1.000000,1.000000,-0.600000,-0.600000,-0.113376,-0.000033,-0.999988,0.491393,0.531348,-0.067998,-0.067998,-0.006377,0.699685,-1.000000,-0.968648,-0.600000,0.000008,0.006377,-0.118510,-0.636581,0.600000,-0.600000,0.562307,-0.600000,-0.600000,-0.999966,-0.969318,-0.600000,-0.600000,-0.118510,-0.600000,-0.999966,-0.070018,0.938183,0.968496,-0.000001,-0.000091,0.000078,-0.000078,-0.600000,-0.600000,0.999985,-0.600000,-0.600000,-0.600000,-0.600000,-0.600000,-1.000000,-0.600000,-0.664999,0.999985,-0.600000,-0.600000,-0.600000,0.600000,0.000033,-0.600000,0.172795,-0.600000,0.600000,-0.999982,-0.999702,0.999997,0.600000,0.999985,-0.600000,-0.636581,-0.000028
259,0,1,0,0,N,0,9,26,1,0.600000,0.600000,0.532594,-0.999997,1.000000,1.000000,-0.600000,-0.600000,-0.113376,-0.000031,-0.999988,0.491393,0.531348,-0.067998,-0.067998,-0.006377,0.699685,-1.000000,-0.968648,-0.600000,0.000007,0.006377,-0.118510,-0.636581,0.600000,-0.600000,0.562307,-0.600000,-0.600000,-0.999968,-0.969318,-0.600000,-0.600000,-0.118510,-0.600000,-0.999968,-0.070018,0.938183,0.968496,-0.000001,-0.000085,0.000073,-0.000073,-0.600000,-0.600000,0.999986,-0.600000,-0.600000,-0.600000,-0.600000,-0.600000,-1.000000,-0.600000,-0.664999,0.999986,-0.600000,-0.600000,-0.600000,0.600000,0.000031,-0.600000,0.172795,-0.600000,0.600000,-0.999983,-0.999719,0.999997,0.600000,0.999986,-0.600000,-0.636581,-0.000027
260,0,1,0,0,N,0,7,27,1,0.600000,0.600000,0.532594,-0.999997,1.000000,1.000000,-0.600000,-0.600000,-0.113376,-0.000029,-0.999989,0.491393,0.531348,-0.067998,-0.067998,-0.006377,0.699685,-1.000000,-0.968648,-0.600000,0.000007,0.006377,-0.118510,-0.636581,0.600000,-0.600000,0.562307,-0.600000,-0.600000,-0.999970,-0.969318,-0.600000,-0.600000,-0.118510,-0.600000,-0.999970,-0.070018,0.938183,0.968496,-0.000001,-0.000080,0.000069,-0.000069,-0.600000,-0.600000,0.999987,-0.600000,-0.600000,-0.600000,-0.600000,-0.600000,-1.000000,-0.600000,-0.664999,0.999987,-0.600000,-0.600000,-0.600000,0.600000,0.000029,-0.600000,0.172795,-0.600000,0.600000,-0.999984,-0.999735,0.999997,0.600000,0.999987,-0.600000,-0.636581,-0.000025
261,0,1,0,1,N,0,5,28,1,0.600000,0.600000,0.532594,-0.999997,1.000000,1.000000,-0.600000,-0.600000,-0.113376,-0.000028,-0.999990,0.491393,0.531348,-0.067998,-0.067998,-0.006067,0.699685,-1.000000,-0.968648,-0.600000,0.000006,0.006067,-0.118510,-0.636581,0.600000,-0.600000,0.562307,-0.600000,-0.600000,-0.999970,-0.970774,-0.600000,-0.600000,-0.118510,-0.600000,-0.999970,-0.066824,0.939904,0.968496,-0.000001,-0.000078,0.000067,-0.000067,-0.600000,-0.600000,0.999988,-0.600000,-0.600000,-0.600000,-0.600000,-0.600000,-1.000000,-0.600000,-0.664999,0.999988,-0.600000,-0.600000,-0.600000,0.600000,0.000028,-0.600000,0.172795,-0.600000,0.600000,-0.999985,-0.999750,0.999997,0.600000,0.999988,-0.600000,-0.636581,-0.000024
262,0,1,0,0,S,0,3,26,1,0.600000,0.600000,0.532594,-0.999997,1.000000,1.000000,-0.600000,-0.600000,-0.113376,-0.000026,-0.999990,0.491393,0.531348,-0.067998,-0.067998,-0.006037,0.699685,-1.000000,-0.968648,-0.600000,0.000006,0.006037,-0.118510,-0.636581,0.600000,-0.600000,0.562307,-0.600000,-0.600000,-0.999972,-0.970916,-0.600000,-0.600000,-0.118510,-0.600000,-0.999972,-0.066513,0.940467,0.968496,-0.000001,-0.000074,0.000063,-0.000063,-0.600000,-0.600000,0.999988,-0.600000,-0.600000,-0.600000,-0.600000,-0.600000,-1.000000,-0.600000,-0.664999,0.999988,-0.600000,-0.600000,-0.600000,0.600000,0.000026,-0.600000,0.172795,-0.600000,0.600000,-0.999986,-0.999764,0.999997,0.600000,0.999988,-0.600000,-0.636581,-0.000022
263,0,0,0,0,N,0,1,25,1,0.600000,0.600000,0.532594,-0.999997,1.000000,1.000000,-0.600000,-0.600000,-0.113376,-0.000024,-0.999991,0.491393,0.531348,-0.067998,-0.067998,-0.006037,0.699685,-1.000000,-0.968648,-0.600000,0.000006,0.006037,-0.118510,-0.636581,0.600000,-0.600000,0.562307,-0.600000,-0.600000,-0.999973,-0.970916,-0.600000,-0.600000,-0.118510,-0.600000,-0.999973,-0.066513,0.940467,0.968496,-0.000000,-0.000070,0.000060,-0.000060,-0.600000,-0.600000,0.999989,-0.600000,-0.600000,-0.600000,-0.600000,-0.600000,-1.000000,-0.600000,-0.664999,0.999989,-0.600000,-0.600000,-0.600000,0.600000,0.000024,-0.600000,0.172795,-0.600000,0.600000,-0.999987,-0.999778,0.999997,0.600000,0.999989,-0.600000,-0.636581,-0.000021
264,0,0,0,0,N,0,0,24,1,0.600000,0.600000,0.532594,-0.999998,1.000000,1.000000,-0.600000,-0.600000,-0.113376,-0.000023,-0.999991,0.491393,0.531348,-0.067998,-0.067998,-0.006037,0.699685,-1.000000,-0.968648,-0.600000,0.000005,0.006037,-0.118510,-0.636581,0.600000,-0.600000,0.562307,-0.600000,-0.600000,-0.999975,-0.970916,-0.600000,-0.600000,-0.118510,-0.600000,-0.999975,-0.066513,0.940467,0.968496,-0.000000,-0.000066,0.000056,-0.000056,-0.600000,-0.600000,0.999990,-0.600000,-0.600000,-0.600000,-0.600000,-0.600000,-1.000000,-0.600000,-0.664999,0.999990,-0.600000,-0.600000,-0.600000,0.600000,0.000023,-0.600000,0.172795,-0.600000,0.600000,-0.999987,-0.999791,0.999998,0.600000,0.999990,-0.600000,-0.636581,-0.000020
