tick,energy,eats,distance,conn_1_6_weight,food_north_sensed,moved_north
0,30,0,0,0.950000,0,0
1,29,0,0,0.949475,0,0
2,27,0,1,0.948897,1,1
3,29,1,1,0.948312,1,0
4,27,1,2,0.948263,0,1
5,29,2,2,0.948263,0,0
6,27,2,3,0.948263,0,0
7,29,3,3,0.948263,0,0
8,27,3,4,0.948263,0,0
9,29,4,4,0.948263,0,0
10,27,4,5,0.948263,0,0
11,29,5,5,0.948263,0,0
12,27,5,6,0.948263,0,0
13,29,6,6,0.948263,0,0
14,27,6,7,0.948263,0,0
15,25,6,8,0.948263,0,0
16,23,6,9,0.948263,0,0
17,21,6,10,0.948263,0,0
18,29,7,10,0.948263,0,0
19,27,7,11,0.947671,0,0
20,29,8,11,0.947073,0,0
21,27,8,12,0.946469,1,1
22,29,9,12,0.945858,1,0
23,27,9,13,0.945807,0,1
24,29,10,13,0.945807,0,0
25,27,10,14,0.945807,0,0
26,29,11,14,0.945807,0,0
27,27,11,15,0.945807,0,0
28,29,12,15,0.945807,0,0
29,27,12,16,0.945240,1,0
30,29,13,16,0.944616,1,0
31,27,13,17,0.944564,0,1
32,29,14,17,0.944564,0,0
33,27,14,18,0.944564,0,1
34,25,14,19,0.944564,0,0
35,23,14,20,0.944564,0,1
36,21,14,21,0.944564,0,0
37,19,14,22,0.944564,0,0
38,17,14,23,0.944564,0,0
39,15,14,24,0.944564,0,1
40,13,14,25,0.944564,0,1
41,11,14,26,0.944564,0,0
42,9,14,27,0.944564,0,0
43,29,15,27,0.944564,0,0
44,27,15,28,0.944564,0,0
45,25,15,29,0.944564,0,0
46,23,15,30,0.944564,0,0
47,29,16,30,0.944564,0,0
48,27,16,31,0.944564,0,0
49,29,17,31,0.944564,0,0
50,27,17,32,0.944564,0,0
51,29,18,32,0.944564,0,0
52,27,18,33,0.944564,0,0
53,25,18,34,0.943985,0,0
54,23,18,35,0.943347,1,1
55,29,19,35,0.942703,1,0
56,27,19,36,0.942649,0,1
57,25,19,37,0.942649,0,0
58,29,20,37,0.942649,0,0
59,27,20,38,0.942649,0,0
60,29,21,38,0.942649,0,0
61,27,21,39,0.942649,0,0
62,25,21,40,0.942649,0,0
63,23,21,41,0.942649,0,0
64,29,22,41,0.942649,0,0
65,27,22,42,0.942649,0,1
66,25,22,43,0.942649,0,0
67,23,22,44,0.942649,0,0
68,21,22,45,0.942649,0,0
69,29,23,45,0.942649,0,0
70,27,23,46,0.942649,0,0
71,25,23,47,0.942649,0,1
72,23,23,48,0.942649,0,0
73,29,24,48,0.942649,0,0
74,27,24,49,0.942649,0,0
75,25,24,50,0.942649,0,0
76,29,25,50,0.942649,0,0
77,27,25,51,0.942649,0,1
78,25,25,52,0.942649,0,0
79,29,26,52,0.942649,0,0
80,27,26,53,0.942649,0,0
81,25,26,54,0.942649,0,0
82,23,26,55,0.942649,0,0
83,21,26,56,0.942649,0,1
84,19,26,57,0.942649,0,0
85,17,26,58,0.942649,0,0
86,15,26,59,0.942649,0,0
87,13,26,60,0.942649,0,0
88,29,27,60,0.942649,0,0
89,27,27,61,0.942649,0,0
90,25,27,62,0.942649,0,1
91,23,27,63,0.942052,0,0
92,21,27,64,0.941997,0,0
93,19,27,65,0.941393,1,0
94,29,28,65,0.940728,1,0
95,27,28,66,0.940672,0,0
96,25,28,67,0.940672,0,0
97,23,28,68,0.940672,0,0
98,29,29,68,0.940672,0,0
99,27,29,69,0.940672,0,0
100,25,29,70,0.940672,0,0
101,29,30,70,0.940672,0,0
102,27,30,71,0.940672,0,0
103,29,31,71,0.940672,0,0
104,27,31,72,0.940672,0,1
105,25,31,73,0.940672,0,0
106,23,31,74,0.940672,0,1
107,21,31,75,0.940672,0,0
108,19,31,76,0.940672,0,0
109,17,31,77,0.940056,1,1
110,15,31,78,0.939999,0,1
111,29,32,78,0.939999,0,0
112,27,32,79,0.939999,0,0
113,25,32,80,0.939999,0,0
114,29,33,80,0.939999,0,0
115,27,33,81,0.939999,0,0
116,25,33,82,0.939999,0,0
117,29,34,82,0.939999,0,0
118,27,34,83,0.939999,0,0
119,25,34,84,0.939999,0,0
120,23,34,85,0.939999,0,0
121,29,35,85,0.939999,0,0
122,27,35,86,0.939999,0,0
123,25,35,87,0.939999,0,0
124,23,35,88,0.939999,0,0
125,21,35,89,0.939999,0,0
126,19,35,90,0.939999,0,0
127,17,35,91,0.939999,0,0
128,29,36,91,0.939999,0,0
129,27,36,92,0.939999,0,0
130,25,36,93,0.939999,0,1
131,23,36,94,0.939376,1,0
132,21,36,95,0.938690,1,1
133,19,36,96,0.938632,0,1
134,29,37,96,0.938632,0,0
135,27,37,97,0.938632,0,0
136,29,38,97,0.938632,0,0
137,27,38,98,0.938632,0,0
138,25,38,99,0.938632,0,0
139,29,39,99,0.938632,0,0
140,27,39,100,0.938632,0,0
141,25,39,101,0.938632,0,0
142,23,39,102,0.938632,0,1
143,21,39,103,0.937996,1,0
144,19,39,104,0.937937,0,1
145,29,40,104,0.937937,0,0
146,27,40,105,0.937937,0,0
147,25,40,106,0.937937,0,0
148,23,40,107,0.937937,0,0
149,21,40,108,0.937937,0,0
150,19,40,109,0.937937,0,0
151,17,40,110,0.937937,0,0
152,15,40,111,0.937937,0,0
153,29,41,111,0.937937,0,0
154,27,41,112,0.937937,0,0
155,25,41,113,0.937937,0,0
156,23,41,114,0.937937,0,0
157,29,42,114,0.937937,0,0
158,27,42,115,0.937937,0,0
159,25,42,116,0.937937,0,0
160,29,43,116,0.937937,0,0
161,27,43,117,0.937937,0,0
162,29,44,117,0.937937,0,0
163,27,44,118,0.937937,0,0
164,25,44,119,0.937937,0,0
165,29,45,119,0.937937,0,0
166,27,45,120,0.937937,0,1
167,25,45,121,0.937937,0,0
168,23,45,122,0.937937,0,0
169,21,45,123,0.937937,0,0
170,19,45,124,0.937937,0,0
171,17,45,125,0.937937,0,0
172,15,45,126,0.937937,0,0
173,13,45,127,0.937937,0,0
174,11,45,128,0.937937,0,0
175,29,46,128,0.937937,0,0
176,27,46,129,0.937937,0,0
177,25,46,130,0.937937,0,0
178,23,46,131,0.937937,0,0
179,29,47,131,0.937937,0,0
180,27,47,132,0.937937,0,0
181,25,47,133,0.937937,0,0
182,29,48,133,0.937937,0,0
183,27,48,134,0.937937,0,0
184,29,49,134,0.937937,0,0
185,27,49,135,0.937937,0,1
186,25,49,136,0.937937,0,1
187,23,49,137,0.937937,0,0
188,21,49,138,0.937937,0,1
189,19,49,139,0.937294,1,0
190,17,49,140,0.937236,0,0
191,15,49,141,0.937236,0,0
192,13,49,142,0.937236,0,0
193,11,49,143,0.937236,0,0
194,9,49,144,0.936586,1,0
195,7,49,145,0.936526,0,1
196,29,50,145,0.936526,0,0
197,27,50,146,0.936526,0,1
198,25,50,147,0.935869,1,0
199,23,50,148,0.935809,0,1
200,29,51,148,0.935809,0,0
201,27,51,149,0.935809,0,0
202,25,51,150,0.935809,0,0
203,23,51,151,0.935809,0,0
204,21,51,152,0.935146,1,0
205,29,52,152,0.934415,1,0
206,27,52,153,0.933676,1,1
207,25,52,154,0.933614,0,1
208,29,53,154,0.933614,0,0
209,27,53,155,0.933614,0,0
210,25,53,156,0.933614,0,0
211,29,54,156,0.933614,0,0
212,27,54,157,0.933614,0,0
213,29,55,157,0.933614,0,0
214,27,55,158,0.933614,0,0
215,25,55,159,0.933614,0,0
216,29,56,159,0.933614,0,0
217,27,56,160,0.933614,0,0
218,25,56,161,0.933614,0,0
219,23,56,162,0.933614,0,0
220,21,56,163,0.933614,0,0
221,19,56,164,0.933614,0,0
222,29,57,164,0.933614,0,0
223,27,57,165,0.933614,0,0
224,25,57,166,0.933614,0,1
225,23,57,167,0.933614,0,0
226,21,57,168,0.933614,0,0
227,19,57,169,0.933614,0,0
228,29,58,169,0.933614,0,0
229,27,58,170,0.933614,0,0
230,25,58,171,0.933614,0,0
231,23,58,172,0.933614,0,0
232,21,58,173,0.933614,0,0
233,29,59,173,0.933614,0,0
234,27,59,174,0.933614,0,1
235,25,59,175,0.933614,0,0
236,23,59,176,0.933614,0,0
237,21,59,177,0.933614,0,1
238,19,59,178,0.933614,0,1
239,17,59,179,0.933614,0,0
240,15,59,180,0.933614,0,0
241,29,60,180,0.933614,0,0
242,27,60,181,0.932929,1,0
243,25,60,182,0.932866,0,1
244,29,61,182,0.932866,0,0
245,27,61,183,0.932866,0,0
246,29,62,183,0.932866,0,0
247,27,62,184,0.932866,0,0
248,29,63,184,0.932866,0,0
249,27,63,185,0.932866,0,0
250,29,64,185,0.932866,0,0
251,27,64,186,0.932866,0,0
252,29,65,186,0.932866,0,0
253,27,65,187,0.932866,0,0
254,25,65,188,0.932866,0,0
255,23,65,189,0.932866,0,0
256,29,66,189,0.932866,0,0
257,27,66,190,0.932866,0,0
258,25,66,191,0.932866,0,0
259,29,67,191,0.932866,0,0
260,27,67,192,0.932866,0,1
261,25,67,193,0.932866,0,0
262,23,67,194,0.932866,0,0
263,21,67,195,0.932866,0,1
264,19,67,196,0.932866,0,0
265,17,67,197,0.932866,0,0
266,15,67,198,0.932866,0,0
267,13,67,199,0.932175,1,0
268,29,68,199,0.931412,1,0
269,27,68,200,0.931348,0,0
270,25,68,201,0.931348,0,0
271,29,69,201,0.931348,0,0
272,27,69,202,0.931348,0,0
273,25,69,203,0.931348,0,0
274,23,69,204,0.931348,0,0
275,21,69,205,0.931348,0,1
276,19,69,206,0.931348,0,0
277,17,69,207,0.930642,1,0
278,15,69,208,0.929864,1,1
279,29,70,208,0.929077,1,0
280,27,70,209,0.929011,0,1
281,29,71,209,0.929011,0,0
282,27,71,210,0.929011,0,0
283,29,72,210,0.929011,0,0
284,27,72,211,0.929011,0,0
285,25,72,212,0.929011,0,0
286,23,72,213,0.929011,0,0
287,29,73,213,0.929011,0,0
288,27,73,214,0.929011,0,0
289,25,73,215,0.929011,0,0
290,23,73,216,0.929011,0,1
291,21,73,217,0.929011,0,1
292,19,73,218,0.929011,0,0
293,17,73,219,0.929011,0,1
294,15,73,220,0.929011,0,0
295,29,74,220,0.928283,1,0
296,27,74,221,0.928216,0,1
297,29,75,221,0.928216,0,0
298,27,75,222,0.928216,0,0
299,29,76,222,0.928216,0,0
300,27,76,223,0.928216,0,0
301,25,76,224,0.928216,0,1
302,23,76,225,0.928216,0,0
303,21,76,226,0.928216,0,0
304,19,76,227,0.928216,0,0
305,29,77,227,0.928216,0,0
306,27,77,228,0.928216,0,0
307,25,77,229,0.928216,0,0
308,29,78,229,0.928216,0,0
309,27,78,230,0.928216,0,0
310,25,78,231,0.928216,0,0
311,29,79,231,0.928216,0,0
312,27,79,232,0.928216,0,0
313,25,79,233,0.927480,0,1
314,23,79,234,0.927413,0,1
315,29,80,234,0.927413,0,0
316,27,80,235,0.927413,0,0
317,29,81,235,0.927413,0,0
318,27,81,236,0.927413,0,0
319,29,82,236,0.927413,0,0
320,27,82,237,0.927413,0,1
321,25,82,238,0.927413,0,0
322,29,83,238,0.927413,0,0
323,27,83,239,0.927413,0,0
324,25,83,240,0.927413,0,0
325,23,83,241,0.927413,0,0
326,21,83,242,0.927413,0,0
327,19,83,243,0.927413,0,0
328,29,84,243,0.927413,0,0
329,27,84,244,0.926669,1,0
330,25,84,245,0.926601,0,1
331,29,85,245,0.926601,0,0
332,27,85,246,0.926601,0,0
333,29,86,246,0.926601,0,0
334,27,86,247,0.926601,0,0
335,25,86,248,0.926601,0,1
336,23,86,249,0.926601,0,0
337,29,87,249,0.926601,0,0
338,27,87,250,0.926601,0,1
339,25,87,251,0.926601,0,0
340,23,87,252,0.926601,0,0
341,21,87,253,0.926601,0,0
342,19,87,254,0.926601,0,0
343,29,88,254,0.926601,0,0
344,27,88,255,0.925850,1,0
345,25,88,256,0.925781,0,1
346,29,89,256,0.925781,0,0
347,27,89,257,0.925781,0,0
348,25,89,258,0.925781,0,0
349,23,89,259,0.925781,0,0
350,21,89,260,0.925781,0,1
351,19,89,261,0.925781,0,0
352,17,89,262,0.925781,0,0
353,15,89,263,0.925781,0,0
354,29,90,263,0.925781,0,0
355,27,90,264,0.925781,0,0
356,29,91,264,0.925781,0,0
357,27,91,265,0.925781,0,0
358,25,91,266,0.925781,0,0
359,29,92,266,0.925781,0,0
360,27,92,267,0.925781,0,0
361,25,92,268,0.925781,0,0
362,23,92,269,0.925781,0,1
363,21,92,270,0.925781,0,0
364,19,92,271,0.925781,0,0
365,17,92,272,0.925781,0,0
366,15,92,273,0.925781,0,0
367,29,93,273,0.925781,0,0
368,27,93,274,0.925781,0,0
369,25,93,275,0.925781,0,0
370,29,94,275,0.925781,0,0
371,27,94,276,0.925781,0,0
372,25,94,277,0.925781,0,0
373,29,95,277,0.925781,0,0
374,27,95,278,0.925781,0,0
375,29,96,278,0.925781,0,0
376,27,96,279,0.925781,0,0
377,25,96,280,0.925781,0,0
378,29,97,280,0.925781,0,0
379,27,97,281,0.925781,0,0
380,25,97,282,0.925781,0,0
381,23,97,283,0.925781,0,0
382,29,98,283,0.925781,0,0
383,27,98,284,0.925781,0,0
384,25,98,285,0.925781,0,0
385,23,98,286,0.925781,0,0
386,21,98,287,0.925781,0,0
387,29,99,287,0.925781,0,0
388,27,99,288,0.925781,0,0
389,25,99,289,0.925781,0,0
390,29,100,289,0.925781,0,0
391,27,100,290,0.925781,0,0
392,25,100,291,0.925781,0,0
393,29,101,291,0.925781,0,0
394,27,101,292,0.925781,0,0
395,29,102,292,0.925781,0,0
396,27,102,293,0.925781,0,0
397,29,103,293,0.925781,0,0
398,27,103,294,0.925781,0,0
399,25,103,295,0.925781,0,0
400,23,103,296,0.925781,0,0
401,21,103,297,0.925781,0,0
402,29,104,297,0.925781,0,0
403,27,104,298,0.925022,0,0
404,25,104,299,0.924953,0,1
405,23,104,300,0.924953,0,0
406,21,104,301,0.924953,0,0
407,29,105,301,0.924953,0,0
408,27,105,302,0.924953,0,0
409,25,105,303,0.924186,1,1
410,23,105,304,0.924116,0,1
411,29,106,304,0.924116,0,0
412,27,106,305,0.924116,0,1
413,25,106,306,0.923341,0,1
414,23,106,307,0.923271,0,1
415,29,107,307,0.923271,0,0
416,27,107,308,0.923271,0,0
417,25,107,309,0.923271,0,0
418,23,107,310,0.923271,0,0
419,21,107,311,0.923271,0,0
420,19,107,312,0.923271,0,1
421,17,107,313,0.923271,0,0
422,15,107,314,0.923271,0,1
423,13,107,315,0.923271,0,0
424,11,107,316,0.922488,0,0
425,29,108,316,0.921626,0,0
426,27,108,317,0.921554,0,0
427,29,109,317,0.921554,0,0
428,27,109,318,0.921554,0,0
429,25,109,319,0.921554,0,0
430,23,109,320,0.921554,0,0
431,21,109,321,0.921554,0,0
432,19,109,322,0.921554,0,0
433,17,109,323,0.921554,0,1
434,15,109,324,0.920755,0,1
435,13,109,325,0.920682,0,0
436,29,110,325,0.920682,0,0
437,27,110,326,0.919802,1,0
438,25,110,327,0.918913,0,1
439,29,111,327,0.918014,0,0
440,27,111,328,0.917939,0,0
441,29,112,328,0.917939,0,0
442,27,112,329,0.917107,1,0
443,25,112,330,0.916191,1,1
444,29,113,330,0.915265,1,0
445,27,113,331,0.915187,0,1
446,29,114,331,0.915187,0,0
447,27,114,332,0.915187,0,0
448,25,114,333,0.915187,0,0
449,23,114,334,0.915187,0,0
450,21,114,335,0.915187,0,0
451,19,114,336,0.915187,0,0
452,17,114,337,0.915187,0,0
453,15,114,338,0.915187,0,0
454,13,114,339,0.915187,0,0
455,29,115,339,0.915187,0,0
456,27,115,340,0.915187,0,0
457,29,116,340,0.915187,0,0
458,27,116,341,0.914330,1,0
459,25,116,342,0.914252,0,1
460,29,117,342,0.913386,1,0
461,27,117,343,0.913307,0,1
462,29,118,343,0.913307,0,0
463,27,118,344,0.913307,0,0
464,25,118,345,0.913307,0,0
465,23,118,346,0.912432,1,0
466,21,118,347,0.912352,0,1
467,29,119,347,0.912352,0,0
468,27,119,348,0.912352,0,0
469,25,119,349,0.912352,0,0
470,23,119,350,0.912352,0,1
471,21,119,351,0.912352,0,0
472,19,119,352,0.912352,0,1
473,17,119,353,0.912352,0,1
474,15,119,354,0.912352,0,0
475,13,119,355,0.912352,0,1
476,11,119,356,0.912352,0,0
477,9,119,357,0.912352,0,0
478,29,120,357,0.912352,0,0
479,27,120,358,0.912352,0,0
480,29,121,358,0.912352,0,0
481,27,121,359,0.912352,0,0
482,25,121,360,0.912352,0,0
483,29,122,360,0.912352,0,0
484,27,122,361,0.912352,0,0
485,29,123,361,0.912352,0,0
486,27,123,362,0.912352,0,0
487,25,123,363,0.912352,0,0
488,23,123,364,0.912352,0,0
489,21,123,365,0.912352,0,0
490,19,123,366,0.912352,0,0
491,17,123,367,0.912352,0,0
492,15,123,368,0.912352,0,0
493,13,123,369,0.912352,0,0
494,11,123,370,0.912352,0,0
495,9,123,371,0.912352,0,0
496,29,124,371,0.912352,0,0
497,27,124,372,0.912352,0,0
498,29,125,372,0.912352,0,0
499,27,125,373,0.912352,0,0
500,29,126,373,0.912352,0,0
501,27,126,374,0.912352,0,0
502,25,126,375,0.912352,0,0
503,23,126,376,0.912352,0,0
504,21,126,377,0.912352,0,0
505,29,127,377,0.912352,0,0
506,27,127,378,0.912352,0,1
507,25,127,379,0.912352,0,0
508,23,127,380,0.912352,0,1
509,21,127,381,0.911469,0,0
510,19,127,382,0.910496,1,1
511,29,128,382,0.909514,1,0
512,27,128,383,0.909432,0,1
513,29,129,383,0.909432,0,0
514,27,129,384,0.909432,0,0
515,25,129,385,0.909432,0,0
516,23,129,386,0.908522,0,0
517,21,129,387,0.908439,0,1
518,29,130,387,0.908439,0,0
519,27,130,388,0.908439,0,1
520,25,130,389,0.907520,1,0
521,29,131,389,0.906508,1,0
522,27,131,390,0.905487,1,1
523,29,132,390,0.904455,1,0
524,27,132,391,0.904369,0,1
525,29,133,391,0.904369,0,0
526,27,133,392,0.904369,0,0
527,25,133,393,0.904369,0,0
528,23,133,394,0.904369,0,0
529,21,133,395,0.904369,0,0
530,19,133,396,0.904369,0,0
531,29,134,396,0.904369,0,0
532,27,134,397,0.904369,0,0
533,25,134,398,0.904369,0,1
534,23,134,399,0.904369,0,0
535,29,135,399,0.904369,0,0
536,27,135,400,0.904369,0,0
537,25,135,401,0.904369,0,0
538,23,135,402,0.904369,0,1
539,21,135,403,0.904369,0,0
540,19,135,404,0.904369,0,0
541,17,135,405,0.904369,0,0
542,15,135,406,0.904369,0,0
543,13,135,407,0.904369,0,1
544,11,135,408,0.904369,0,0
545,9,135,409,0.903414,0,0
546,29,136,409,0.902362,0,0
547,27,136,410,0.902274,0,1
548,29,137,410,0.902274,0,0
549,27,137,411,0.902274,0,0
550,25,137,412,0.902274,0,0
551,23,137,413,0.902274,0,0
552,29,138,413,0.902274,0,0
553,27,138,414,0.902274,0,0
554,29,139,414,0.902274,0,0
555,27,139,415,0.902274,0,0
556,25,139,416,0.902274,0,0
557,29,140,416,0.902274,0,0
558,27,140,417,0.902274,0,0
559,25,140,418,0.902274,0,0
560,23,140,419,0.902274,0,0
561,21,140,420,0.902274,0,0
562,19,140,421,0.902274,0,1
563,17,140,422,0.902274,0,0
564,15,140,423,0.901300,0,0
565,29,141,423,0.900228,0,0
566,27,141,424,0.900138,0,1
567,29,142,424,0.900138,0,0
568,27,142,425,0.900138,0,0
569,25,142,426,0.900138,0,0
570,29,143,426,0.900138,0,0
571,27,143,427,0.900138,0,1
572,25,143,428,0.900138,0,1
573,23,143,429,0.900138,0,0
574,29,144,429,0.900138,0,0
575,27,144,430,0.900138,0,0
576,25,144,431,0.900138,0,0
577,23,144,432,0.899145,1,1
578,21,144,433,0.899054,0,0
579,19,144,434,0.898052,1,0
580,17,144,435,0.896949,1,1
581,29,145,435,0.895835,1,0
582,27,145,436,0.894710,1,1
583,29,146,436,0.893575,1,0
584,27,146,437,0.893480,0,1
585,29,147,437,0.893480,0,0
586,27,147,438,0.893480,0,0
587,29,148,438,0.893480,0,0
588,27,148,439,0.893480,0,0
589,25,148,440,0.893480,0,0
590,23,148,441,0.893480,0,0
591,21,148,442,0.892429,0,1
592,19,148,443,0.892333,0,1
593,29,149,443,0.892333,0,0
594,27,149,444,0.892333,0,1
595,25,149,445,0.892333,0,0
596,23,149,446,0.892333,0,0
597,21,149,447,0.892333,0,0
598,29,150,447,0.892333,0,0
599,27,150,448,0.892333,0,0
600,29,151,448,0.892333,0,0
601,27,151,449,0.892333,0,0
602,29,152,449,0.892333,0,0
603,27,152,450,0.892333,0,0
604,25,152,451,0.892333,0,0
605,23,152,452,0.892333,0,0
606,21,152,453,0.892333,0,0
607,19,152,454,0.892333,0,0
608,17,152,455,0.892333,0,1
609,15,152,456,0.892333,0,0
610,13,152,457,0.892333,0,0
611,11,152,458,0.892333,0,0
612,9,152,459,0.892333,0,0
613,29,153,459,0.892333,0,0
614,27,153,460,0.892333,0,1
615,25,153,461,0.891272,1,0
616,23,153,462,0.891175,0,1
617,29,154,462,0.891175,0,0
618,27,154,463,0.891175,0,0
619,25,154,464,0.891175,0,0
620,23,154,465,0.891175,0,0
621,29,155,465,0.891175,0,0
622,27,155,466,0.891175,0,0
623,29,156,466,0.891175,0,0
624,27,156,467,0.891175,0,0
625,25,156,468,0.891175,0,0
626,23,156,469,0.891175,0,0
627,29,157,469,0.891175,0,0
628,27,157,470,0.891175,0,0
629,25,157,471,0.891175,0,0
630,23,157,472,0.891175,0,0
631,21,157,473,0.891175,0,0
632,19,157,474,0.891175,0,0
633,29,158,474,0.891175,0,0
634,27,158,475,0.890104,0,0
635,25,158,476,0.890006,0,1
636,29,159,476,0.890006,0,0
637,27,159,477,0.890006,0,0
638,25,159,478,0.890006,0,0
639,23,159,479,0.890006,0,0
640,21,159,480,0.888925,1,0
641,29,160,480,0.887735,0,0
642,27,160,481,0.887635,0,1
643,29,161,481,0.887635,0,0
644,27,161,482,0.887635,0,0
645,25,161,483,0.887635,0,0
646,29,162,483,0.887635,0,0
647,27,162,484,0.887635,0,1
648,25,162,485,0.887635,0,0
649,29,163,485,0.887635,0,0
650,27,163,486,0.887635,0,0
651,29,164,486,0.887635,0,0
652,27,164,487,0.887635,0,0
653,29,165,487,0.887635,0,0
654,27,165,488,0.887635,0,0
655,25,165,489,0.887635,0,0
656,29,166,489,0.887635,0,0
657,27,166,490,0.887635,0,0
658,25,166,491,0.887635,0,0
659,23,166,492,0.887635,0,0
660,29,167,492,0.887635,0,0
661,27,167,493,0.887635,0,0
662,29,168,493,0.887635,0,0
663,27,168,494,0.887635,0,0
664,29,169,494,0.887635,0,0
665,27,169,495,0.887635,0,0
666,29,170,495,0.887635,0,0
667,27,170,496,0.887635,0,0
668,25,170,497,0.887635,0,0
669,23,170,498,0.887635,0,1
670,21,170,499,0.887635,0,0
671,29,171,499,0.887635,0,0
672,27,171,500,0.886534,1,0
673,25,171,501,0.886433,0,1
674,29,172,501,0.886433,0,0
675,27,172,502,0.886433,0,0
676,25,172,503,0.886433,0,0
677,23,172,504,0.886433,0,0
678,29,173,504,0.886433,0,0
679,27,173,505,0.886433,0,0
680,25,173,506,0.885322,0,0
681,29,174,506,0.884098,0,0
682,27,174,507,0.883996,0,1
683,29,175,507,0.883996,0,0
684,27,175,508,0.883996,0,0
685,25,175,509,0.883996,0,0
686,29,176,509,0.883996,0,0
687,27,176,510,0.883996,0,0
688,25,176,511,0.883996,0,0
689,23,176,512,0.883996,0,0
690,21,176,513,0.883996,0,1
691,19,176,514,0.883996,0,0
692,17,176,515,0.882656,1,1
693,15,176,516,0.882553,0,1
694,29,177,516,0.882553,0,0
695,27,177,517,0.882553,0,0
696,29,178,517,0.882553,0,0
697,27,178,518,0.881408,1,0
698,25,178,519,0.881304,0,1
699,29,179,519,0.881304,0,0
700,27,179,520,0.881304,0,0
701,25,179,521,0.881304,0,0
702,23,179,522,0.880149,0,0
703,29,180,522,0.878877,0,0
704,27,180,523,0.878771,0,1
705,29,181,523,0.878771,0,0
706,27,181,524,0.878771,0,0
707,29,182,524,0.878771,0,0
708,27,182,525,0.878771,0,0
709,25,182,526,0.878771,0,0
710,23,182,527,0.878771,0,0
711,21,182,528,0.878771,0,0
712,19,182,529,0.878771,0,0
713,29,183,529,0.878771,0,0
714,27,183,530,0.878771,0,1
715,25,183,531,0.878771,0,0
716,23,183,532,0.878771,0,0
717,21,183,533,0.878771,0,0
718,19,183,534,0.877595,1,0
719,17,183,535,0.877487,0,1
720,29,184,535,0.877487,0,0
721,27,184,536,0.877487,0,0
722,29,185,536,0.877487,0,0
723,27,185,537,0.877487,0,0
724,29,186,537,0.877487,0,0
725,27,186,538,0.877487,0,0
726,29,187,538,0.877487,0,0
727,27,187,539,0.877487,0,0
728,29,188,539,0.877487,0,0
729,27,188,540,0.877487,0,0
730,25,188,541,0.877487,0,0
731,23,188,542,0.877487,0,0
732,21,188,543,0.877487,0,0
733,19,188,544,0.877487,0,0
734,17,188,545,0.876300,1,0
735,15,188,546,0.874994,1,0
736,13,188,547,0.874885,0,1
737,29,189,547,0.874885,0,0
738,27,189,548,0.873676,0,1
739,25,189,549,0.873566,0,0
740,29,190,549,0.873566,0,0
741,27,190,550,0.873566,0,0
742,29,191,550,0.873566,0,0
743,27,191,551,0.873566,0,1
744,25,191,552,0.872235,1,0
745,23,191,553,0.872123,0,1
746,29,192,553,0.872123,0,0
747,27,192,554,0.872123,0,0
748,25,192,555,0.870892,1,0
749,23,192,556,0.870780,0,1
750,29,193,556,0.870780,0,0
751,27,193,557,0.870780,0,1
752,25,193,558,0.870780,0,0
753,29,194,558,0.870780,0,0
754,27,194,559,0.870780,0,0
755,25,194,560,0.870780,0,1
756,23,194,561,0.870780,0,0
757,21,194,562,0.870780,0,0
758,19,194,563,0.870780,0,0
759,17,194,564,0.870780,0,0
760,29,195,564,0.870780,0,0
761,27,195,565,0.870780,0,0
762,25,195,566,0.870780,0,0
763,23,195,567,0.870780,0,0
764,21,195,568,0.870780,0,0
765,19,195,569,0.870780,0,0
766,29,196,569,0.870780,0,0
767,27,196,570,0.870780,0,0
768,29,197,570,0.870780,0,0
769,27,197,571,0.870780,0,0
770,29,198,571,0.870780,0,0
771,27,198,572,0.870780,0,0
772,25,198,573,0.870780,0,0
773,29,199,573,0.870780,0,0
774,27,199,574,0.870780,0,0
775,29,200,574,0.870780,0,0
776,27,200,575,0.870780,0,0
777,29,201,575,0.870780,0,0
778,27,201,576,0.870780,0,0
779,25,201,577,0.870780,0,1
780,23,201,578,0.869537,0,0
781,21,201,579,0.869424,0,1
782,29,202,579,0.869424,0,0
783,27,202,580,0.869424,0,0
784,29,203,580,0.869424,0,0
785,27,203,581,0.869424,0,0
786,29,204,581,0.869424,0,0
787,27,204,582,0.869424,0,0
788,25,204,583,0.869424,0,0
789,23,204,584,0.869424,0,0
790,21,204,585,0.869424,0,0
791,19,204,586,0.869424,0,1
792,17,204,587,0.869424,0,1
793,15,204,588,0.868170,1,0
794,13,204,589,0.868056,0,1
795,29,205,589,0.868056,0,0
796,27,205,590,0.868056,0,0
797,25,205,591,0.868056,0,0
798,29,206,591,0.868056,0,0
799,27,206,592,0.868056,0,0
800,29,207,592,0.868056,0,0
801,27,207,593,0.868056,0,0
802,29,208,593,0.868056,0,0
803,27,208,594,0.868056,0,0
804,25,208,595,0.868056,0,0
805,23,208,596,0.868056,0,0
806,21,208,597,0.868056,0,0
807,19,208,598,0.868056,0,1
808,17,208,599,0.868056,0,0
809,29,209,599,0.868056,0,0
810,27,209,600,0.866792,1,0
811,25,209,601,0.866676,0,1
812,29,210,601,0.866676,0,0
813,27,210,602,0.866676,0,0
814,29,211,602,0.866676,0,0
815,27,211,603,0.866676,0,0
816,29,212,603,0.866676,0,0
817,27,212,604,0.865400,0,1
818,25,212,605,0.865284,0,0
819,29,213,605,0.865284,0,0
820,27,213,606,0.865284,0,1
821,25,213,607,0.865284,0,0
822,29,214,607,0.865284,0,0
823,27,214,608,0.865284,0,0
824,29,215,608,0.865284,0,0
825,27,215,609,0.865284,0,0
826,29,216,609,0.865284,0,0
827,27,216,610,0.865284,0,1
828,25,216,611,0.865284,0,0
829,23,216,612,0.865284,0,0
830,21,216,613,0.863997,1,0
831,19,216,614,0.863879,0,1
832,29,217,614,0.863879,0,0
833,27,217,615,0.862581,1,1
834,25,217,616,0.862463,0,1
835,29,218,616,0.862463,0,0
836,27,218,617,0.861153,1,0
837,29,219,617,0.859713,1,0
838,27,219,618,0.859592,0,1
839,29,220,618,0.859592,0,0
840,27,220,619,0.859592,0,0
841,25,220,620,0.859592,0,0
842,23,220,621,0.858260,1,0
843,29,221,621,0.856794,1,0
844,27,221,622,0.856671,0,0
845,25,221,623,0.855316,0,1
846,23,221,624,0.855192,0,0
847,29,222,624,0.855192,0,0
848,27,222,625,0.855192,0,1
849,25,222,626,0.855192,0,0
850,23,222,627,0.855192,0,0
851,21,222,628,0.855192,0,0
852,19,222,629,0.855192,0,0
853,17,222,630,0.855192,0,0
854,29,223,630,0.855192,0,0
855,27,223,631,0.853825,1,0
856,29,224,631,0.852321,1,0
857,27,224,632,0.852196,0,1
858,29,225,632,0.852196,0,0
859,27,225,633,0.852196,0,0
860,25,225,634,0.852196,0,1
861,23,225,635,0.852196,0,1
862,21,225,636,0.852196,0,0
863,19,225,637,0.852196,0,0
864,17,225,638,0.852196,0,0
865,15,225,639,0.852196,0,1
866,13,225,640,0.852196,0,0
867,11,225,641,0.852196,0,0
868,9,225,642,0.852196,0,0
869,7,225,643,0.852196,0,0
870,5,225,644,0.852196,0,0
871,29,226,644,0.852196,0,0
872,27,226,645,0.850805,1,0
873,29,227,645,0.849276,1,0
874,27,227,646,0.849148,0,1
875,29,228,646,0.849148,0,0
876,27,228,647,0.849148,0,0
877,25,228,648,0.849148,0,0
878,23,228,649,0.849148,0,1
879,21,228,650,0.849148,0,0
880,19,228,651,0.849148,0,1
881,17,228,652,0.849148,0,0
882,15,228,653,0.849148,0,0
883,13,228,654,0.849148,0,0
884,11,228,655,0.849148,0,0
885,9,228,656,0.849148,0,0
886,29,229,656,0.849148,0,0
887,27,229,657,0.849148,0,0
888,29,230,657,0.849148,0,0
889,27,230,658,0.849148,0,0
890,25,230,659,0.849148,0,1
891,23,230,660,0.849148,0,0
892,29,231,660,0.849148,0,0
893,27,231,661,0.849148,0,0
894,25,231,662,0.849148,0,1
895,23,231,663,0.849148,0,0
896,21,231,664,0.849148,0,1
897,19,231,665,0.849148,0,0
898,17,231,666,0.849148,0,1
899,15,231,667,0.849148,0,0
900,13,231,668,0.849148,0,0
901,29,232,668,0.849148,0,0
902,27,232,669,0.849148,0,0
903,25,232,670,0.849148,0,0
904,29,233,670,0.849148,0,0
905,27,233,671,0.849148,0,0
906,29,234,671,0.849148,0,0
907,27,234,672,0.849148,0,0
908,25,234,673,0.849148,0,1
909,23,234,674,0.849148,0,0
910,21,234,675,0.849148,0,1
911,19,234,676,0.849148,0,0
912,17,234,677,0.849148,0,1
913,15,234,678,0.849148,0,1
914,13,234,679,0.847734,1,1
915,11,234,680,0.846049,0,1
916,29,235,680,0.844480,0,0
917,27,235,681,0.844349,0,1
918,29,236,681,0.844349,0,0
919,27,236,682,0.844349,0,0
920,29,237,682,0.844349,0,0
921,27,237,683,0.844349,0,0
922,25,237,684,0.844349,0,0
923,29,238,684,0.844349,0,0
924,27,238,685,0.844349,0,0
925,29,239,685,0.844349,0,0
926,27,239,686,0.844349,0,0
927,29,240,686,0.844349,0,0
928,27,240,687,0.844349,0,0
929,29,241,687,0.844349,0,0
930,27,241,688,0.844349,0,0
931,25,241,689,0.844349,0,0
932,23,241,690,0.844349,0,0
933,29,242,690,0.844349,0,0
934,27,242,691,0.844349,0,1
935,25,242,692,0.842898,1,0
936,23,242,693,0.842766,0,1
937,29,243,693,0.842766,0,0
938,27,243,694,0.841303,1,0
939,25,243,695,0.841170,0,1
940,29,244,695,0.841170,0,0
941,27,244,696,0.841170,0,0
942,25,244,697,0.841170,0,0
943,23,244,698,0.841170,0,1
944,21,244,699,0.841170,0,1
945,19,244,700,0.841170,0,0
946,17,244,701,0.841170,0,0
947,15,244,702,0.841170,0,0
948,13,244,703,0.841170,0,0
949,11,244,704,0.841170,0,0
950,9,244,705,0.839695,0,0
951,29,245,705,0.838074,0,0
952,27,245,706,0.837938,0,0
953,29,246,706,0.837938,0,0
954,27,246,707,0.837938,0,0
955,29,247,707,0.837938,0,0
956,27,247,708,0.837938,0,1
957,25,247,709,0.836439,1,0
958,23,247,710,0.836302,0,1
959,29,248,710,0.836302,0,0
960,27,248,711,0.836302,0,0
961,25,248,712,0.836302,0,0
962,23,248,713,0.836302,0,0
963,21,248,714,0.836302,0,0
964,19,248,715,0.836302,0,0
965,29,249,715,0.836302,0,0
966,27,249,716,0.836302,0,1
967,25,249,717,0.836302,0,0
968,29,250,717,0.836302,0,0
969,27,250,718,0.836302,0,0
970,25,250,719,0.836302,0,0
971,29,251,719,0.836302,0,0
972,27,251,720,0.836302,0,0
973,25,251,721,0.834791,0,0
974,23,251,722,0.834653,0,0
975,29,252,722,0.834653,0,0
976,27,252,723,0.834653,0,0
977,29,253,723,0.834653,0,0
978,27,253,724,0.834653,0,1
979,25,253,725,0.833130,0,1
980,23,253,726,0.831456,0,0
981,29,254,726,0.829768,0,0
982,27,254,727,0.829627,0,1
983,29,255,727,0.829627,0,0
984,27,255,728,0.829627,0,0
985,29,256,728,0.829627,0,0
986,27,256,729,0.829627,0,0
987,25,256,730,0.829627,0,0
988,23,256,731,0.829627,0,0
989,29,257,731,0.829627,0,0
990,27,257,732,0.829627,0,0
991,29,258,732,0.829627,0,0
992,27,258,733,0.829627,0,0
993,29,259,733,0.829627,0,0
994,27,259,734,0.829627,0,0
995,29,260,734,0.829627,0,0
996,27,260,735,0.829627,0,0
997,25,260,736,0.829627,0,0
998,23,260,737,0.829627,0,0
999,29,261,737,0.829627,0,0
1000,27,261,738,0.829627,0,0
1001,29,262,738,0.829627,0,0
1002,27,262,739,0.829627,0,0
1003,25,262,740,0.829627,0,0
1004,23,262,741,0.829627,0,0
1005,21,262,742,0.829627,0,1
1006,19,262,743,0.829627,0,0
1007,17,262,744,0.829627,0,0
1008,29,263,744,0.829627,0,0
1009,27,263,745,0.829627,0,1
1010,25,263,746,0.829627,0,0
1011,23,263,747,0.829627,0,0
1012,29,264,747,0.829627,0,0
1013,27,264,748,0.829627,0,0
1014,29,265,748,0.829627,0,0
1015,27,265,749,0.829627,0,0
1016,29,266,749,0.829627,0,0
1017,27,266,750,0.829627,0,0
1018,29,267,750,0.829627,0,0
1019,27,267,751,0.829627,0,0
1020,29,268,751,0.829627,0,0
1021,27,268,752,0.829627,0,0
1022,29,269,752,0.829627,0,0
1023,27,269,753,0.829627,0,0
1024,25,269,754,0.829627,0,1
1025,23,269,755,0.829627,0,0
1026,21,269,756,0.829627,0,0
1027,29,270,756,0.829627,0,0
1028,27,270,757,0.829627,0,0
1029,25,270,758,0.829627,0,0
1030,23,270,759,0.829627,0,0
1031,21,270,760,0.829627,0,0
1032,19,270,761,0.829627,0,0
1033,29,271,761,0.829627,0,0
1034,27,271,762,0.829627,0,0
1035,25,271,763,0.829627,0,0
1036,23,271,764,0.829627,0,0
1037,29,272,764,0.829627,0,0
1038,27,272,765,0.829627,0,1
1039,25,272,766,0.829627,0,0
1040,23,272,767,0.829627,0,0
1041,21,272,768,0.829627,0,0
1042,19,272,769,0.829627,0,0
1043,17,272,770,0.829627,0,1
1044,15,272,771,0.829627,0,0
1045,13,272,772,0.829627,0,0
1046,11,272,773,0.829627,0,1
1047,9,272,774,0.829627,0,0
1048,29,273,774,0.829627,0,0
1049,27,273,775,0.828067,0,0
1050,25,273,776,0.827924,0,0
1051,29,274,776,0.827924,0,0
1052,27,274,777,0.827924,0,0
1053,29,275,777,0.827924,0,0
1054,27,275,778,0.827924,0,0
1055,25,275,779,0.827924,0,0
1056,23,275,780,0.827924,0,0
1057,29,276,780,0.827924,0,0
1058,27,276,781,0.826352,0,0
1059,25,276,782,0.826209,0,1
1060,29,277,782,0.826209,0,0
1061,27,277,783,0.824624,0,0
1062,29,278,783,0.822882,0,0
1063,27,278,784,0.821127,0,1
1064,29,279,784,0.819358,0,0
1065,27,279,785,0.819210,0,1
1066,25,279,786,0.819210,0,0
1067,23,279,787,0.819210,0,0
1068,29,280,787,0.819210,0,0
1069,27,280,788,0.819210,0,0
1070,29,281,788,0.819210,0,0
1071,27,281,789,0.819210,0,0
1072,29,282,789,0.819210,0,0
1073,27,282,790,0.819210,0,0
1074,29,283,790,0.819210,0,0
1075,27,283,791,0.819210,0,0
1076,29,284,791,0.819210,0,0
1077,27,284,792,0.819210,0,0
1078,25,284,793,0.817576,0,0
1079,29,285,793,0.815780,0,0
1080,27,285,794,0.815630,0,0
1081,29,286,794,0.815630,0,0
1082,27,286,795,0.815630,0,0
1083,29,287,795,0.815630,0,0
1084,27,287,796,0.815630,0,0
1085,25,287,797,0.815630,0,0
1086,23,287,798,0.815630,0,0
1087,21,287,799,0.815630,0,0
1088,19,287,800,0.815630,0,0
1089,17,287,801,0.815630,0,0
1090,15,287,802,0.815630,0,0
1091,29,288,802,0.815630,0,0
1092,27,288,803,0.815630,0,0
1093,29,289,803,0.815630,0,0
1094,27,289,804,0.815630,0,0
1095,29,290,804,0.815630,0,0
1096,27,290,805,0.815630,0,0
1097,25,290,806,0.815630,0,0
1098,29,291,806,0.815630,0,0
1099,27,291,807,0.815630,0,1
1100,25,291,808,0.815630,0,1
1101,23,291,809,0.815630,0,0
1102,21,291,810,0.815630,0,0
1103,19,291,811,0.815630,0,1
1104,17,291,812,0.815630,0,0
1105,15,291,813,0.815630,0,1
1106,13,291,814,0.815630,0,0
1107,29,292,814,0.815630,0,0
1108,27,292,815,0.815630,0,0
1109,25,292,816,0.815630,0,0
1110,23,292,817,0.813970,0,0
1111,29,293,817,0.812147,0,0
1112,27,293,818,0.811995,0,1
1113,29,294,818,0.811995,0,0
1114,27,294,819,0.811995,0,0
1115,25,294,820,0.811995,0,0
1116,29,295,820,0.811995,0,0
1117,27,295,821,0.811995,0,1
1118,25,295,822,0.811995,0,1
1119,23,295,823,0.811995,0,0
1120,21,295,824,0.811995,0,0
1121,19,295,825,0.810310,1,0
1122,17,295,826,0.810156,0,1
1123,29,296,826,0.810156,0,0
1124,27,296,827,0.810156,0,0
1125,25,296,828,0.810156,0,0
1126,23,296,829,0.810156,0,0
1127,29,297,829,0.808459,1,0
1128,27,297,830,0.808304,0,1
1129,29,298,830,0.808304,0,0
1130,27,298,831,0.808304,0,0
1131,25,298,832,0.808304,0,0
1132,29,299,832,0.808304,0,0
1133,27,299,833,0.808304,0,0
1134,25,299,834,0.808304,0,0
1135,29,300,834,0.808304,0,0
1136,27,300,835,0.808304,0,1
1137,25,300,836,0.808304,0,0
1138,23,300,837,0.808304,0,0
1139,21,300,838,0.808304,0,0
1140,19,300,839,0.808304,0,1
1141,17,300,840,0.808304,0,0
1142,15,300,841,0.808304,0,1
1143,13,300,842,0.808304,0,0
1144,29,301,842,0.808304,0,0
1145,27,301,843,0.808304,0,0
1146,25,301,844,0.808304,0,0
1147,23,301,845,0.808304,0,1
1148,21,301,846,0.808304,0,0
1149,19,301,847,0.808304,0,0
1150,17,301,848,0.808304,0,0
1151,15,301,849,0.808304,0,0
1152,13,301,850,0.808304,0,0
1153,11,301,851,0.808304,0,1
1154,9,301,852,0.808304,0,0
1155,7,301,853,0.808304,0,0
1156,5,301,854,0.808304,0,0
1157,3,301,855,0.808304,0,0
1158,1,301,856,0.808304,0,1
1159,0,301,857,0.808304,0,0
