tick,food_sensed_N,food_sensed_E,food_sensed_S,food_sensed_W,movement,food_consumed,energy,manhattan_dist,decision_made,conn_0_1,conn_0_2,conn_0_3,conn_0_4,conn_0_5,conn_0_6,conn_0_7,conn_0_8,conn_1_0,conn_1_3,conn_1_5,conn_1_8,conn_1_9,conn_1_10,conn_2_0,conn_2_1,conn_2_2,conn_2_4,conn_2_7,conn_2_8,conn_2_9,conn_3_1,conn_3_3,conn_3_4,conn_3_5,conn_3_6,conn_3_10,conn_4_1,conn_4_2,conn_4_3,conn_4_4,conn_4_6,conn_4_7,conn_4_8,conn_4_9,conn_5_0,conn_5_1,conn_5_2,conn_5_4,conn_5_6,conn_5_10,conn_6_0,conn_6_1,conn_6_2,conn_6_3,conn_6_4,conn_6_7,conn_6_9,conn_6_10,conn_7_0,conn_7_1,conn_7_2,conn_7_3,conn_7_4,conn_7_5,conn_7_7,conn_7_9,conn_7_10,conn_8_0,conn_8_1,conn_8_3,conn_8_7,conn_8_9,conn_9_0,conn_9_2,conn_9_3,conn_9_9,conn_10_0,conn_10_4,conn_10_6,conn_10_8,conn_10_9
0,0,0,0,0,stay,0,30,0,0,0.600000,-0.600000,-0.600000,0.600000,1.000000,-0.600000,-0.600000,-0.600000,0.600000,-0.600000,0.600000,-0.600000,0.600000,-0.600000,-0.600000,-0.600000,-0.600000,-0.600000,-0.600000,-0.600000,-0.600000,-0.600000,-0.600000,-0.600000,-0.600000,-0.600000,0.600000,-0.600000,-0.600000,-0.600000,-0.600000,0.600000,-0.600000,-0.600000,0.600000,-0.600000,-0.600000,-0.600000,-0.600000,-0.600000,0.600000,0.600000,0.600000,0.600000,0.600000,0.600000,-0.600000,-0.600000,-0.600000,-0.600000,-0.600000,-0.600000,-0.600000,0.600000,0.600000,-0.600000,0.600000,-0.600000,-0.600000,0.600000,0.600000,0.600000,-0.600000,0.600000,-0.600000,-0.600000,-0.600000,0.600000,-0.600000,-0.600000,0.600000,-0.600000
1,0,0,0,1,stay,0,29,0,1,0.590372,-0.603596,-0.600000,0.591575,1.000000,-0.601200,-0.598800,-0.600000,0.601200,-0.609568,0.598800,-0.600000,0.596396,-0.600000,-0.600000,-0.600000,-0.616685,-0.600000,-0.583096,-0.600000,-0.601200,-0.589158,-0.593988,-0.610755,-0.600000,-0.600000,0.616685,-0.600000,-0.600000,-0.583096,-0.600000,0.600000,-0.600000,-0.595193,0.598800,-0.600000,-0.600000,-0.600000,-0.600000,-0.600000,0.600000,0.602401,0.600000,0.598800,0.600000,0.600000,-0.600000,-0.600000,-0.598804,-0.583096,-0.600000,-0.600000,-0.596396,0.600000,0.595194,-0.603596,0.602400,-0.613134,-0.600000,0.583096,0.616685,0.604793,-0.604793,0.608374,-0.615502,-0.603596,-0.603596,0.613131,-0.600000,-0.600000,0.608374,-0.603596
2,0,0,0,1,stay,0,28,0,1,0.580673,-0.605988,-0.600000,0.585524,1.000000,-0.602399,-0.597599,-0.600000,0.602399,-0.617870,0.597599,-0.600000,0.592782,-0.600000,-0.600000,-0.600000,-0.630774,-0.600000,-0.568448,-0.600000,-0.602399,-0.580664,-0.589158,-0.619048,-0.600000,-0.600000,0.630774,-0.600000,-0.600000,-0.568448,-0.600000,0.600000,-0.600000,-0.591575,0.597599,-0.600000,-0.600000,-0.600000,-0.600000,-0.600000,0.600000,0.604798,0.600000,0.597599,0.600000,0.600000,-0.600000,-0.600000,-0.598807,-0.568448,-0.600000,-0.600000,-0.593988,0.600000,0.590369,-0.605988,0.603599,-0.624933,-0.600000,0.568448,0.630774,0.608374,-0.608374,0.615502,-0.628441,-0.607182,-0.607182,0.624931,-0.600000,-0.600000,0.614317,-0.605988
3,0,0,0,1,stay,0,27,0,1,0.569686,-0.608374,-0.600000,0.579447,1.000000,-0.603596,-0.596396,-0.600000,0.603596,-0.626104,0.596396,-0.600000,0.587948,-0.600000,-0.600000,-0.600000,-0.644645,-0.600000,-0.553677,-0.600000,-0.603596,-0.572122,-0.585525,-0.627272,-0.600000,-0.600000,0.644645,-0.600000,-0.600000,-0.553677,-0.600000,0.600000,-0.600000,-0.589158,0.596396,-0.600000,-0.600000,-0.600000,-0.600000,-0.600000,0.600000,0.607188,0.600000,0.596396,0.600000,0.600000,-0.600000,-0.600000,-0.596405,-0.553677,-0.600000,-0.600000,-0.591575,0.600000,0.584313,-0.608374,0.604796,-0.637742,-0.600000,0.553677,0.644645,0.610755,-0.610755,0.622582,-0.641199,-0.608374,-0.611944,0.636583,-0.600000,-0.600000,0.620227,-0.608374
4,0,0,1,0,S,0,25,1,1,0.541314,-0.608374,-0.600000,0.572122,1.000000,-0.608374,-0.591575,-0.600000,0.616685,-0.641204,0.583096,-0.600000,0.575789,-0.600000,-0.600000,-0.600000,-0.667225,-0.600000,-0.528858,-0.600000,-0.608374,-0.563536,-0.579449,-0.635423,-0.600000,-0.600000,0.667225,-0.600000,-0.600000,-0.528858,-0.600000,0.600000,-0.600000,-0.587948,0.583096,-0.600000,-0.600000,-0.600000,-0.600000,-0.600000,0.600000,0.608385,0.600000,0.591575,0.600000,0.600000,-0.600000,-0.600000,-0.594001,-0.528858,-0.600000,-0.600000,-0.591575,0.600000,0.567227,-0.608374,0.600009,-0.663892,-0.600000,0.528858,0.667225,0.611944,-0.611944,0.635426,-0.659402,-0.613131,-0.623756,0.659403,-0.600000,-0.600000,0.627272,-0.608374
5,0,0,0,1,N,0,23,0,1,0.530126,-0.608374,-0.600000,0.567221,1.000000,-0.609565,-0.590367,-0.600000,0.617867,-0.645797,0.581881,-0.600000,0.569673,-0.600000,-0.600000,-0.600000,-0.679333,-0.600000,-0.515137,-0.600000,-0.609565,-0.554912,-0.575791,-0.643498,-0.600000,-0.600000,0.679333,-0.600000,-0.600000,-0.515137,-0.600000,0.600000,-0.600000,-0.585524,0.581881,-0.600000,-0.600000,-0.600000,-0.600000,-0.600000,0.600000,0.611957,0.600000,0.590367,0.600000,0.600000,-0.600000,-0.600000,-0.591589,-0.515137,-0.600000,-0.600000,-0.591575,0.600000,0.559851,-0.608374,0.598809,-0.674969,-0.600000,0.515137,0.679333,0.614317,-0.614317,0.643504,-0.670550,-0.615502,-0.629608,0.671655,-0.600000,-0.600000,0.631939,-0.608374
6,0,0,0,1,stay,0,22,0,1,0.517658,-0.608374,-0.600000,0.562307,1.000000,-0.610755,-0.589158,-0.600000,0.619048,-0.652634,0.580664,-0.600000,0.564765,-0.600000,-0.600000,-0.600000,-0.692272,-0.600000,-0.500142,-0.600000,-0.610755,-0.547493,-0.569676,-0.650355,-0.600000,-0.600000,0.692272,-0.600000,-0.600000,-0.500142,-0.600000,0.600000,-0.600000,-0.580664,0.580664,-0.600000,-0.600000,-0.600000,-0.600000,-0.600000,0.600000,0.614333,0.600000,0.589158,0.600000,0.600000,-0.600000,-0.600000,-0.589174,-0.500142,-0.600000,-0.600000,-0.591575,0.600000,0.553685,-0.608374,0.597607,-0.684771,-0.600000,0.500142,0.692272,0.619048,-0.619048,0.652635,-0.682594,-0.617867,-0.634263,0.684760,-0.600000,-0.600000,0.636581,-0.608374
7,0,0,0,1,stay,0,21,0,1,0.500167,-0.610755,-0.600000,0.556146,1.000000,-0.613131,-0.586737,-0.600000,0.621405,-0.663892,0.578228,-0.600000,0.557380,-0.600000,-0.600000,-0.600000,-0.705957,-0.600000,-0.483897,-0.600000,-0.613131,-0.541293,-0.564768,-0.656023,-0.600000,-0.600000,0.705957,-0.600000,-0.600000,-0.483897,-0.600000,0.600000,-0.600000,-0.578228,0.578228,-0.600000,-0.600000,-0.600000,-0.600000,-0.600000,0.600000,0.614335,0.600000,0.586737,0.600000,0.600000,-0.600000,-0.600000,-0.587965,-0.483897,-0.600000,-0.600000,-0.589158,0.600000,0.543784,-0.610755,0.597610,-0.698648,-0.600000,0.483897,0.705957,0.621405,-0.621405,0.661654,-0.694400,-0.620227,-0.641199,0.696522,-0.600000,-0.600000,0.642349,-0.610755
8,0,0,1,0,S,0,19,1,1,0.485170,-0.610755,-0.600000,0.552441,1.000000,-0.616685,-0.583096,-0.600000,0.627272,-0.671663,0.572122,-0.600000,0.551205,-0.600000,-0.600000,-0.600000,-0.716239,-0.600000,-0.471421,-0.600000,-0.616685,-0.537567,-0.561079,-0.659402,-0.600000,-0.600000,0.716239,-0.600000,-0.600000,-0.471421,-0.600000,0.600000,-0.600000,-0.578228,0.572122,-0.600000,-0.600000,-0.600000,-0.600000,-0.600000,0.600000,0.614337,0.600000,0.583096,0.600000,0.600000,-0.600000,-0.600000,-0.586755,-0.471421,-0.600000,-0.600000,-0.589158,0.600000,0.533847,-0.610755,0.593999,-0.712174,-0.600000,0.471421,0.716239,0.621405,-0.621405,0.667232,-0.701784,-0.622581,-0.646934,0.706996,-0.600000,-0.600000,0.645790,-0.610755
9,0,1,0,0,S,0,17,2,1,0.475184,-0.610755,-0.600000,0.541293,1.000000,-0.619048,-0.580664,-0.600000,0.629608,-0.676062,0.569673,-0.600000,0.546254,-0.600000,-0.600000,-0.600000,-0.728287,-0.600000,-0.456497,-0.600000,-0.619048,-0.527612,-0.558616,-0.668335,-0.600000,-0.600000,0.728287,-0.600000,-0.600000,-0.456497,-0.600000,0.600000,-0.600000,-0.578228,0.569673,-0.600000,-0.600000,-0.600000,-0.598800,-0.600000,0.601200,0.613153,0.601200,0.580664,0.600000,0.600000,-0.598800,-0.600000,-0.577028,-0.456497,-0.600000,-0.600000,-0.589158,0.600000,0.526376,-0.610755,0.591586,-0.726326,-0.600000,0.456497,0.728287,0.621405,-0.621405,0.671662,-0.712152,-0.623756,-0.651492,0.719282,-0.600000,-0.600000,0.656023,-0.610755
10,0,1,0,0,stay,1,29,2,1,0.457760,-0.610755,-0.600000,0.537567,1.000000,-0.620227,-0.579447,-0.600000,0.631939,-0.684767,0.567221,-0.600000,0.538810,-0.600000,-0.600000,-0.600000,-0.740009,-0.600000,-0.441650,-0.600000,-0.620227,-0.522625,-0.557383,-0.672757,-0.600000,-0.600000,0.740009,-0.600000,-0.600000,-0.441650,-0.600000,0.600000,-0.600000,-0.578228,0.567221,-0.600000,-0.600000,-0.600000,-0.593988,-0.600000,0.605988,0.614342,0.605988,0.579447,0.600000,0.600000,-0.593988,-0.600000,-0.573364,-0.441650,-0.600000,-0.600000,-0.589158,0.600000,0.517645,-0.610755,0.590378,-0.739072,-0.600000,0.441650,0.740009,0.621405,-0.621405,0.678249,-0.723306,-0.623756,-0.658277,0.731249,-0.600000,-0.600000,0.659402,-0.610755
11,0,0,0,0,S,0,27,3,1,0.440435,-0.610755,-0.600000,0.535081,1.000000,-0.623756,-0.575789,-0.600000,0.635423,-0.693345,0.563536,-0.600000,0.531348,-0.600000,-0.600000,-0.600000,-0.750463,-0.600000,-0.428130,-0.600000,-0.623756,-0.518882,-0.553680,-0.676053,-0.600000,-0.600000,0.750463,-0.600000,-0.600000,-0.428130,-0.600000,0.600000,-0.600000,-0.578228,0.563536,-0.600000,-0.600000,-0.600000,-0.592782,-0.600000,0.607182,0.615528,0.607182,0.575789,0.600000,0.600000,-0.592782,-0.600000,-0.573366,-0.428130,-0.600000,-0.600000,-0.589158,0.600000,0.506403,-0.610755,0.586748,-0.752367,-0.600000,0.428130,0.750463,0.621405,-0.621405,0.684766,-0.731248,-0.626101,-0.664999,0.741932,-0.600000,-0.600000,0.661646,-0.610755
12,0,0,1,0,S,0,25,4,1,0.419589,-0.610755,-0.600000,0.532593,1.000000,-0.627272,-0.572122,-0.600000,0.646934,-0.702841,0.551205,-0.600000,0.521378,-0.600000,-0.600000,-0.600000,-0.760633,-0.600000,-0.414715,-0.600000,-0.627272,-0.516385,-0.549971,-0.678242,-0.600000,-0.600000,0.760633,-0.600000,-0.600000,-0.414715,-0.600000,0.600000,-0.600000,-0.578228,0.551205,-0.600000,-0.600000,-0.600000,-0.592782,-0.600000,0.607182,0.615531,0.607182,0.572122,0.600000,0.600000,-0.592782,-0.600000,-0.572143,-0.414715,-0.600000,-0.600000,-0.589158,0.600000,0.492654,-0.610755,0.583107,-0.765200,-0.600000,0.414715,0.760633,0.621405,-0.621405,0.693344,-0.739045,-0.627272,-0.673858,0.752335,-0.600000,-0.600000,0.663883,-0.610755
13,0,1,0,1,S,0,23,5,1,0.415938,-0.610755,-0.600000,0.518882,1.000000,-0.628441,-0.570898,-0.600000,0.648076,-0.704927,0.549968,-0.600000,0.520130,-0.600000,-0.600000,-0.600000,-0.771400,-0.600000,-0.400224,-0.600000,-0.628441,-0.503892,-0.548734,-0.689064,-0.600000,-0.600000,0.771400,-0.600000,-0.600000,-0.400224,-0.600000,0.600000,-0.600000,-0.578228,0.549968,-0.600000,-0.600000,-0.600000,-0.591575,-0.600000,0.608374,0.614348,0.608374,0.570898,0.600000,0.600000,-0.591575,-0.600000,-0.558634,-0.400224,-0.600000,-0.600000,-0.589158,0.600000,0.490154,-0.610755,0.581892,-0.776694,-0.600000,0.400224,0.771400,0.621405,-0.621405,0.694407,-0.749525,-0.627272,-0.674957,0.763358,-0.600000,-0.600000,0.676053,-0.610755
14,0,1,0,1,stay,1,29,5,1,0.383530,-0.610755,-0.600000,0.512639,1.000000,-0.633102,-0.565994,-0.600000,0.652627,-0.721307,0.545015,-0.600000,0.506391,-0.600000,-0.600000,-0.600000,-0.790243,-0.600000,-0.374117,-0.600000,-0.633102,-0.496392,-0.542537,-0.695461,-0.600000,-0.600000,0.790243,-0.600000,-0.600000,-0.374117,-0.600000,0.600000,-0.600000,-0.577009,0.545015,-0.600000,-0.600000,-0.600000,-0.581881,-0.600000,0.617867,0.615538,0.617867,0.565994,0.600000,0.600000,-0.581881,-0.600000,-0.552463,-0.374117,-0.600000,-0.600000,-0.589158,0.600000,0.471431,-0.610755,0.577020,-0.797662,-0.600000,0.374117,0.790243,0.622581,-0.622581,0.707002,-0.766060,-0.627272,-0.686916,0.782676,-0.600000,-0.600000,0.681509,-0.610755
15,0,0,0,0,S,0,27,6,1,0.363618,-0.610755,-0.600000,0.510140,1.000000,-0.636581,-0.562307,-0.600000,0.656023,-0.730273,0.541293,-0.600000,0.496392,-0.600000,-0.600000,-0.600000,-0.800029,-0.600000,-0.360168,-0.600000,-0.636581,-0.492642,-0.538813,-0.698632,-0.600000,-0.600000,0.800029,-0.600000,-0.600000,-0.360168,-0.600000,0.600000,-0.600000,-0.577009,0.541293,-0.600000,-0.600000,-0.600000,-0.581881,-0.600000,0.617867,0.616722,0.617867,0.562307,0.600000,0.600000,-0.581881,-0.600000,-0.551227,-0.360168,-0.600000,-0.600000,-0.589158,0.600000,0.457747,-0.610755,0.573356,-0.809521,-0.600000,0.360168,0.800029,0.622581,-0.622581,0.715227,-0.774038,-0.628441,-0.695461,0.792723,-0.600000,-0.600000,0.683678,-0.610755
16,0,0,0,0,S,0,25,7,1,0.347558,-0.610755,-0.600000,0.507641,1.000000,-0.640047,-0.558612,-0.600000,0.659402,-0.737121,0.537567,-0.600000,0.487644,-0.600000,-0.600000,-0.600000,-0.808696,-0.600000,-0.347584,-0.600000,-0.640047,-0.487644,-0.535084,-0.702830,-0.600000,-0.600000,0.808696,-0.600000,-0.600000,-0.347584,-0.600000,0.600000,-0.600000,-0.577009,0.537567,-0.600000,-0.600000,-0.600000,-0.581881,-0.600000,0.617867,0.619086,0.617867,0.558612,0.600000,0.600000,-0.581881,-0.600000,-0.549991,-0.347584,-0.600000,-0.600000,-0.589158,0.600000,0.445361,-0.610755,0.569684,-0.820105,-0.600000,0.347584,0.808696,0.622581,-0.622581,0.722310,-0.780967,-0.629608,-0.702830,0.801628,-0.600000,-0.600000,0.685838,-0.610755
17,0,0,0,0,S,0,23,8,1,0.323012,-0.610755,-0.600000,0.507641,1.000000,-0.646934,-0.551205,-0.600000,0.666113,-0.747652,0.530103,-0.600000,0.473914,-0.600000,-0.600000,-0.600000,-0.817074,-0.600000,-0.335209,-0.600000,-0.646934,-0.487644,-0.527615,-0.702830,-0.600000,-0.600000,0.817074,-0.600000,-0.600000,-0.335209,-0.600000,0.600000,-0.600000,-0.577009,0.530103,-0.600000,-0.600000,-0.600000,-0.581881,-0.600000,0.617867,0.619086,0.617867,0.551205,0.600000,0.600000,-0.581881,-0.600000,-0.549991,-0.335209,-0.600000,-0.600000,-0.589158,0.600000,0.424464,-0.610755,0.562318,-0.832339,-0.600000,0.335209,0.817074,0.622581,-0.622581,0.733218,-0.785219,-0.629608,-0.714200,0.810242,-0.600000,-0.600000,0.685838,-0.610755
18,0,1,0,0,E,0,21,9,1,0.291062,-0.610755,-0.600000,0.501392,1.000000,-0.651492,-0.546254,-0.600000,0.670550,-0.763368,0.525119,-0.600000,0.457739,-0.600000,-0.600000,-0.600000,-0.832970,-0.600000,-0.311135,-0.600000,-0.651492,-0.481400,-0.522628,-0.708031,-0.600000,-0.600000,0.832970,-0.600000,-0.600000,-0.311135,-0.600000,0.600000,-0.600000,-0.577009,0.525119,-0.600000,-0.600000,-0.600000,-0.572122,-0.600000,0.627272,0.619093,0.627272,0.546254,0.600000,0.600000,-0.572122,-0.600000,-0.543798,-0.311135,-0.600000,-0.600000,-0.589158,0.600000,0.403831,-0.610755,0.557391,-0.849743,-0.600000,0.311135,0.832970,0.622581,-0.622581,0.745753,-0.800029,-0.629608,-0.727295,0.826606,-0.600000,-0.600000,0.691205,-0.610755
19,0,1,0,0,stay,0,20,9,1,0.260080,-0.610755,-0.600000,0.496392,1.000000,-0.654892,-0.542534,-0.600000,0.676053,-0.779260,0.518882,-0.600000,0.441650,-0.600000,-0.600000,-0.600000,-0.847744,-0.600000,-0.288039,-0.600000,-0.654892,-0.476408,-0.518885,-0.712152,-0.600000,-0.600000,0.847744,-0.600000,-0.600000,-0.288039,-0.600000,0.600000,-0.600000,-0.577009,0.518882,-0.600000,-0.600000,-0.600000,-0.561076,-0.600000,0.637738,0.619099,0.637738,0.542534,0.600000,0.600000,-0.561076,-0.600000,-0.538833,-0.288039,-0.600000,-0.600000,-0.589158,0.600000,0.384714,-0.610755,0.553688,-0.865048,-0.600000,0.288039,0.847744,0.622581,-0.622581,0.757894,-0.814818,-0.629608,-0.740009,0.841835,-0.600000,-0.600000,0.695461,-0.610755
20,0,0,0,0,W,0,18,8,1,0.244944,-0.610755,-0.600000,0.492642,1.000000,-0.658277,-0.538810,-0.600000,0.679333,-0.786075,0.515137,-0.600000,0.431808,-0.600000,-0.600000,-0.600000,-0.854720,-0.600000,-0.276881,-0.600000,-0.658277,-0.472667,-0.515140,-0.715220,-0.600000,-0.600000,0.854720,-0.600000,-0.600000,-0.276881,-0.600000,0.600000,-0.600000,-0.577009,0.515137,-0.600000,-0.600000,-0.600000,-0.559845,-0.600000,0.638893,0.619101,0.638893,0.538810,0.600000,0.600000,-0.559845,-0.600000,-0.536348,-0.276881,-0.600000,-0.600000,-0.589158,0.600000,0.371770,-0.610755,0.549980,-0.873034,-0.600000,0.276881,0.854720,0.622581,-0.622581,0.765167,-0.820787,-0.630774,-0.747640,0.849033,-0.600000,-0.600000,0.698632,-0.610755
21,0,0,1,0,S,0,16,9,1,0.223379,-0.610755,-0.600000,0.492642,1.000000,-0.664999,-0.531348,-0.600000,0.692272,-0.796006,0.500142,-0.600000,0.417146,-0.600000,-0.600000,-0.600000,-0.862026,-0.600000,-0.265017,-0.600000,-0.664999,-0.472667,-0.507644,-0.715220,-0.600000,-0.600000,0.862026,-0.600000,-0.600000,-0.265017,-0.600000,0.600000,-0.600000,-0.577009,0.500142,-0.600000,-0.600000,-0.600000,-0.559845,-0.600000,0.638893,0.619101,0.638893,0.531348,0.600000,0.600000,-0.559845,-0.600000,-0.536348,-0.265017,-0.600000,-0.600000,-0.589158,0.600000,0.350980,-0.610755,0.542546,-0.882709,-0.600000,0.265017,0.862026,0.622581,-0.622581,0.775791,-0.825164,-0.630774,-0.758806,0.856577,-0.600000,-0.600000,0.698632,-0.610755
22,0,1,0,0,S,0,14,10,1,0.219919,-0.610755,-0.600000,0.478903,1.000000,-0.666113,-0.530103,-0.600000,0.693337,-0.797627,0.498892,-0.600000,0.414715,-0.600000,-0.600000,-0.600000,-0.869021,-0.600000,-0.253482,-0.600000,-0.666113,-0.460222,-0.506395,-0.725305,-0.600000,-0.600000,0.869021,-0.600000,-0.600000,-0.253482,-0.600000,0.600000,-0.600000,-0.577009,0.498892,-0.600000,-0.600000,-0.600000,-0.559845,-0.600000,0.638893,0.617922,0.638893,0.530103,0.600000,0.600000,-0.559845,-0.600000,-0.522649,-0.253482,-0.600000,-0.600000,-0.589158,0.600000,0.347566,-0.610755,0.541305,-0.889287,-0.600000,0.253482,0.869021,0.622581,-0.622581,0.777528,-0.832970,-0.630774,-0.760633,0.863804,-0.600000,-0.600000,0.710096,-0.610755
23,0,1,0,0,stay,1,29,10,1,0.208115,-0.610755,-0.600000,0.475161,1.000000,-0.667225,-0.528858,-0.600000,0.695461,-0.804017,0.496392,-0.600000,0.407449,-0.600000,-0.600000,-0.600000,-0.875713,-0.600000,-0.242283,-0.600000,-0.667225,-0.455257,-0.505145,-0.729276,-0.600000,-0.600000,0.875713,-0.600000,-0.600000,-0.242283,-0.600000,0.600000,-0.600000,-0.577009,0.496392,-0.600000,-0.600000,-0.600000,-0.554912,-0.600000,0.643498,0.619105,0.643498,0.528858,0.600000,0.600000,-0.554912,-0.600000,-0.518906,-0.242283,-0.600000,-0.600000,-0.589158,0.600000,0.339665,-0.610755,0.540063,-0.895541,-0.600000,0.242283,0.875713,0.622581,-0.622581,0.782681,-0.840496,-0.630774,-0.766060,0.870723,-0.600000,-0.600000,0.713177,-0.610755
24,0,0,0,0,S,0,27,11,1,0.191292,-0.610755,-0.600000,0.473914,1.000000,-0.671654,-0.523872,-0.600000,0.700735,-0.812552,0.490143,-0.600000,0.395430,-0.600000,-0.600000,-0.600000,-0.882109,-0.600000,-0.231425,-0.600000,-0.671654,-0.454017,-0.500145,-0.730263,-0.600000,-0.600000,0.882109,-0.600000,-0.600000,-0.231425,-0.600000,0.600000,-0.600000,-0.577009,0.490143,-0.600000,-0.600000,-0.600000,-0.553677,-0.600000,0.644645,0.619107,0.644645,0.523872,0.600000,0.600000,-0.553677,-0.600000,-0.517657,-0.231425,-0.600000,-0.600000,-0.589158,0.600000,0.324124,-0.610755,0.535092,-0.902812,-0.600000,0.231425,0.882109,0.622581,-0.622581,0.791077,-0.845794,-0.630774,-0.774913,0.877340,-0.600000,-0.600000,0.714200,-0.610755
25,0,0,0,0,S,0,25,12,1,0.176982,-0.610755,-0.600000,0.472667,1.000000,-0.676053,-0.518882,-0.600000,0.703875,-0.820060,0.486395,-0.600000,0.384718,-0.600000,-0.600000,-0.600000,-0.887720,-0.600000,-0.221774,-0.600000,-0.676053,-0.452778,-0.495145,-0.731248,-0.600000,-0.600000,0.887720,-0.600000,-0.600000,-0.221774,-0.600000,0.600000,-0.600000,-0.577009,0.486395,-0.600000,-0.600000,-0.600000,-0.553677,-0.600000,0.644645,0.619108,0.644645,0.518882,0.600000,0.600000,-0.553677,-0.600000,-0.516409,-0.221774,-0.600000,-0.600000,-0.589158,0.600000,0.310030,-0.610755,0.530115,-0.909216,-0.600000,0.221774,0.887720,0.622581,-0.622581,0.798428,-0.850312,-0.630774,-0.782675,0.883148,-0.600000,-0.600000,0.715220,-0.610755
26,0,1,0,1,S,0,23,13,1,0.154801,-0.610755,-0.600000,0.467684,1.000000,-0.681509,-0.512639,-0.600000,0.710096,-0.832981,0.478903,-0.600000,0.368278,-0.600000,-0.600000,-0.600000,-0.898245,-0.600000,-0.203345,-0.600000,-0.681509,-0.447826,-0.486398,-0.735165,-0.600000,-0.600000,0.898245,-0.600000,-0.600000,-0.203345,-0.600000,0.600000,-0.600000,-0.574567,0.478903,-0.600000,-0.600000,-0.600000,-0.542534,-0.600000,0.654892,0.619114,0.654892,0.512639,0.600000,0.600000,-0.542534,-0.600000,-0.511413,-0.203345,-0.600000,-0.600000,-0.589158,0.600000,0.290054,-0.610755,0.523884,-0.919044,-0.600000,0.203345,0.898245,0.624929,-0.624929,0.811020,-0.860830,-0.630774,-0.794363,0.894050,-0.600000,-0.600000,0.719281,-0.610755
27,0,0,1,0,E,0,21,14,1,0.152196,-0.610755,-0.600000,0.454017,1.000000,-0.681509,-0.512639,-0.600000,0.712152,-0.835061,0.476408,-0.600000,0.367115,-0.600000,-0.600000,-0.600000,-0.903610,-0.600000,-0.193784,-0.600000,-0.681509,-0.436723,-0.486398,-0.743843,-0.600000,-0.600000,0.903610,-0.600000,-0.600000,-0.193784,-0.600000,0.600000,-0.600000,-0.574567,0.476408,-0.600000,-0.600000,-0.600000,-0.542534,-0.600000,0.654892,0.616754,0.654892,0.512639,0.600000,0.600000,-0.542534,-0.600000,-0.497665,-0.193784,-0.600000,-0.600000,-0.589158,0.600000,0.289024,-0.610755,0.523884,-0.923406,-0.600000,0.193784,0.903610,0.624929,-0.624929,0.811786,-0.867876,-0.630774,-0.795179,0.899611,-0.600000,-0.600000,0.730263,-0.610755
28,0,0,1,0,stay,1,29,14,1,0.140908,-0.610755,-0.600000,0.447826,1.000000,-0.682594,-0.511390,-0.600000,0.724306,-0.842510,0.461465,-0.600000,0.359016,-0.600000,-0.600000,-0.600000,-0.909136,-0.600000,-0.183815,-0.600000,-0.682594,-0.434264,-0.485149,-0.745746,-0.600000,-0.600000,0.909136,-0.600000,-0.600000,-0.183815,-0.600000,0.600000,-0.600000,-0.574567,0.461465,-0.600000,-0.600000,-0.600000,-0.542534,-0.600000,0.654892,0.613206,0.654892,0.511390,0.600000,0.600000,-0.542534,-0.600000,-0.491416,-0.183815,-0.600000,-0.600000,-0.589158,0.600000,0.280864,-0.610755,0.522637,-0.928224,-0.600000,0.183815,0.909136,0.624929,-0.624929,0.817084,-0.874618,-0.630774,-0.800829,0.905342,-0.600000,-0.600000,0.735165,-0.610755
29,0,1,0,0,S,0,27,15,1,0.138496,-0.610755,-0.600000,0.434264,1.000000,-0.683678,-0.510140,-0.600000,0.726301,-0.843834,0.458980,-0.600000,0.356716,-0.600000,-0.600000,-0.600000,-0.913982,-0.600000,-0.174970,-0.600000,-0.683678,-0.422018,-0.483900,-0.755122,-0.600000,-0.600000,0.913982,-0.600000,-0.600000,-0.174970,-0.600000,0.600000,-0.600000,-0.574567,0.458980,-0.600000,-0.600000,-0.600000,-0.541293,-0.600000,0.656023,0.612020,0.656023,0.510140,0.600000,0.600000,-0.541293,-0.600000,-0.477679,-0.174970,-0.600000,-0.600000,-0.589158,0.600000,0.277838,-0.610755,0.521389,-0.932446,-0.600000,0.174970,0.913982,0.624929,-0.624929,0.818576,-0.880537,-0.630774,-0.802422,0.910371,-0.600000,-0.600000,0.745746,-0.610755
30,0,1,0,0,stay,1,29,15,1,0.122569,-0.610755,-0.600000,0.428130,1.000000,-0.687991,-0.505142,-0.600000,0.731248,-0.854106,0.452778,-0.600000,0.343059,-0.600000,-0.600000,-0.600000,-0.922262,-0.600000,-0.159629,-0.600000,-0.687991,-0.414715,-0.478906,-0.760633,-0.600000,-0.600000,0.922262,-0.600000,-0.600000,-0.159629,-0.600000,0.600000,-0.600000,-0.574567,0.452778,-0.600000,-0.600000,-0.600000,-0.531348,-0.600000,0.664999,0.613213,0.664999,0.505142,0.600000,0.600000,-0.531348,-0.600000,-0.471445,-0.159629,-0.600000,-0.600000,-0.589158,0.600000,0.262051,-0.610755,0.516397,-0.940210,-0.600000,0.159629,0.922262,0.624929,-0.624929,0.827331,-0.889702,-0.630774,-0.811776,0.918967,-0.600000,-0.600000,0.750463,-0.610755
31,0,0,1,1,S,0,27,16,1,0.107763,-0.610755,-0.600000,0.417146,1.000000,-0.689064,-0.503892,-0.600000,0.746695,-0.865571,0.433035,-0.600000,0.331872,-0.600000,-0.600000,-0.600000,-0.929807,-0.600000,-0.145396,-0.600000,-0.689064,-0.411078,-0.473917,-0.763357,-0.600000,-0.600000,0.929807,-0.600000,-0.600000,-0.145396,-0.600000,0.600000,-0.600000,-0.570898,0.433035,-0.600000,-0.600000,-0.600000,-0.530103,-0.600000,0.666113,0.606081,0.666113,0.503892,0.600000,0.600000,-0.530103,-0.600000,-0.460246,-0.145396,-0.600000,-0.600000,-0.589158,0.600000,0.251540,-0.610755,0.515148,-0.945602,-0.600000,0.145396,0.929807,0.628441,-0.628441,0.836434,-0.899611,-0.630774,-0.819309,0.926806,-0.600000,-0.600000,0.758806,-0.610755
32,0,0,1,0,S,0,25,17,1,0.105850,-0.610755,-0.600000,0.403831,1.000000,-0.689064,-0.503892,-0.600000,0.749525,-0.867310,0.429355,-0.600000,0.330763,-0.600000,-0.600000,-0.600000,-0.933631,-0.600000,-0.138085,-0.600000,-0.689064,-0.400224,-0.473917,-0.771400,-0.600000,-0.600000,0.933631,-0.600000,-0.600000,-0.138085,-0.600000,0.600000,-0.600000,-0.570898,0.429355,-0.600000,-0.600000,-0.600000,-0.530103,-0.600000,0.666113,0.603693,0.666113,0.503892,0.600000,0.600000,-0.530103,-0.600000,-0.446613,-0.138085,-0.600000,-0.600000,-0.589158,0.600000,0.250599,-0.610755,0.515148,-0.948614,-0.600000,0.138085,0.933631,0.628441,-0.628441,0.837118,-0.904912,-0.630774,-0.820049,0.930782,-0.600000,-0.600000,0.768741,-0.610755
33,0,0,1,0,stay,1,29,17,1,0.097597,-0.610755,-0.600000,0.401425,1.000000,-0.693337,-0.498892,-0.600000,0.759721,-0.872413,0.415930,-0.600000,0.320870,-0.600000,-0.600000,-0.600000,-0.937261,-0.600000,-0.131085,-0.600000,-0.693337,-0.396627,-0.468932,-0.774038,-0.600000,-0.600000,0.937261,-0.600000,-0.600000,-0.131085,-0.600000,0.600000,-0.600000,-0.570898,0.415930,-0.600000,-0.600000,-0.600000,-0.530103,-0.600000,0.666113,0.604890,0.666113,0.498892,0.600000,0.600000,-0.530103,-0.600000,-0.444142,-0.131085,-0.600000,-0.600000,-0.589158,0.600000,0.238566,-0.610755,0.510152,-0.952389,-0.600000,0.131085,0.937261,0.628441,-0.628441,0.843172,-0.908305,-0.630774,-0.826605,0.934557,-0.600000,-0.600000,0.770516,-0.610755
34,0,1,0,1,S,0,27,18,1,0.095406,-0.610755,-0.600000,0.389466,1.000000,-0.694400,-0.497642,-0.600000,0.760633,-0.873526,0.414715,-0.600000,0.317607,-0.600000,-0.600000,-0.600000,-0.940425,-0.600000,-0.124936,-0.600000,-0.694400,-0.385903,-0.465198,-0.781822,-0.600000,-0.600000,0.940425,-0.600000,-0.600000,-0.124936,-0.600000,0.600000,-0.600000,-0.568448,0.414715,-0.600000,-0.600000,-0.600000,-0.528858,-0.600000,0.667225,0.603696,0.667225,0.497642,0.600000,0.600000,-0.528858,-0.600000,-0.431831,-0.124936,-0.600000,-0.600000,-0.589158,0.600000,0.234945,-0.610755,0.508902,-0.954612,-0.600000,0.124936,0.940425,0.630774,-0.630774,0.846455,-0.912393,-0.630774,-0.828748,0.937848,-0.600000,-0.600000,0.779249,-0.610755
35,0,1,0,1,stay,1,29,18,1,0.083947,-0.610755,-0.600000,0.383535,1.000000,-0.697577,-0.493892,-0.600000,0.764261,-0.882119,0.409867,-0.600000,0.304736,-0.600000,-0.600000,-0.600000,-0.946310,-0.600000,-0.113376,-0.600000,-0.697577,-0.378814,-0.461468,-0.786904,-0.600000,-0.600000,0.946310,-0.600000,-0.600000,-0.113376,-0.600000,0.600000,-0.600000,-0.568448,0.409867,-0.600000,-0.600000,-0.600000,-0.518882,-0.600000,0.676053,0.604898,0.676053,0.493892,0.600000,0.600000,-0.518882,-0.600000,-0.425706,-0.113376,-0.600000,-0.600000,-0.589158,0.600000,0.221708,-0.610755,0.505153,-0.959745,-0.600000,0.113376,0.946310,0.630774,-0.630774,0.854105,-0.919710,-0.630774,-0.837110,0.943972,-0.600000,-0.600000,0.783526,-0.610755
36,0,0,0,0,S,0,27,19,1,0.076897,-0.610755,-0.600000,0.379992,1.000000,-0.700735,-0.490143,-0.600000,0.766956,-0.887229,0.406242,-0.600000,0.295277,-0.600000,-0.600000,-0.600000,-0.949525,-0.600000,-0.106992,-0.600000,-0.700735,-0.375289,-0.457741,-0.789412,-0.600000,-0.600000,0.949525,-0.600000,-0.600000,-0.106992,-0.600000,0.600000,-0.600000,-0.568448,0.406242,-0.600000,-0.600000,-0.600000,-0.517634,-0.600000,0.677148,0.604901,0.677148,0.490143,0.600000,0.600000,-0.517634,-0.600000,-0.422041,-0.106992,-0.600000,-0.600000,-0.589158,0.600000,0.211507,-0.610755,0.501403,-0.962733,-0.600000,0.106992,0.949525,0.630774,-0.630774,0.859633,-0.923333,-0.630774,-0.843163,0.947320,-0.600000,-0.600000,0.786063,-0.610755
37,0,0,0,1,S,0,25,20,1,0.068767,-0.610755,-0.600000,0.379992,1.000000,-0.706995,-0.482648,-0.600000,0.772282,-0.893106,0.399023,-0.600000,0.282934,-0.600000,-0.600000,-0.600000,-0.952331,-0.600000,-0.101383,-0.600000,-0.706995,-0.375289,-0.450303,-0.789412,-0.600000,-0.600000,0.952331,-0.600000,-0.600000,-0.101383,-0.600000,0.600000,-0.600000,-0.568448,0.399023,-0.600000,-0.600000,-0.600000,-0.517634,-0.600000,0.677148,0.604901,0.677148,0.482648,0.600000,0.600000,-0.517634,-0.600000,-0.422041,-0.101383,-0.600000,-0.600000,-0.589158,0.600000,0.196852,-0.610755,0.493904,-0.965843,-0.600000,0.101383,0.952331,0.630774,-0.630774,0.866731,-0.925434,-0.630774,-0.850948,0.950241,-0.600000,-0.600000,0.786063,-0.610755
38,0,1,0,1,S,0,23,21,1,0.060009,-0.610755,-0.600000,0.374117,1.000000,-0.711125,-0.477656,-0.600000,0.775785,-0.900968,0.394235,-0.600000,0.270908,-0.600000,-0.600000,-0.600000,-0.957094,-0.600000,-0.091773,-0.600000,-0.711125,-0.369443,-0.440418,-0.793544,-0.600000,-0.600000,0.957094,-0.600000,-0.600000,-0.091773,-0.600000,0.600000,-0.600000,-0.563536,0.394235,-0.600000,-0.600000,-0.600000,-0.508891,-0.600000,0.684759,0.604908,0.684759,0.477656,0.600000,0.600000,-0.508891,-0.600000,-0.415953,-0.091773,-0.600000,-0.600000,-0.589158,0.600000,0.184481,-0.610755,0.488905,-0.969300,-0.600000,0.091773,0.957094,0.635423,-0.635423,0.875726,-0.931424,-0.630774,-0.858412,0.955203,-0.600000,-0.600000,0.790243,-0.610755
39,1,0,0,0,W,0,21,20,1,0.059445,-0.610755,-0.600000,0.360168,1.000000,-0.711125,-0.477656,-0.600000,0.775785,-0.901415,0.394235,-0.600000,0.269920,-0.600000,-0.600000,-0.600000,-0.959496,-0.600000,-0.086883,-0.600000,-0.711125,-0.356716,-0.440418,-0.802422,-0.600000,-0.600000,0.959496,-0.600000,-0.600000,-0.086883,-0.600000,0.600000,-0.600000,-0.563536,0.394235,-0.600000,-0.600000,-0.600000,-0.507641,-0.600000,0.685838,0.603713,0.685838,0.477656,0.600000,0.600000,-0.507641,-0.600000,-0.405059,-0.086883,-0.600000,-0.600000,-0.589158,0.600000,0.183729,-0.610755,0.488905,-0.971040,-0.600000,0.086883,0.959496,0.635423,-0.635423,0.876270,-0.935167,-0.634263,-0.859020,0.957707,-0.600000,-0.600000,0.800029,-0.610755
40,1,0,0,0,stay,1,29,20,1,0.056700,-0.610755,-0.600000,0.345318,1.000000,-0.713177,-0.475161,-0.600000,0.776655,-0.904056,0.393041,-0.600000,0.265993,-0.600000,-0.600000,-0.600000,-0.963039,-0.600000,-0.079622,-0.600000,-0.713177,-0.341932,-0.437955,-0.812540,-0.600000,-0.600000,0.963039,-0.600000,-0.600000,-0.079622,-0.600000,0.600000,-0.600000,-0.563536,0.393041,-0.600000,-0.600000,-0.600000,-0.507641,-0.600000,0.685838,0.603719,0.685838,0.475161,0.600000,0.600000,-0.507641,-0.600000,-0.399040,-0.079622,-0.600000,-0.600000,-0.589158,0.600000,0.179266,-0.610755,0.486406,-0.973859,-0.600000,0.079622,0.963039,0.635423,-0.635423,0.878426,-0.940144,-0.643498,-0.861429,0.961400,-0.600000,-0.600000,0.810241,-0.610755
41,1,0,0,0,stay,0,28,20,1,0.054330,-0.610755,-0.600000,0.334095,1.000000,-0.715220,-0.472667,-0.600000,0.778387,-0.906208,0.390656,-0.600000,0.262102,-0.600000,-0.600000,-0.600000,-0.965790,-0.600000,-0.073941,-0.600000,-0.715220,-0.329656,-0.435494,-0.820787,-0.600000,-0.600000,0.965790,-0.600000,-0.600000,-0.073941,-0.600000,0.600000,-0.600000,-0.563536,0.390656,-0.600000,-0.600000,-0.600000,-0.507641,-0.600000,0.685838,0.604919,0.685838,0.472667,0.600000,0.600000,-0.507641,-0.600000,-0.395443,-0.073941,-0.600000,-0.600000,-0.589158,0.600000,0.174882,-0.610755,0.483908,-0.976061,-0.600000,0.073941,0.965790,0.635423,-0.635423,0.880550,-0.943972,-0.651492,-0.863804,0.964268,-0.600000,-0.600000,0.817821,-0.610755
42,1,0,0,0,stay,0,27,20,1,0.053560,-0.610755,-0.600000,0.324151,1.000000,-0.715220,-0.472667,-0.600000,0.778387,-0.907058,0.390656,-0.600000,0.261135,-0.600000,-0.600000,-0.600000,-0.967408,-0.600000,-0.070582,-0.600000,-0.715220,-0.320870,-0.435494,-0.826605,-0.600000,-0.600000,0.967408,-0.600000,-0.600000,-0.070582,-0.600000,0.600000,-0.600000,-0.563536,0.390656,-0.600000,-0.600000,-0.600000,-0.507641,-0.600000,0.685838,0.603726,0.685838,0.472667,0.600000,0.600000,-0.507641,-0.600000,-0.393051,-0.070582,-0.600000,-0.600000,-0.589158,0.600000,0.174161,-0.610755,0.483908,-0.977204,-0.600000,0.070582,0.967408,0.635423,-0.635423,0.881076,-0.946564,-0.659402,-0.864392,0.965955,-0.600000,-0.600000,0.824441,-0.610755
43,1,0,0,0,stay,0,26,20,1,0.052302,-0.610755,-0.600000,0.316524,1.000000,-0.716239,-0.471421,-0.600000,0.779249,-0.908318,0.389466,-0.600000,0.259208,-0.600000,-0.600000,-0.600000,-0.969102,-0.600000,-0.067051,-0.600000,-0.716239,-0.312209,-0.434265,-0.832273,-0.600000,-0.600000,0.969102,-0.600000,-0.600000,-0.067051,-0.600000,0.600000,-0.600000,-0.563536,0.389466,-0.600000,-0.600000,-0.600000,-0.507641,-0.600000,0.685838,0.604925,0.685838,0.471421,0.600000,0.600000,-0.507641,-0.600000,-0.391854,-0.067051,-0.600000,-0.600000,-0.589158,0.600000,0.172008,-0.610755,0.482660,-0.978507,-0.600000,0.067051,0.969102,0.635423,-0.635423,0.882122,-0.949043,-0.666113,-0.865562,0.967722,-0.600000,-0.600000,0.829457,-0.610755
44,1,0,0,0,stay,0,25,20,1,0.050347,-0.610755,-0.600000,0.307927,1.000000,-0.717255,-0.470175,-0.600000,0.780109,-0.910383,0.388277,-0.600000,0.256334,-0.600000,-0.600000,-0.600000,-0.970994,-0.600000,-0.063089,-0.600000,-0.717255,-0.303677,-0.431809,-0.837791,-0.600000,-0.600000,0.970994,-0.600000,-0.600000,-0.063089,-0.600000,0.600000,-0.600000,-0.562307,0.388277,-0.600000,-0.600000,-0.600000,-0.507641,-0.600000,0.685838,0.604930,0.685838,0.470175,0.600000,0.600000,-0.507641,-0.600000,-0.388280,-0.063089,-0.600000,-0.600000,-0.589158,0.600000,0.169171,-0.610755,0.481411,-0.979836,-0.600000,0.063089,0.970994,0.636581,-0.636581,0.884189,-0.951874,-0.671654,-0.867301,0.969697,-0.600000,-0.600000,0.835051,-0.610755
45,1,0,0,0,stay,0,24,20,1,0.049633,-0.610755,-0.600000,0.298411,1.000000,-0.717255,-0.470175,-0.600000,0.780109,-0.911601,0.388277,-0.600000,0.256334,-0.600000,-0.600000,-0.600000,-0.972641,-0.600000,-0.059627,-0.600000,-0.717255,-0.294237,-0.431809,-0.843824,-0.600000,-0.600000,0.972641,-0.600000,-0.600000,-0.059627,-0.600000,0.600000,-0.600000,-0.562307,0.388277,-0.600000,-0.600000,-0.600000,-0.507641,-0.600000,0.685838,0.604934,0.685838,0.470175,0.600000,0.600000,-0.507641,-0.600000,-0.385902,-0.059627,-0.600000,-0.600000,-0.589158,0.600000,0.169171,-0.610755,0.481411,-0.980990,-0.600000,0.059627,0.972641,0.636581,-0.636581,0.884189,-0.954555,-0.679333,-0.867301,0.971415,-0.600000,-0.600000,0.841166,-0.610755
46,1,0,0,0,stay,0,23,20,1,0.048000,-0.611944,-0.600000,0.288039,1.000000,-0.719281,-0.467684,-0.600000,0.780967,-0.913600,0.387090,-0.600000,0.253482,-0.600000,-0.600000,-0.600000,-0.974447,-0.600000,-0.055813,-0.600000,-0.719281,-0.283951,-0.428131,-0.850312,-0.600000,-0.600000,0.974447,-0.600000,-0.600000,-0.055813,-0.600000,0.600000,-0.600000,-0.561076,0.387090,-0.600000,-0.600000,-0.600000,-0.507641,-0.600000,0.685838,0.604939,0.685838,0.467684,0.600000,0.600000,-0.507641,-0.600000,-0.383528,-0.055813,-0.600000,-0.600000,-0.587948,0.600000,0.165679,-0.611944,0.480163,-0.982344,-0.600000,0.055813,0.974447,0.637738,-0.637738,0.886225,-0.957095,-0.686916,-0.869021,0.973170,-0.600000,-0.600000,0.847744,-0.611944
47,1,0,0,0,stay,0,22,20,1,0.046419,-0.611944,-0.600000,0.281920,1.000000,-0.720290,-0.466440,-0.600000,0.781822,-0.915168,0.385903,-0.600000,0.250650,-0.600000,-0.600000,-0.600000,-0.975785,-0.600000,-0.052978,-0.600000,-0.720290,-0.276881,-0.426907,-0.854720,-0.600000,-0.600000,0.975785,-0.600000,-0.600000,-0.052978,-0.600000,0.600000,-0.600000,-0.561076,0.385903,-0.600000,-0.600000,-0.600000,-0.507641,-0.600000,0.685838,0.606136,0.685838,0.466440,0.600000,0.600000,-0.507641,-0.600000,-0.382343,-0.052978,-0.600000,-0.600000,-0.587948,0.600000,0.162926,-0.611944,0.478915,-0.983358,-0.600000,0.052978,0.975785,0.637738,-0.637738,0.887732,-0.959106,-0.692272,-0.870722,0.974573,-0.600000,-0.600000,0.851583,-0.611944
48,0,0,1,0,S,0,20,21,1,0.042169,-0.611944,-0.600000,0.280907,1.000000,-0.725305,-0.460222,-0.600000,0.791072,-0.918978,0.372946,-0.600000,0.241365,-0.600000,-0.600000,-0.600000,-0.977054,-0.600000,-0.050279,-0.600000,-0.725305,-0.275880,-0.420800,-0.855341,-0.600000,-0.600000,0.977054,-0.600000,-0.600000,-0.050279,-0.600000,0.600000,-0.600000,-0.561076,0.372946,-0.600000,-0.600000,-0.600000,-0.507641,-0.600000,0.685838,0.606138,0.685838,0.460222,0.600000,0.600000,-0.507641,-0.600000,-0.382342,-0.050279,-0.600000,-0.600000,-0.587948,0.600000,0.152926,-0.611944,0.472678,-0.984622,-0.600000,0.050279,0.977054,0.637738,-0.637738,0.892629,-0.960269,-0.693337,-0.876257,0.975904,-0.600000,-0.600000,0.852215,-0.611944
49,0,0,0,0,S,0,18,22,1,0.041165,-0.611944,-0.600000,0.270908,1.000000,-0.726301,-0.458980,-0.600000,0.791898,-0.919723,0.371777,-0.600000,0.238626,-0.600000,-0.600000,-0.600000,-0.978258,-0.600000,-0.047711,-0.600000,-0.726301,-0.266971,-0.419581,-0.860830,-0.600000,-0.600000,0.978258,-0.600000,-0.600000,-0.047711,-0.600000,0.600000,-0.600000,-0.561076,0.371777,-0.600000,-0.600000,-0.600000,-0.507641,-0.600000,0.685838,0.604945,0.685838,0.458980,0.600000,0.600000,-0.507641,-0.600000,-0.370598,-0.047711,-0.600000,-0.600000,-0.587948,0.600000,0.150346,-0.611944,0.471432,-0.985507,-0.600000,0.047711,0.978258,0.637738,-0.637738,0.894061,-0.962138,-0.693337,-0.877877,0.977167,-0.600000,-0.600000,0.858412,-0.611944
50,0,0,0,0,stay,1,29,22,1,0.037741,-0.611944,-0.600000,0.268935,1.000000,-0.730263,-0.454017,-0.600000,0.795179,-0.922990,0.367115,-0.600000,0.230536,-0.600000,-0.600000,-0.600000,-0.979501,-0.600000,-0.045052,-0.600000,-0.730263,-0.264043,-0.414716,-0.862621,-0.600000,-0.600000,0.979501,-0.600000,-0.600000,-0.045052,-0.600000,0.600000,-0.600000,-0.561076,0.367115,-0.600000,-0.600000,-0.600000,-0.507641,-0.600000,0.685838,0.606141,0.685838,0.454017,0.600000,0.600000,-0.507641,-0.600000,-0.368267,-0.045052,-0.600000,-0.600000,-0.587948,0.600000,0.142208,-0.611944,0.466451,-0.986610,-0.600000,0.045052,0.979501,0.637738,-0.637738,0.898256,-0.963572,-0.693337,-0.882629,0.978471,-0.600000,-0.600000,0.859626,-0.611944
51,0,0,0,0,S,0,27,23,1,0.034258,-0.611944,-0.600000,0.267952,1.000000,-0.735165,-0.447826,-0.600000,0.799227,-0.926477,0.361322,-0.600000,0.221774,-0.600000,-0.600000,-0.600000,-0.980579,-0.600000,-0.042739,-0.600000,-0.735165,-0.263071,-0.408659,-0.863213,-0.600000,-0.600000,0.980579,-0.600000,-0.600000,-0.042739,-0.600000,0.600000,-0.600000,-0.561076,0.361322,-0.600000,-0.600000,-0.600000,-0.507641,-0.600000,0.685838,0.606143,0.685838,0.447826,0.600000,0.600000,-0.507641,-0.600000,-0.367104,-0.042739,-0.600000,-0.600000,-0.587948,0.600000,0.133278,-0.611944,0.460233,-0.987631,-0.600000,0.042739,0.980579,0.637738,-0.637738,0.902745,-0.964612,-0.693337,-0.887720,0.979602,-0.600000,-0.600000,0.860229,-0.611944
52,0,1,0,0,E,0,25,24,1,0.029608,-0.611944,-0.600000,0.262102,1.000000,-0.739045,-0.442884,-0.600000,0.803215,-0.932073,0.355569,-0.600000,0.210743,-0.600000,-0.600000,-0.600000,-0.982572,-0.600000,-0.038449,-0.600000,-0.739045,-0.258247,-0.403832,-0.866144,-0.600000,-0.600000,0.982572,-0.600000,-0.600000,-0.038449,-0.600000,0.600000,-0.600000,-0.561076,0.355569,-0.600000,-0.600000,-0.600000,-0.497642,-0.600000,0.694400,0.604954,0.694400,0.442884,0.600000,0.600000,-0.497642,-0.600000,-0.360157,-0.038449,-0.600000,-0.600000,-0.587948,0.600000,0.123736,-0.611944,0.455268,-0.989127,-0.600000,0.038449,0.982572,0.637738,-0.637738,0.908315,-0.967566,-0.693337,-0.894050,0.981693,-0.600000,-0.600000,0.863804,-0.611944
53,0,1,0,0,stay,0,24,24,1,0.027252,-0.611944,-0.600000,0.259208,1.000000,-0.740971,-0.440417,-0.600000,0.805578,-0.935177,0.352137,-0.600000,0.204972,-0.600000,-0.600000,-0.600000,-0.983653,-0.600000,-0.036112,-0.600000,-0.740971,-0.255381,-0.401426,-0.867876,-0.600000,-0.600000,0.983653,-0.600000,-0.600000,-0.036112,-0.600000,0.600000,-0.600000,-0.561076,0.352137,-0.600000,-0.600000,-0.600000,-0.492642,-0.600000,0.698632,0.604958,0.698632,0.440417,0.600000,0.600000,-0.492642,-0.600000,-0.356705,-0.036112,-0.600000,-0.600000,-0.587948,0.600000,0.118928,-0.611944,0.452789,-0.989907,-0.600000,0.036112,0.983653,0.637738,-0.637738,0.911194,-0.969252,-0.693337,-0.897326,0.982828,-0.600000,-0.600000,0.865562,-0.611944
54,0,0,0,0,S,0,22,25,1,0.024471,-0.611944,-0.600000,0.258247,1.000000,-0.745746,-0.434264,-0.600000,0.809470,-0.938440,0.346450,-0.600000,0.196142,-0.600000,-0.600000,-0.600000,-0.984592,-0.600000,-0.034076,-0.600000,-0.745746,-0.254430,-0.395431,-0.868450,-0.600000,-0.600000,0.984592,-0.600000,-0.600000,-0.034076,-0.600000,0.600000,-0.600000,-0.561076,0.346450,-0.600000,-0.600000,-0.600000,-0.491393,-0.600000,0.699685,0.604959,0.699685,0.434264,0.600000,0.600000,-0.491393,-0.600000,-0.355558,-0.034076,-0.600000,-0.600000,-0.587948,0.600000,0.110773,-0.611944,0.446600,-0.990725,-0.600000,0.034076,0.984592,0.637738,-0.637738,0.915554,-0.970281,-0.693337,-0.902293,0.983814,-0.600000,-0.600000,0.866144,-0.611944
55,0,0,0,0,N,0,20,27,1,0.021751,-0.611944,-0.600000,0.258247,1.000000,-0.751400,-0.426906,-0.600000,0.814818,-0.941823,0.338562,-0.600000,0.186840,-0.600000,-0.600000,-0.600000,-0.985479,-0.600000,-0.032151,-0.600000,-0.751400,-0.254430,-0.388278,-0.868450,-0.600000,-0.600000,0.985479,-0.600000,-0.600000,-0.032151,-0.600000,0.600000,-0.600000,-0.561076,0.338562,-0.600000,-0.600000,-0.600000,-0.491393,-0.600000,0.699685,0.604959,0.699685,0.426906,0.600000,0.600000,-0.491393,-0.600000,-0.355558,-0.032151,-0.600000,-0.600000,-0.587948,0.600000,0.102186,-0.611944,0.439196,-0.991520,-0.600000,0.032151,0.985479,0.637738,-0.637738,0.920088,-0.971136,-0.693337,-0.907467,0.984744,-0.600000,-0.600000,0.866144,-0.611944
56,0,0,0,0,E,0,18,28,1,0.019520,-0.611944,-0.600000,0.253482,1.000000,-0.755122,-0.422018,-0.600000,0.817821,-0.945032,0.334095,-0.600000,0.179350,-0.600000,-0.600000,-0.600000,-0.986516,-0.600000,-0.029892,-0.600000,-0.755122,-0.251592,-0.383536,-0.870157,-0.600000,-0.600000,0.986516,-0.600000,-0.600000,-0.029892,-0.600000,0.600000,-0.600000,-0.561076,0.334095,-0.600000,-0.600000,-0.600000,-0.491393,-0.600000,0.699685,0.602570,0.699685,0.422018,0.600000,0.600000,-0.491393,-0.600000,-0.349846,-0.029892,-0.600000,-0.600000,-0.587948,0.600000,0.095921,-0.611944,0.434275,-0.992285,-0.600000,0.029892,0.986516,0.637738,-0.637738,0.923695,-0.972641,-0.693337,-0.911589,0.985834,-0.600000,-0.600000,0.869021,-0.611944
57,0,0,0,0,S,0,16,27,1,0.017256,-0.611944,-0.600000,0.250650,1.000000,-0.759721,-0.415930,-0.600000,0.821522,-0.948320,0.328551,-0.600000,0.170675,-0.600000,-0.600000,-0.600000,-0.987481,-0.600000,-0.027787,-0.600000,-0.759721,-0.249711,-0.377639,-0.871285,-0.600000,-0.600000,0.987481,-0.600000,-0.600000,-0.027787,-0.600000,0.600000,-0.600000,-0.561076,0.328551,-0.600000,-0.600000,-0.600000,-0.491393,-0.600000,0.699685,0.601376,0.699685,0.415930,0.600000,0.600000,-0.491393,-0.600000,-0.346440,-0.027787,-0.600000,-0.600000,-0.587948,0.600000,0.088777,-0.611944,0.428141,-0.993016,-0.600000,0.027787,0.987481,0.637738,-0.637738,0.927827,-0.973944,-0.693337,-0.916316,0.986846,-0.600000,-0.600000,0.870722,-0.611944
58,0,1,1,0,S,0,14,26,1,0.015633,-0.611944,-0.600000,0.246908,1.000000,-0.762452,-0.412289,-0.600000,0.830165,-0.951189,0.315442,-0.600000,0.165078,-0.600000,-0.600000,-0.600000,-0.988261,-0.600000,-0.026080,-0.600000,-0.762452,-0.248775,-0.374118,-0.871846,-0.600000,-0.600000,0.988261,-0.600000,-0.600000,-0.026080,-0.600000,0.600000,-0.600000,-0.561076,0.315442,-0.600000,-0.600000,-0.600000,-0.483897,-0.600000,0.705957,0.597777,0.705957,0.412289,0.600000,0.600000,-0.483897,-0.600000,-0.341922,-0.026080,-0.600000,-0.600000,-0.587948,0.600000,0.084415,-0.611944,0.424471,-0.993552,-0.600000,0.026080,0.988261,0.637738,-0.637738,0.930466,-0.975186,-0.693337,-0.919339,0.987666,-0.600000,-0.600000,0.872961,-0.611944
59,0,0,1,0,S,0,12,25,1,0.015176,-0.611944,-0.600000,0.236811,1.000000,-0.762452,-0.412289,-0.600000,0.832970,-0.952339,0.311135,-0.600000,0.164389,-0.600000,-0.600000,-0.600000,-0.988939,-0.600000,-0.024595,-0.600000,-0.762452,-0.242283,-0.374118,-0.875713,-0.600000,-0.600000,0.988939,-0.600000,-0.600000,-0.024595,-0.600000,0.600000,-0.600000,-0.561076,0.311135,-0.600000,-0.600000,-0.600000,-0.483897,-0.600000,0.705957,0.592962,0.705957,0.412289,0.600000,0.600000,-0.483897,-0.600000,-0.329646,-0.024595,-0.600000,-0.600000,-0.587948,0.600000,0.084028,-0.611944,0.424471,-0.993926,-0.600000,0.024595,0.988939,0.637738,-0.637738,0.930789,-0.976601,-0.693337,-0.919710,0.988377,-0.600000,-0.600000,0.878947,-0.611944
60,0,0,1,0,stay,1,29,25,1,0.013745,-0.611944,-0.600000,0.235907,1.000000,-0.766060,-0.407449,-0.600000,0.839823,-0.954563,0.300511,-0.600000,0.157624,-0.600000,-0.600000,-0.600000,-0.989578,-0.600000,-0.023193,-0.600000,-0.766060,-0.240450,-0.369443,-0.876799,-0.600000,-0.600000,0.989578,-0.600000,-0.600000,-0.023193,-0.600000,0.600000,-0.600000,-0.561076,0.300511,-0.600000,-0.600000,-0.600000,-0.483897,-0.600000,0.705957,0.594168,0.705957,0.407449,0.600000,0.600000,-0.483897,-0.600000,-0.328541,-0.023193,-0.600000,-0.600000,-0.587948,0.600000,0.078778,-0.611944,0.419591,-0.994392,-0.600000,0.023193,0.989578,0.637738,-0.637738,0.933948,-0.977500,-0.693337,-0.923333,0.989048,-0.600000,-0.600000,0.879479,-0.611944
61,0,0,0,1,S,0,27,24,1,0.013476,-0.611944,-0.600000,0.226125,1.000000,-0.766956,-0.406242,-0.600000,0.840496,-0.954995,0.299460,-0.600000,0.156299,-0.600000,-0.600000,-0.600000,-0.990180,-0.600000,-0.021869,-0.600000,-0.766956,-0.231425,-0.367115,-0.882109,-0.600000,-0.600000,0.990180,-0.600000,-0.600000,-0.021869,-0.600000,0.600000,-0.600000,-0.559845,0.299460,-0.600000,-0.600000,-0.600000,-0.483897,-0.600000,0.705957,0.592963,0.705957,0.406242,0.600000,0.600000,-0.483897,-0.600000,-0.316514,-0.021869,-0.600000,-0.600000,-0.587948,0.600000,0.077693,-0.611944,0.418373,-0.994718,-0.600000,0.021869,0.990180,0.638893,-0.638893,0.934870,-0.978681,-0.693337,-0.924039,0.989681,-0.600000,-0.600000,0.885199,-0.611944
62,0,0,0,1,stay,1,29,24,1,0.012083,-0.611944,-0.600000,0.219192,1.000000,-0.767850,-0.405036,-0.600000,0.841166,-0.957916,0.298411,-0.600000,0.151087,-0.600000,-0.600000,-0.600000,-0.991196,-0.600000,-0.019630,-0.600000,-0.767850,-0.224377,-0.360169,-0.886213,-0.600000,-0.600000,0.991196,-0.600000,-0.600000,-0.019630,-0.600000,0.600000,-0.600000,-0.553677,0.298411,-0.600000,-0.600000,-0.600000,-0.483897,-0.600000,0.705957,0.592970,0.705957,0.405036,0.600000,0.600000,-0.483897,-0.600000,-0.307917,-0.019630,-0.600000,-0.600000,-0.587948,0.600000,0.074521,-0.611944,0.417157,-0.995171,-0.600000,0.019630,0.991196,0.644645,-0.644645,0.938725,-0.980770,-0.693337,-0.926806,0.990748,-0.600000,-0.600000,0.889209,-0.611944
63,0,0,0,1,stay,0,28,24,1,0.010359,-0.611944,-0.600000,0.214938,1.000000,-0.771400,-0.400224,-0.600000,0.844483,-0.961406,0.293198,-0.600000,0.142924,-0.600000,-0.600000,-0.600000,-0.992108,-0.600000,-0.017617,-0.600000,-0.771400,-0.220911,-0.348717,-0.888218,-0.600000,-0.600000,0.992108,-0.600000,-0.600000,-0.017617,-0.600000,0.600000,-0.600000,-0.546254,0.293198,-0.600000,-0.600000,-0.600000,-0.483897,-0.600000,0.705957,0.591768,0.705957,0.400224,0.600000,0.600000,-0.483897,-0.600000,-0.302610,-0.017617,-0.600000,-0.600000,-0.587948,0.600000,0.068849,-0.611944,0.412300,-0.995630,-0.600000,0.017617,0.992108,0.651492,-0.651492,0.943982,-0.982399,-0.693337,-0.931103,0.991706,-0.600000,-0.600000,0.891653,-0.611944
64,0,0,1,0,W,0,26,23,1,0.010105,-0.611944,-0.600000,0.204158,1.000000,-0.771400,-0.400224,-0.600000,0.847096,-0.962143,0.289067,-0.600000,0.142311,-0.600000,-0.600000,-0.600000,-0.992602,-0.600000,-0.016524,-0.600000,-0.771400,-0.213253,-0.348717,-0.892617,-0.600000,-0.600000,0.992602,-0.600000,-0.600000,-0.016524,-0.600000,0.600000,-0.600000,-0.546254,0.289067,-0.600000,-0.600000,-0.600000,-0.483897,-0.600000,0.705957,0.586930,0.705957,0.400224,0.600000,0.600000,-0.483897,-0.600000,-0.289057,-0.016524,-0.600000,-0.600000,-0.587948,0.600000,0.068529,-0.611944,0.412300,-0.995905,-0.600000,0.016524,0.992602,0.651492,-0.651492,0.944246,-0.983491,-0.693337,-0.931424,0.992225,-0.600000,-0.600000,0.897787,-0.611944
65,0,0,1,0,stay,1,29,23,1,0.009194,-0.611944,-0.600000,0.202535,1.000000,-0.774913,-0.395430,-0.600000,0.852844,-0.963927,0.279897,-0.600000,0.136897,-0.600000,-0.600000,-0.600000,-0.993031,-0.600000,-0.015575,-0.600000,-0.774913,-0.211577,-0.344185,-0.893574,-0.600000,-0.600000,0.993031,-0.600000,-0.600000,-0.015575,-0.600000,0.600000,-0.600000,-0.546254,0.279897,-0.600000,-0.600000,-0.600000,-0.483897,-0.600000,0.705957,0.586931,0.705957,0.395430,0.600000,0.600000,-0.483897,-0.600000,-0.287004,-0.015575,-0.600000,-0.600000,-0.587948,0.600000,0.064480,-0.611944,0.407460,-0.996219,-0.600000,0.015575,0.993031,0.651492,-0.651492,0.946574,-0.984130,-0.693337,-0.934249,0.992676,-0.600000,-0.600000,0.898702,-0.611944
66,0,0,0,0,S,0,27,22,1,0.009012,-0.611944,-0.600000,0.193784,1.000000,-0.775785,-0.394235,-0.600000,0.853472,-0.964274,0.278890,-0.600000,0.135718,-0.600000,-0.600000,-0.600000,-0.993435,-0.600000,-0.014679,-0.600000,-0.775785,-0.203345,-0.343057,-0.898245,-0.600000,-0.600000,0.993435,-0.600000,-0.600000,-0.014679,-0.600000,0.600000,-0.600000,-0.546254,0.278890,-0.600000,-0.600000,-0.600000,-0.483897,-0.600000,0.705957,0.585719,0.705957,0.394235,0.600000,0.600000,-0.483897,-0.600000,-0.275871,-0.014679,-0.600000,-0.600000,-0.587948,0.600000,0.063578,-0.611944,0.406253,-0.996457,-0.600000,0.014679,0.993435,0.651492,-0.651492,0.947078,-0.984968,-0.693337,-0.934862,0.993101,-0.600000,-0.600000,0.903610,-0.611944
67,0,0,0,0,stay,1,29,22,1,0.008281,-0.611944,-0.600000,0.190674,1.000000,-0.778387,-0.390656,-0.600000,0.855960,-0.965796,0.274881,-0.600000,0.131085,-0.600000,-0.600000,-0.600000,-0.993816,-0.600000,-0.013834,-0.600000,-0.778387,-0.200923,-0.339681,-0.899611,-0.600000,-0.600000,0.993816,-0.600000,-0.600000,-0.013834,-0.600000,0.600000,-0.600000,-0.546254,0.274881,-0.600000,-0.600000,-0.600000,-0.483897,-0.600000,0.705957,0.584507,0.705957,0.390656,0.600000,0.600000,-0.483897,-0.600000,-0.271889,-0.013834,-0.600000,-0.600000,-0.587948,0.600000,0.060371,-0.611944,0.402638,-0.996713,-0.600000,0.013834,0.993816,0.651492,-0.651492,0.949052,-0.985622,-0.693337,-0.937261,0.993501,-0.600000,-0.600000,0.905342,-0.611944
68,0,0,1,0,S,0,27,21,1,0.007274,-0.611944,-0.600000,0.184568,1.000000,-0.781822,-0.385903,-0.600000,0.863804,-0.968194,0.262102,-0.600000,0.124936,-0.600000,-0.600000,-0.600000,-0.994403,-0.600000,-0.012531,-0.600000,-0.781822,-0.196933,-0.335206,-0.901851,-0.600000,-0.600000,0.994403,-0.600000,-0.600000,-0.012531,-0.600000,0.600000,-0.600000,-0.546254,0.262102,-0.600000,-0.600000,-0.600000,-0.483897,-0.600000,0.705957,0.580864,0.705957,0.385903,0.600000,0.600000,-0.483897,-0.600000,-0.264034,-0.012531,-0.600000,-0.600000,-0.587948,0.600000,0.056240,-0.611944,0.397835,-0.997085,-0.600000,0.012531,0.994403,0.651492,-0.651492,0.951652,-0.986715,-0.693337,-0.940425,0.994117,-0.600000,-0.600000,0.908721,-0.611944
69,0,0,0,0,S,0,25,20,1,0.007130,-0.611944,-0.600000,0.176421,1.000000,-0.782675,-0.384718,-0.600000,0.864392,-0.968501,0.261135,-0.600000,0.123844,-0.600000,-0.600000,-0.600000,-0.994728,-0.600000,-0.011808,-0.600000,-0.782675,-0.189133,-0.334092,-0.906197,-0.600000,-0.600000,0.994728,-0.600000,-0.600000,-0.011808,-0.600000,0.600000,-0.600000,-0.546254,0.261135,-0.600000,-0.600000,-0.600000,-0.483897,-0.600000,0.705957,0.579646,0.705957,0.384718,0.600000,0.600000,-0.483897,-0.600000,-0.253473,-0.011808,-0.600000,-0.600000,-0.587948,0.600000,0.055446,-0.611944,0.396637,-0.997268,-0.600000,0.011808,0.994728,0.651492,-0.651492,0.952111,-0.987419,-0.693337,-0.940984,0.994459,-0.600000,-0.600000,0.913191,-0.611944
70,0,0,0,0,stay,1,29,20,1,0.006583,-0.611944,-0.600000,0.173529,1.000000,-0.784374,-0.382353,-0.600000,0.867301,-0.969702,0.256334,-0.600000,0.119561,-0.600000,-0.600000,-0.600000,-0.995059,-0.600000,-0.011071,-0.600000,-0.784374,-0.185323,-0.331869,-0.908305,-0.600000,-0.600000,0.995059,-0.600000,-0.600000,-0.011071,-0.600000,0.600000,-0.600000,-0.546254,0.256334,-0.600000,-0.600000,-0.600000,-0.483897,-0.600000,0.705957,0.580868,0.705957,0.382353,0.600000,0.600000,-0.483897,-0.600000,-0.249703,-0.011071,-0.600000,-0.600000,-0.587948,0.600000,0.052877,-0.611944,0.394245,-0.997466,-0.600000,0.011071,0.995059,0.651492,-0.651492,0.953907,-0.988086,-0.693337,-0.943172,0.994806,-0.600000,-0.600000,0.914767,-0.611944
71,0,0,0,0,S,0,27,19,1,0.005840,-0.611944,-0.600000,0.172812,1.000000,-0.788578,-0.376463,-0.600000,0.870722,-0.971420,0.250650,-0.600000,0.113376,-0.600000,-0.600000,-0.600000,-0.995369,-0.600000,-0.010380,-0.600000,-0.788578,-0.184568,-0.326345,-0.908721,-0.600000,-0.600000,0.995369,-0.600000,-0.600000,-0.010380,-0.600000,0.600000,-0.600000,-0.546254,0.250650,-0.600000,-0.600000,-0.600000,-0.483897,-0.600000,0.705957,0.580869,0.705957,0.376463,0.600000,0.600000,-0.483897,-0.600000,-0.248766,-0.010380,-0.600000,-0.600000,-0.587948,0.600000,0.048765,-0.611944,0.388288,-0.997684,-0.600000,0.010380,0.995369,0.651492,-0.651492,0.956480,-0.988549,-0.693337,-0.946310,0.995132,-0.600000,-0.600000,0.915156,-0.611944
72,0,0,0,0,S,0,25,18,1,0.005180,-0.611944,-0.600000,0.172812,1.000000,-0.793544,-0.369443,-0.600000,0.874068,-0.973043,0.245051,-0.600000,0.107472,-0.600000,-0.600000,-0.600000,-0.995638,-0.600000,-0.009780,-0.600000,-0.793544,-0.184568,-0.319778,-0.908721,-0.600000,-0.600000,0.995638,-0.600000,-0.600000,-0.009780,-0.600000,0.600000,-0.600000,-0.546254,0.245051,-0.600000,-0.600000,-0.600000,-0.483897,-0.600000,0.705957,0.580869,0.705957,0.369443,0.600000,0.600000,-0.483897,-0.600000,-0.248766,-0.009780,-0.600000,-0.600000,-0.587948,0.600000,0.044741,-0.611944,0.381182,-0.997884,-0.600000,0.009780,0.995638,0.651492,-0.651492,0.958915,-0.988884,-0.693337,-0.949285,0.995415,-0.600000,-0.600000,0.915156,-0.611944
73,0,1,1,1,S,0,23,17,1,0.004664,-0.611944,-0.600000,0.170675,1.000000,-0.796806,-0.364793,-0.600000,0.881063,-0.974576,0.233211,-0.600000,0.103223,-0.600000,-0.600000,-0.600000,-0.995933,-0.600000,-0.009124,-0.600000,-0.796806,-0.183065,-0.315440,-0.909549,-0.600000,-0.600000,0.995933,-0.600000,-0.600000,-0.009124,-0.600000,0.600000,-0.600000,-0.546254,0.233211,-0.600000,-0.600000,-0.600000,-0.477656,-0.600000,0.711125,0.579653,0.711125,0.364793,0.600000,0.600000,-0.477656,-0.600000,-0.245970,-0.009124,-0.600000,-0.600000,-0.587948,0.600000,0.042035,-0.611944,0.376473,-0.998066,-0.600000,0.009124,0.995933,0.651492,-0.651492,0.960656,-0.989422,-0.693337,-0.951413,0.995725,-0.600000,-0.600000,0.916316,-0.611944
74,0,1,1,0,S,0,21,16,1,0.004549,-0.611944,-0.600000,0.163018,1.000000,-0.796806,-0.364793,-0.600000,0.883147,-0.975068,0.229649,-0.600000,0.102760,-0.600000,-0.600000,-0.600000,-0.996169,-0.600000,-0.008596,-0.600000,-0.796806,-0.177150,-0.314360,-0.912793,-0.600000,-0.600000,0.996169,-0.600000,-0.600000,-0.008596,-0.600000,0.600000,-0.600000,-0.545015,0.229649,-0.600000,-0.600000,-0.600000,-0.477656,-0.600000,0.711125,0.575997,0.711125,0.364793,0.600000,0.600000,-0.477656,-0.600000,-0.235899,-0.008596,-0.600000,-0.600000,-0.587948,0.600000,0.041833,-0.611944,0.376473,-0.998170,-0.600000,0.008596,0.996169,0.652627,-0.652627,0.961033,-0.990033,-0.693337,-0.951644,0.995973,-0.600000,-0.600000,0.920447,-0.611944
75,0,1,1,0,stay,1,29,16,1,0.004178,-0.611944,-0.600000,0.160302,1.000000,-0.798422,-0.362477,-0.600000,0.888715,-0.976258,0.220051,-0.600000,0.099571,-0.600000,-0.600000,-0.600000,-0.996392,-0.600000,-0.008098,-0.600000,-0.798422,-0.175694,-0.312207,-0.913587,-0.600000,-0.600000,0.996392,-0.600000,-0.600000,-0.008098,-0.600000,0.600000,-0.600000,-0.545015,0.220051,-0.600000,-0.600000,-0.600000,-0.471421,-0.600000,0.716239,0.573554,0.716239,0.362477,0.600000,0.600000,-0.471421,-0.600000,-0.232308,-0.008098,-0.600000,-0.600000,-0.587948,0.600000,0.040061,-0.611944,0.374127,-0.998294,-0.600000,0.008098,0.996392,0.652627,-0.652627,0.962326,-0.990516,-0.693337,-0.953233,0.996207,-0.600000,-0.600000,0.921902,-0.611944
76,0,0,1,0,S,0,27,15,1,0.004034,-0.611944,-0.600000,0.153024,1.000000,-0.798422,-0.362477,-0.600000,0.891168,-0.976832,0.215784,-0.600000,0.098677,-0.600000,-0.600000,-0.600000,-0.996602,-0.600000,-0.007629,-0.600000,-0.798422,-0.170675,-0.312207,-0.916316,-0.600000,-0.600000,0.996602,-0.600000,-0.600000,-0.007629,-0.600000,0.600000,-0.600000,-0.545015,0.215784,-0.600000,-0.600000,-0.600000,-0.471421,-0.600000,0.716239,0.568657,0.716239,0.362477,0.600000,0.600000,-0.471421,-0.600000,-0.222631,-0.007629,-0.600000,-0.600000,-0.587948,0.600000,0.039677,-0.611944,0.374127,-0.998393,-0.600000,0.007629,0.996602,0.652627,-0.652627,0.962688,-0.991064,-0.693337,-0.953677,0.996428,-0.600000,-0.600000,0.925779,-0.611944
77,0,0,1,0,stay,1,29,15,1,0.003632,-0.611944,-0.600000,0.149807,1.000000,-0.800829,-0.359016,-0.600000,0.896863,-0.978047,0.205790,-0.600000,0.094309,-0.600000,-0.600000,-0.600000,-0.996816,-0.600000,-0.007151,-0.600000,-0.800829,-0.169261,-0.308992,-0.917082,-0.600000,-0.600000,0.996816,-0.600000,-0.600000,-0.007151,-0.600000,0.600000,-0.600000,-0.545015,0.205790,-0.600000,-0.600000,-0.600000,-0.471421,-0.600000,0.716239,0.564976,0.716239,0.359016,0.600000,0.600000,-0.471421,-0.600000,-0.218329,-0.007151,-0.600000,-0.600000,-0.587948,0.600000,0.037265,-0.611944,0.370619,-0.998517,-0.600000,0.007151,0.996816,0.652627,-0.652627,0.964447,-0.991498,-0.693337,-0.955842,0.996653,-0.600000,-0.600000,0.927482,-0.611944
78,0,1,0,0,S,0,27,14,1,0.003614,-0.611944,-0.600000,0.142311,1.000000,-0.800829,-0.359016,-0.600000,0.897326,-0.978155,0.204972,-0.600000,0.094309,-0.600000,-0.600000,-0.600000,-0.997001,-0.600000,-0.006736,-0.600000,-0.800829,-0.161655,-0.308992,-0.921177,-0.600000,-0.600000,0.997001,-0.600000,-0.600000,-0.006736,-0.600000,0.600000,-0.600000,-0.545015,0.204972,-0.600000,-0.600000,-0.600000,-0.471421,-0.600000,0.716239,0.563747,0.716239,0.359016,0.600000,0.600000,-0.471421,-0.600000,-0.208248,-0.006736,-0.600000,-0.600000,-0.587948,0.600000,0.037265,-0.611944,0.370619,-0.998603,-0.600000,0.006736,0.997001,0.652627,-0.652627,0.964447,-0.991990,-0.693337,-0.955842,0.996847,-0.600000,-0.600000,0.931424,-0.611944
79,0,1,0,0,stay,1,29,14,1,0.003157,-0.611944,-0.600000,0.138682,1.000000,-0.804005,-0.354423,-0.600000,0.900062,-0.979705,0.200120,-0.600000,0.089298,-0.600000,-0.600000,-0.600000,-0.997313,-0.600000,-0.006037,-0.600000,-0.804005,-0.156960,-0.304734,-0.923687,-0.600000,-0.600000,0.997313,-0.600000,-0.600000,-0.006037,-0.600000,0.600000,-0.600000,-0.545015,0.200120,-0.600000,-0.600000,-0.600000,-0.462708,-0.600000,0.723306,0.564980,0.723306,0.354423,0.600000,0.600000,-0.462708,-0.600000,-0.203338,-0.006037,-0.600000,-0.600000,-0.587948,0.600000,0.034490,-0.611944,0.365963,-0.998774,-0.600000,0.006037,0.997313,0.652627,-0.652627,0.966452,-0.992676,-0.693337,-0.958312,0.997176,-0.600000,-0.600000,0.933320,-0.611944
80,0,0,0,0,E,0,27,15,1,0.003110,-0.611944,-0.600000,0.131657,1.000000,-0.804005,-0.354423,-0.600000,0.900512,-0.979804,0.199319,-0.600000,0.088486,-0.600000,-0.600000,-0.600000,-0.997470,-0.600000,-0.005687,-0.600000,-0.804005,-0.149807,-0.304734,-0.927482,-0.600000,-0.600000,0.997470,-0.600000,-0.600000,-0.005687,-0.600000,0.600000,-0.600000,-0.545015,0.199319,-0.600000,-0.600000,-0.600000,-0.462708,-0.600000,0.723306,0.563751,0.723306,0.354423,0.600000,0.600000,-0.462708,-0.600000,-0.193777,-0.005687,-0.600000,-0.600000,-0.587948,0.600000,0.034158,-0.611944,0.365963,-0.998845,-0.600000,0.005687,0.997470,0.652627,-0.652627,0.966776,-0.993100,-0.693337,-0.958710,0.997340,-0.600000,-0.600000,0.936966,-0.611944
81,0,0,0,0,stay,1,29,15,1,0.002870,-0.611944,-0.600000,0.129948,1.000000,-0.806362,-0.350996,-0.600000,0.902293,-0.980583,0.196142,-0.600000,0.085306,-0.600000,-0.600000,-0.600000,-0.997617,-0.600000,-0.005357,-0.600000,-0.806362,-0.147273,-0.301562,-0.928819,-0.600000,-0.600000,0.997617,-0.600000,-0.600000,-0.005357,-0.600000,0.600000,-0.600000,-0.545015,0.196142,-0.600000,-0.600000,-0.600000,-0.462708,-0.600000,0.723306,0.564982,0.723306,0.350996,0.600000,0.600000,-0.462708,-0.600000,-0.191441,-0.005357,-0.600000,-0.600000,-0.587948,0.600000,0.032383,-0.611944,0.362488,-0.998929,-0.600000,0.005357,0.997617,0.652627,-0.652627,0.968040,-0.993403,-0.693337,-0.960268,0.997495,-0.600000,-0.600000,0.937848,-0.611944
82,0,0,0,0,E,0,27,16,1,0.002545,-0.611944,-0.600000,0.129383,1.000000,-0.810241,-0.345318,-0.600000,0.904480,-0.981695,0.192224,-0.600000,0.080730,-0.600000,-0.600000,-0.600000,-0.997767,-0.600000,-0.005020,-0.600000,-0.810241,-0.146645,-0.296317,-0.929150,-0.600000,-0.600000,0.997767,-0.600000,-0.600000,-0.005020,-0.600000,0.600000,-0.600000,-0.545015,0.192224,-0.600000,-0.600000,-0.600000,-0.462708,-0.600000,0.723306,0.564983,0.723306,0.345318,0.600000,0.600000,-0.462708,-0.600000,-0.190667,-0.005020,-0.600000,-0.600000,-0.587948,0.600000,0.029814,-0.611944,0.356726,-0.999022,-0.600000,0.005020,0.997767,0.652627,-0.652627,0.969849,-0.993660,-0.693337,-0.962500,0.997653,-0.600000,-0.600000,0.938139,-0.611944
83,0,1,0,0,S,0,25,15,1,0.002168,-0.611944,-0.600000,0.127143,1.000000,-0.814061,-0.339684,-0.600000,0.907467,-0.983248,0.186840,-0.600000,0.075675,-0.600000,-0.600000,-0.600000,-0.998000,-0.600000,-0.004499,-0.600000,-0.814061,-0.144155,-0.291126,-0.930458,-0.600000,-0.600000,0.998000,-0.600000,-0.600000,-0.004499,-0.600000,0.600000,-0.600000,-0.545015,0.186840,-0.600000,-0.600000,-0.600000,-0.452778,-0.600000,0.731248,0.564986,0.731248,0.339684,0.600000,0.600000,-0.452778,-0.600000,-0.187595,-0.004499,-0.600000,-0.600000,-0.587948,0.600000,0.027177,-0.611944,0.351006,-0.999145,-0.600000,0.004499,0.998000,0.652627,-0.652627,0.971834,-0.994175,-0.693337,-0.964952,0.997897,-0.600000,-0.600000,0.939292,-0.611944
84,0,0,0,0,S,0,23,14,1,0.001942,-0.611944,-0.600000,0.123844,1.000000,-0.817074,-0.335209,-0.600000,0.909549,-0.984210,0.183065,-0.600000,0.072244,-0.600000,-0.600000,-0.600000,-0.998154,-0.600000,-0.004153,-0.600000,-0.817074,-0.141701,-0.287011,-0.931744,-0.600000,-0.600000,0.998154,-0.600000,-0.600000,-0.004153,-0.600000,0.600000,-0.600000,-0.545015,0.183065,-0.600000,-0.600000,-0.600000,-0.452778,-0.600000,0.731248,0.562530,0.731248,0.335209,0.600000,0.600000,-0.452778,-0.600000,-0.183058,-0.004153,-0.600000,-0.600000,-0.587948,0.600000,0.025380,-0.611944,0.346460,-0.999227,-0.600000,0.004153,0.998154,0.652627,-0.652627,0.973174,-0.994513,-0.693337,-0.966608,0.998059,-0.600000,-0.600000,0.940984,-0.611944
85,0,0,0,0,S,0,21,13,1,0.001747,-0.611944,-0.600000,0.122223,1.000000,-0.820049,-0.330763,-0.600000,0.911184,-0.985045,0.180088,-0.600000,0.068956,-0.600000,-0.600000,-0.600000,-0.998270,-0.600000,-0.003892,-0.600000,-0.820049,-0.140487,-0.282932,-0.932378,-0.600000,-0.600000,0.998270,-0.600000,-0.600000,-0.003892,-0.600000,0.600000,-0.600000,-0.545015,0.180088,-0.600000,-0.600000,-0.600000,-0.452778,-0.600000,0.731248,0.561301,0.731248,0.330763,0.600000,0.600000,-0.452778,-0.600000,-0.180822,-0.003892,-0.600000,-0.600000,-0.587948,0.600000,0.023699,-0.611944,0.341942,-0.999290,-0.600000,0.003892,0.998270,0.652627,-0.652627,0.974452,-0.994754,-0.693337,-0.968189,0.998181,-0.600000,-0.600000,0.941814,-0.611944
86,0,0,0,1,S,0,19,12,1,0.001589,-0.611944,-0.600000,0.120089,1.000000,-0.822986,-0.326347,-0.600000,0.912393,-0.985765,0.177881,-0.600000,0.066117,-0.600000,-0.600000,-0.600000,-0.998379,-0.600000,-0.003648,-0.600000,-0.822986,-0.138682,-0.277882,-0.933320,-0.600000,-0.600000,0.998379,-0.600000,-0.600000,-0.003648,-0.600000,0.600000,-0.600000,-0.543775,0.177881,-0.600000,-0.600000,-0.600000,-0.452778,-0.600000,0.731248,0.560072,0.731248,0.326347,0.600000,0.600000,-0.452778,-0.600000,-0.177874,-0.003648,-0.600000,-0.600000,-0.587948,0.600000,0.022236,-0.611944,0.337453,-0.999345,-0.600000,0.003648,0.998379,0.653761,-0.653761,0.975671,-0.994984,-0.693337,-0.969549,0.998296,-0.600000,-0.600000,0.942902,-0.611944
87,0,0,0,1,S,0,17,11,1,0.001408,-0.611944,-0.600000,0.120089,1.000000,-0.827321,-0.319781,-0.600000,0.914767,-0.986585,0.173529,-0.600000,0.062499,-0.600000,-0.600000,-0.600000,-0.998473,-0.600000,-0.003435,-0.600000,-0.827321,-0.138682,-0.271896,-0.933320,-0.600000,-0.600000,0.998473,-0.600000,-0.600000,-0.003435,-0.600000,0.600000,-0.600000,-0.543775,0.173529,-0.600000,-0.600000,-0.600000,-0.452778,-0.600000,0.731248,0.560072,0.731248,0.319781,0.600000,0.600000,-0.452778,-0.600000,-0.177874,-0.003435,-0.600000,-0.600000,-0.587948,0.600000,0.020354,-0.611944,0.330773,-0.999401,-0.600000,0.003435,0.998473,0.653761,-0.653761,0.977059,-0.995132,-0.693337,-0.971275,0.998395,-0.600000,-0.600000,0.942902,-0.611944
88,0,0,1,0,S,0,15,10,1,0.001274,-0.611944,-0.600000,0.119035,1.000000,-0.830165,-0.315442,-0.600000,0.919339,-0.987296,0.165078,-0.600000,0.059909,-0.600000,-0.600000,-0.600000,-0.998562,-0.600000,-0.003236,-0.600000,-0.830165,-0.138085,-0.266967,-0.933631,-0.600000,-0.600000,0.998562,-0.600000,-0.600000,-0.003236,-0.600000,0.600000,-0.600000,-0.542534,0.165078,-0.600000,-0.600000,-0.600000,-0.452778,-0.600000,0.731248,0.558840,0.731248,0.315442,0.600000,0.600000,-0.452778,-0.600000,-0.176414,-0.003236,-0.600000,-0.600000,-0.587948,0.600000,0.019093,-0.611944,0.326357,-0.999445,-0.600000,0.003236,0.998562,0.654892,-0.654892,0.978156,-0.995323,-0.693337,-0.972507,0.998489,-0.600000,-0.600000,0.943440,-0.611944
89,0,0,0,0,E,0,13,11,1,0.001147,-0.611944,-0.600000,0.117988,1.000000,-0.832970,-0.311135,-0.600000,0.921541,-0.987969,0.160978,-0.600000,0.057148,-0.600000,-0.600000,-0.600000,-0.998646,-0.600000,-0.003047,-0.600000,-0.832970,-0.137490,-0.263067,-0.933941,-0.600000,-0.600000,0.998646,-0.600000,-0.600000,-0.003047,-0.600000,0.600000,-0.600000,-0.542534,0.160978,-0.600000,-0.600000,-0.600000,-0.452778,-0.600000,0.731248,0.557608,0.731248,0.311135,0.600000,0.600000,-0.452778,-0.600000,-0.174963,-0.003047,-0.600000,-0.600000,-0.587948,0.600000,0.017820,-0.611944,0.321972,-0.999488,-0.600000,0.003047,0.998646,0.654892,-0.654892,0.979202,-0.995506,-0.693337,-0.973816,0.998577,-0.600000,-0.600000,0.943972,-0.611944
90,0,0,0,1,S,0,11,10,1,0.000996,-0.611944,-0.600000,0.114387,1.000000,-0.837110,-0.304736,-0.600000,0.923687,-0.988831,0.156960,-0.600000,0.053737,-0.600000,-0.600000,-0.600000,-0.998787,-0.600000,-0.002730,-0.600000,-0.837110,-0.133384,-0.254421,-0.936072,-0.600000,-0.600000,0.998787,-0.600000,-0.600000,-0.002730,-0.600000,0.600000,-0.600000,-0.538810,0.156960,-0.600000,-0.600000,-0.600000,-0.452778,-0.600000,0.731248,0.557611,0.731248,0.304736,0.600000,0.600000,-0.452778,-0.600000,-0.169960,-0.002730,-0.600000,-0.600000,-0.587948,0.600000,0.016225,-0.611944,0.315452,-0.999548,-0.600000,0.002730,0.998787,0.658277,-0.658277,0.980775,-0.995851,-0.693337,-0.975427,0.998725,-0.600000,-0.600000,0.945799,-0.611944
91,0,0,0,0,E,0,9,11,1,0.000892,-0.611944,-0.600000,0.113881,1.000000,-0.839148,-0.301564,-0.600000,0.925779,-0.989423,0.153024,-0.600000,0.051002,-0.600000,-0.600000,-0.600000,-0.998858,-0.600000,-0.002571,-0.600000,-0.839148,-0.132806,-0.251583,-0.936371,-0.600000,-0.600000,0.998858,-0.600000,-0.600000,-0.002571,-0.600000,0.600000,-0.600000,-0.538810,0.153024,-0.600000,-0.600000,-0.600000,-0.452778,-0.600000,0.731248,0.557612,0.731248,0.301564,0.600000,0.600000,-0.452778,-0.600000,-0.169255,-0.002571,-0.600000,-0.600000,-0.587948,0.600000,0.015141,-0.611944,0.312219,-0.999581,-0.600000,0.002571,0.998858,0.658277,-0.658277,0.981787,-0.996033,-0.693337,-0.976714,0.998799,-0.600000,-0.600000,0.946055,-0.611944
92,0,0,0,0,S,0,7,10,1,0.000791,-0.611944,-0.600000,0.113881,1.000000,-0.843163,-0.295277,-0.600000,0.927819,-0.990035,0.149170,-0.600000,0.048169,-0.600000,-0.600000,-0.600000,-0.998925,-0.600000,-0.002421,-0.600000,-0.843163,-0.132806,-0.245970,-0.936371,-0.600000,-0.600000,0.998925,-0.600000,-0.600000,-0.002421,-0.600000,0.600000,-0.600000,-0.538810,0.149170,-0.600000,-0.600000,-0.600000,-0.452778,-0.600000,0.731248,0.557612,0.731248,0.295277,0.600000,0.600000,-0.452778,-0.600000,-0.169255,-0.002421,-0.600000,-0.600000,-0.587948,0.600000,0.013851,-0.611944,0.305807,-0.999617,-0.600000,0.002421,0.998925,0.658277,-0.658277,0.982832,-0.996150,-0.693337,-0.978044,0.998869,-0.600000,-0.600000,0.946055,-0.611944
93,0,0,1,1,S,0,5,9,1,0.000745,-0.611944,-0.600000,0.109899,1.000000,-0.843824,-0.294237,-0.600000,0.930458,-0.990423,0.144155,-0.600000,0.047258,-0.600000,-0.600000,-0.600000,-0.998987,-0.600000,-0.002280,-0.600000,-0.843824,-0.130516,-0.245042,-0.937555,-0.600000,-0.600000,0.998987,-0.600000,-0.600000,-0.002280,-0.600000,0.600000,-0.600000,-0.538810,0.144155,-0.600000,-0.600000,-0.600000,-0.452778,-0.600000,0.731248,0.552675,0.731248,0.294237,0.600000,0.600000,-0.452778,-0.600000,-0.163696,-0.002280,-0.600000,-0.600000,-0.587948,0.600000,0.013513,-0.611944,0.304746,-0.999641,-0.600000,0.002280,0.998987,0.658277,-0.658277,0.983167,-0.996356,-0.693337,-0.978470,0.998935,-0.600000,-0.600000,0.948065,-0.611944
94,0,0,1,1,stay,0,4,9,1,0.000663,-0.611944,-0.600000,0.106515,1.000000,-0.844483,-0.293198,-0.600000,0.935167,-0.991066,0.135131,-0.600000,0.045268,-0.600000,-0.600000,-0.600000,-0.999065,-0.600000,-0.002105,-0.600000,-0.844483,-0.129383,-0.243195,-0.938139,-0.600000,-0.600000,0.999065,-0.600000,-0.600000,-0.002105,-0.600000,0.600000,-0.600000,-0.537567,0.135131,-0.600000,-0.600000,-0.600000,-0.452778,-0.600000,0.731248,0.546490,0.731248,0.293198,0.600000,0.600000,-0.452778,-0.600000,-0.158953,-0.002105,-0.600000,-0.600000,-0.587948,0.600000,0.012861,-0.611944,0.303686,-0.999669,-0.600000,0.002105,0.999065,0.659402,-0.659402,0.983977,-0.996619,-0.693337,-0.979400,0.999017,-0.600000,-0.600000,0.949765,-0.611944
95,0,0,1,0,S,0,2,8,1,0.000644,-0.611944,-0.600000,0.100927,1.000000,-0.845140,-0.292162,-0.600000,0.936669,-0.991285,0.132231,-0.600000,0.045052,-0.600000,-0.600000,-0.600000,-0.999120,-0.600000,-0.001982,-0.600000,-0.845140,-0.125484,-0.242274,-0.940144,-0.600000,-0.600000,0.999120,-0.600000,-0.600000,-0.001982,-0.600000,0.600000,-0.600000,-0.537567,0.132231,-0.600000,-0.600000,-0.600000,-0.452778,-0.600000,0.731248,0.540288,0.731248,0.292162,0.600000,0.600000,-0.452778,-0.600000,-0.151081,-0.001982,-0.600000,-0.600000,-0.587948,0.600000,0.012734,-0.611944,0.302629,-0.999690,-0.600000,0.001982,0.999120,0.659402,-0.659402,0.984056,-0.996800,-0.693337,-0.979501,0.999075,-0.600000,-0.600000,0.952558,-0.611944
96,0,0,1,0,stay,1,29,8,1,0.000594,-0.611944,-0.600000,0.097348,1.000000,-0.845794,-0.291128,-0.600000,0.939578,-0.991708,0.126588,-0.600000,0.043776,-0.600000,-0.600000,-0.600000,-0.999175,-0.600000,-0.001857,-0.600000,-0.845794,-0.123844,-0.241356,-0.940984,-0.600000,-0.600000,0.999175,-0.600000,-0.600000,-0.001857,-0.600000,0.600000,-0.600000,-0.537567,0.126588,-0.600000,-0.600000,-0.600000,-0.452778,-0.600000,0.731248,0.534074,0.731248,0.291128,0.600000,0.600000,-0.452778,-0.600000,-0.146013,-0.001857,-0.600000,-0.600000,-0.587948,0.600000,0.012300,-0.611944,0.301574,-0.999711,-0.600000,0.001857,0.999175,0.659402,-0.659402,0.984521,-0.996986,-0.693337,-0.980096,0.999133,-0.600000,-0.600000,0.954337,-0.611944
97,0,0,1,0,S,0,27,7,1,0.000579,-0.611944,-0.600000,0.092611,1.000000,-0.846447,-0.290096,-0.600000,0.940425,-0.991871,0.124936,-0.600000,0.043567,-0.600000,-0.600000,-0.600000,-0.999223,-0.600000,-0.001749,-0.600000,-0.846447,-0.119561,-0.240441,-0.943172,-0.600000,-0.600000,0.999223,-0.600000,-0.600000,-0.001749,-0.600000,0.600000,-0.600000,-0.537567,0.124936,-0.600000,-0.600000,-0.600000,-0.452778,-0.600000,0.731248,0.530341,0.731248,0.290096,0.600000,0.600000,-0.452778,-0.600000,-0.139276,-0.001749,-0.600000,-0.600000,-0.587948,0.600000,0.012179,-0.611944,0.300521,-0.999729,-0.600000,0.001749,0.999223,0.659402,-0.659402,0.984597,-0.997147,-0.693337,-0.980194,0.999184,-0.600000,-0.600000,0.956680,-0.611944
98,0,0,1,0,stay,1,29,7,1,0.000546,-0.611944,-0.600000,0.089298,1.000000,-0.847096,-0.289067,-0.600000,0.942361,-0.992188,0.121152,-0.600000,0.042739,-0.600000,-0.600000,-0.600000,-0.999269,-0.600000,-0.001647,-0.600000,-0.847096,-0.117468,-0.239528,-0.944237,-0.600000,-0.600000,0.999269,-0.600000,-0.600000,-0.001647,-0.600000,0.600000,-0.600000,-0.537567,0.121152,-0.600000,-0.600000,-0.600000,-0.452778,-0.600000,0.731248,0.525357,0.731248,0.289067,0.600000,0.600000,-0.452778,-0.600000,-0.134541,-0.001647,-0.600000,-0.600000,-0.587948,0.600000,0.011880,-0.611944,0.299469,-0.999746,-0.600000,0.001647,0.999269,0.659402,-0.659402,0.984898,-0.997300,-0.693337,-0.980579,0.999231,-0.600000,-0.600000,0.958312,-0.611944
99,0,0,1,0,stay,0,28,7,1,0.000484,-0.611944,-0.600000,0.087681,1.000000,-0.850312,-0.283951,-0.600000,0.945541,-0.992677,0.114896,-0.600000,0.040540,-0.600000,-0.600000,-0.600000,-0.999322,-0.600000,-0.001528,-0.600000,-0.850312,-0.116433,-0.234998,-0.944762,-0.600000,-0.600000,0.999322,-0.600000,-0.600000,-0.001528,-0.600000,0.600000,-0.600000,-0.537567,0.114896,-0.600000,-0.600000,-0.600000,-0.452778,-0.600000,0.731248,0.522864,0.731248,0.283951,0.600000,0.600000,-0.452778,-0.600000,-0.132225,-0.001528,-0.600000,-0.600000,-0.587948,0.600000,0.010974,-0.611944,0.294246,-0.999770,-0.600000,0.001528,0.999322,0.659402,-0.659402,0.985697,-0.997431,-0.693337,-0.981602,0.999287,-0.600000,-0.600000,0.959105,-0.611944
100,0,0,0,0,S,0,26,6,1,0.000474,-0.611944,-0.600000,0.083372,1.000000,-0.850948,-0.282934,-0.600000,0.945799,-0.992750,0.114387,-0.600000,0.040152,-0.600000,-0.600000,-0.600000,-0.999361,-0.600000,-0.001439,-0.600000,-0.850948,-0.111377,-0.234099,-0.947320,-0.600000,-0.600000,0.999361,-0.600000,-0.600000,-0.001439,-0.600000,0.600000,-0.600000,-0.537567,0.114387,-0.600000,-0.600000,-0.600000,-0.452778,-0.600000,0.731248,0.521616,0.731248,0.282934,0.600000,0.600000,-0.452778,-0.600000,-0.126030,-0.001439,-0.600000,-0.600000,-0.587948,0.600000,0.010811,-0.611944,0.293208,-0.999785,-0.600000,0.001439,0.999361,0.659402,-0.659402,0.985837,-0.997569,-0.693337,-0.981782,0.999328,-0.600000,-0.600000,0.961213,-0.611944
101,0,0,0,0,stay,1,29,6,1,0.000418,-0.611944,-0.600000,0.081477,1.000000,-0.854097,-0.277884,-0.600000,0.947069,-0.993204,0.111874,-0.600000,0.037897,-0.600000,-0.600000,-0.600000,-0.999413,-0.600000,-0.001322,-0.600000,-0.854097,-0.109409,-0.229640,-0.948311,-0.600000,-0.600000,0.999413,-0.600000,-0.600000,-0.001322,-0.600000,0.600000,-0.600000,-0.537567,0.111874,-0.600000,-0.600000,-0.600000,-0.452778,-0.600000,0.731248,0.520369,0.731248,0.277884,0.600000,0.600000,-0.452778,-0.600000,-0.123297,-0.001322,-0.600000,-0.600000,-0.587948,0.600000,0.009936,-0.611944,0.288048,-0.999807,-0.600000,0.001322,0.999413,0.659402,-0.659402,0.986653,-0.997711,-0.693337,-0.982827,0.999383,-0.600000,-0.600000,0.962137,-0.611944
102,0,1,0,0,S,0,27,5,1,0.000392,-0.611944,-0.600000,0.079990,1.000000,-0.855960,-0.274881,-0.600000,0.948065,-0.993437,0.109899,-0.600000,0.036816,-0.600000,-0.600000,-0.600000,-0.999448,-0.600000,-0.001245,-0.600000,-0.855960,-0.106992,-0.226994,-0.949525,-0.600000,-0.600000,0.999448,-0.600000,-0.600000,-0.001245,-0.600000,0.600000,-0.600000,-0.537567,0.109899,-0.600000,-0.600000,-0.600000,-0.450300,-0.600000,0.733211,0.521618,0.733211,0.274881,0.600000,0.600000,-0.450300,-0.600000,-0.121147,-0.001245,-0.600000,-0.600000,-0.587948,0.600000,0.009501,-0.611944,0.284979,-0.999821,-0.600000,0.001245,0.999448,0.659402,-0.659402,0.987043,-0.997811,-0.693337,-0.983327,0.999419,-0.600000,-0.600000,0.962860,-0.611944
103,0,1,0,0,stay,0,26,5,1,0.000339,-0.611944,-0.600000,0.078165,1.000000,-0.859020,-0.269920,-0.600000,0.949525,-0.993969,0.106992,-0.600000,0.034742,-0.600000,-0.600000,-0.600000,-0.999503,-0.600000,-0.001120,-0.600000,-0.859020,-0.105093,-0.222631,-0.950478,-0.600000,-0.600000,0.999503,-0.600000,-0.600000,-0.001120,-0.600000,0.600000,-0.600000,-0.537567,0.106992,-0.600000,-0.600000,-0.600000,-0.440417,-0.600000,0.740971,0.520371,0.740971,0.269920,0.600000,0.600000,-0.440417,-0.600000,-0.118505,-0.001120,-0.600000,-0.600000,-0.587948,0.600000,0.008732,-0.611944,0.279907,-0.999843,-0.600000,0.001120,0.999503,0.659402,-0.659402,0.987790,-0.997980,-0.693337,-0.984285,0.999477,-0.600000,-0.600000,0.963746,-0.611944
104,0,0,0,0,S,0,24,6,1,0.000308,-0.611944,-0.600000,0.076733,1.000000,-0.861429,-0.265993,-0.600000,0.950478,-0.994263,0.105093,-0.600000,0.033260,-0.600000,-0.600000,-0.600000,-0.999534,-0.600000,-0.001050,-0.600000,-0.861429,-0.103688,-0.219184,-0.951180,-0.600000,-0.600000,0.999534,-0.600000,-0.600000,-0.001050,-0.600000,0.600000,-0.600000,-0.537567,0.105093,-0.600000,-0.600000,-0.600000,-0.440417,-0.600000,0.740971,0.519124,0.740971,0.265993,0.600000,0.600000,-0.440417,-0.600000,-0.116428,-0.001050,-0.600000,-0.600000,-0.587948,0.600000,0.008185,-0.611944,0.275889,-0.999856,-0.600000,0.001050,0.999534,0.659402,-0.659402,0.988323,-0.998069,-0.693337,-0.984968,0.999510,-0.600000,-0.600000,0.964440,-0.611944
105,0,1,0,0,S,0,22,7,1,0.000269,-0.611944,-0.600000,0.074977,1.000000,-0.864392,-0.261135,-0.600000,0.951644,-0.994676,0.102760,-0.600000,0.031380,-0.600000,-0.600000,-0.600000,-0.999579,-0.600000,-0.000950,-0.600000,-0.864392,-0.101383,-0.214930,-0.952331,-0.600000,-0.600000,0.999579,-0.600000,-0.600000,-0.000950,-0.600000,0.600000,-0.600000,-0.537567,0.102760,-0.600000,-0.600000,-0.600000,-0.434264,-0.600000,0.745746,0.519125,0.745746,0.261135,0.600000,0.600000,-0.434264,-0.600000,-0.113876,-0.000950,-0.600000,-0.600000,-0.587948,0.600000,0.007521,-0.611944,0.270917,-0.999873,-0.600000,0.000950,0.999579,0.659402,-0.659402,0.988997,-0.998208,-0.693337,-0.985833,0.999557,-0.600000,-0.600000,0.965290,-0.611944
106,0,0,0,0,S,0,20,8,1,0.000227,-0.611944,-0.600000,0.073258,1.000000,-0.868450,-0.254430,-0.600000,0.953456,-0.995109,0.099123,-0.600000,0.028891,-0.600000,-0.600000,-0.600000,-0.999619,-0.600000,-0.000859,-0.600000,-0.868450,-0.100022,-0.209075,-0.953009,-0.600000,-0.600000,0.999619,-0.600000,-0.600000,-0.000859,-0.600000,0.600000,-0.600000,-0.537567,0.099123,-0.600000,-0.600000,-0.600000,-0.433035,-0.600000,0.746695,0.516629,0.746695,0.254430,0.600000,0.600000,-0.433035,-0.600000,-0.111373,-0.000859,-0.600000,-0.600000,-0.587948,0.600000,0.006673,-0.611944,0.264051,-0.999889,-0.600000,0.000859,0.999619,0.659402,-0.659402,0.989886,-0.998321,-0.693337,-0.986975,0.999599,-0.600000,-0.600000,0.966119,-0.611944
107,1,1,0,0,E,0,18,9,1,0.000218,-0.611944,-0.600000,0.071243,1.000000,-0.869021,-0.253482,-0.600000,0.953677,-0.995229,0.098677,-0.600000,0.028472,-0.600000,-0.600000,-0.600000,-0.999637,-0.600000,-0.000817,-0.600000,-0.869021,-0.097789,-0.208248,-0.954118,-0.600000,-0.600000,0.999637,-0.600000,-0.600000,-0.000817,-0.600000,0.600000,-0.600000,-0.537567,0.098677,-0.600000,-0.600000,-0.600000,-0.428130,-0.600000,0.750463,0.515381,0.750463,0.253482,0.600000,0.600000,-0.428130,-0.600000,-0.111367,-0.000817,-0.600000,-0.600000,-0.587948,0.600000,0.006541,-0.611944,0.263080,-0.999895,-0.600000,0.000817,0.999637,0.659402,-0.659402,0.990036,-0.998395,-0.699685,-0.987167,0.999619,-0.600000,-0.600000,0.967090,-0.611944
108,1,1,0,0,stay,0,17,9,1,0.000215,-0.611944,-0.600000,0.068316,1.000000,-0.869590,-0.252536,-0.600000,0.953677,-0.995230,0.098677,-0.600000,0.028196,-0.600000,-0.600000,-0.600000,-0.999655,-0.600000,-0.000777,-0.600000,-0.869590,-0.093457,-0.207424,-0.956263,-0.600000,-0.600000,0.999655,-0.600000,-0.600000,-0.000777,-0.600000,0.600000,-0.600000,-0.537567,0.098677,-0.600000,-0.600000,-0.600000,-0.425683,-0.600000,0.752334,0.516630,0.752334,0.252536,0.600000,0.600000,-0.425683,-0.600000,-0.108427,-0.000777,-0.600000,-0.600000,-0.587948,0.600000,0.006444,-0.611944,0.262110,-0.999901,-0.600000,0.000777,0.999655,0.659402,-0.659402,0.990134,-0.998466,-0.702830,-0.987293,0.999637,-0.600000,-0.600000,0.968496,-0.611944
109,1,1,0,0,stay,0,16,9,1,0.000204,-0.611944,-0.600000,0.066427,1.000000,-0.870722,-0.250650,-0.600000,0.954118,-0.995370,0.097789,-0.600000,0.027518,-0.600000,-0.600000,-0.600000,-0.999674,-0.600000,-0.000736,-0.600000,-0.870722,-0.091356,-0.205782,-0.957299,-0.600000,-0.600000,0.999674,-0.600000,-0.600000,-0.000736,-0.600000,0.600000,-0.600000,-0.537567,0.097789,-0.600000,-0.600000,-0.600000,-0.422018,-0.600000,0.755122,0.515382,0.755122,0.250650,0.600000,0.600000,-0.422018,-0.600000,-0.107936,-0.000736,-0.600000,-0.600000,-0.587948,0.600000,0.006223,-0.611944,0.260179,-0.999907,-0.600000,0.000736,0.999674,0.659402,-0.659402,0.990376,-0.998533,-0.708031,-0.987604,0.999657,-0.600000,-0.600000,0.969400,-0.611944
110,1,1,0,0,stay,0,15,9,1,0.000198,-0.611944,-0.600000,0.064284,1.000000,-0.871285,-0.249711,-0.600000,0.954337,-0.995462,0.097348,-0.600000,0.027251,-0.600000,-0.600000,-0.600000,-0.999693,-0.600000,-0.000693,-0.600000,-0.871285,-0.088083,-0.204965,-0.958908,-0.600000,-0.600000,0.999693,-0.600000,-0.600000,-0.000693,-0.600000,0.600000,-0.600000,-0.537567,0.097348,-0.600000,-0.600000,-0.600000,-0.420799,-0.600000,0.756046,0.516631,0.756046,0.249711,0.600000,0.600000,-0.420799,-0.600000,-0.106969,-0.000693,-0.600000,-0.600000,-0.587948,0.600000,0.006131,-0.611944,0.259216,-0.999913,-0.600000,0.000693,0.999693,0.659402,-0.659402,0.990471,-0.998612,-0.713177,-0.987726,0.999677,-0.600000,-0.600000,0.970424,-0.611944
111,1,0,1,0,E,0,13,10,1,0.000193,-0.611944,-0.600000,0.060475,1.000000,-0.871846,-0.248775,-0.600000,0.954988,-0.995529,0.096035,-0.600000,0.026986,-0.600000,-0.600000,-0.600000,-0.999712,-0.600000,-0.000649,-0.600000,-0.871846,-0.084141,-0.204150,-0.960838,-0.600000,-0.600000,0.999712,-0.600000,-0.600000,-0.000649,-0.600000,0.600000,-0.600000,-0.537567,0.096035,-0.600000,-0.600000,-0.600000,-0.420799,-0.600000,0.756046,0.512885,0.756046,0.248775,0.600000,0.600000,-0.420799,-0.600000,-0.102277,-0.000649,-0.600000,-0.600000,-0.587948,0.600000,0.006040,-0.611944,0.258256,-0.999919,-0.600000,0.000649,0.999712,0.659402,-0.659402,0.990565,-0.998693,-0.716239,-0.987847,0.999697,-0.600000,-0.600000,0.972238,-0.611944
112,1,0,1,0,stay,1,29,10,1,0.000187,-0.611944,-0.600000,0.058513,1.000000,-0.872404,-0.247840,-0.600000,0.955417,-0.995617,0.095169,-0.600000,0.026724,-0.600000,-0.600000,-0.600000,-0.999727,-0.600000,-0.000614,-0.600000,-0.872404,-0.081477,-0.203338,-0.962137,-0.600000,-0.600000,0.999727,-0.600000,-0.600000,-0.000614,-0.600000,0.600000,-0.600000,-0.537567,0.095169,-0.600000,-0.600000,-0.600000,-0.420799,-0.600000,0.756046,0.512885,0.756046,0.247840,0.600000,0.600000,-0.420799,-0.600000,-0.100902,-0.000614,-0.600000,-0.600000,-0.587948,0.600000,0.005950,-0.611944,0.257298,-0.999923,-0.600000,0.000614,0.999727,0.659402,-0.659402,0.990659,-0.998757,-0.720290,-0.987967,0.999713,-0.600000,-0.600000,0.973169,-0.611944
113,1,0,1,0,stay,0,28,10,1,0.000178,-0.611944,-0.600000,0.056610,1.000000,-0.873515,-0.245978,-0.600000,0.956472,-0.995747,0.093033,-0.600000,0.026208,-0.600000,-0.600000,-0.600000,-0.999742,-0.600000,-0.000581,-0.600000,-0.873515,-0.079622,-0.201720,-0.963039,-0.600000,-0.600000,0.999742,-0.600000,-0.600000,-0.000581,-0.600000,0.600000,-0.600000,-0.537567,0.093033,-0.600000,-0.600000,-0.600000,-0.420799,-0.600000,0.756046,0.510387,0.756046,0.245978,0.600000,0.600000,-0.420799,-0.600000,-0.099993,-0.000581,-0.600000,-0.600000,-0.587948,0.600000,0.005774,-0.611944,0.255390,-0.999928,-0.600000,0.000581,0.999742,0.659402,-0.659402,0.990842,-0.998811,-0.725305,-0.988203,0.999729,-0.600000,-0.600000,0.974070,-0.611944
114,0,0,0,0,S,0,26,11,1,0.000174,-0.611944,-0.600000,0.052978,1.000000,-0.874068,-0.245051,-0.600000,0.956680,-0.995768,0.092611,-0.600000,0.025827,-0.600000,-0.600000,-0.600000,-0.999758,-0.600000,-0.000545,-0.600000,-0.874068,-0.075325,-0.200915,-0.965121,-0.600000,-0.600000,0.999758,-0.600000,-0.600000,-0.000545,-0.600000,0.600000,-0.600000,-0.537567,0.092611,-0.600000,-0.600000,-0.600000,-0.420799,-0.600000,0.756046,0.507888,0.756046,0.245051,0.600000,0.600000,-0.420799,-0.600000,-0.093855,-0.000545,-0.600000,-0.600000,-0.587948,0.600000,0.005660,-0.611944,0.254439,-0.999933,-0.600000,0.000545,0.999758,0.659402,-0.659402,0.990978,-0.998881,-0.725305,-0.988377,0.999746,-0.600000,-0.600000,0.975785,-0.611944
115,0,0,0,0,stay,1,29,11,1,0.000159,-0.611944,-0.600000,0.052477,1.000000,-0.876799,-0.240450,-0.600000,0.957707,-0.995954,0.090528,-0.600000,0.024595,-0.600000,-0.600000,-0.600000,-0.999772,-0.600000,-0.000513,-0.600000,-0.876799,-0.074285,-0.196925,-0.965624,-0.600000,-0.600000,0.999772,-0.600000,-0.600000,-0.000513,-0.600000,0.600000,-0.600000,-0.537567,0.090528,-0.600000,-0.600000,-0.600000,-0.420799,-0.600000,0.756046,0.509138,0.756046,0.240450,0.600000,0.600000,-0.420799,-0.600000,-0.093006,-0.000513,-0.600000,-0.600000,-0.587948,0.600000,0.005252,-0.611944,0.249720,-0.999939,-0.600000,0.000513,0.999772,0.659402,-0.659402,0.991415,-0.998919,-0.725305,-0.988939,0.999761,-0.600000,-0.600000,0.976021,-0.611944
116,0,0,1,0,S,0,27,12,1,0.000135,-0.611944,-0.600000,0.050760,1.000000,-0.880537,-0.234107,-0.600000,0.961026,-0.996302,0.083755,-0.600000,0.022967,-0.600000,-0.600000,-0.600000,-0.999794,-0.600000,-0.000464,-0.600000,-0.880537,-0.073599,-0.191441,-0.965955,-0.600000,-0.600000,0.999794,-0.600000,-0.600000,-0.000464,-0.600000,0.600000,-0.600000,-0.537567,0.083755,-0.600000,-0.600000,-0.600000,-0.420799,-0.600000,0.756046,0.502889,0.756046,0.234107,0.600000,0.600000,-0.420799,-0.600000,-0.090090,-0.000464,-0.600000,-0.600000,-0.587948,0.600000,0.004729,-0.611944,0.243212,-0.999946,-0.600000,0.000464,0.999794,0.659402,-0.659402,0.991992,-0.998987,-0.725305,-0.989681,0.999784,-0.600000,-0.600000,0.976828,-0.611944
117,0,0,0,0,S,0,25,13,1,0.000132,-0.611944,-0.600000,0.048169,1.000000,-0.881063,-0.233211,-0.600000,0.961400,-0.996338,0.082989,-0.600000,0.022743,-0.600000,-0.600000,-0.600000,-0.999806,-0.600000,-0.000437,-0.600000,-0.881063,-0.070254,-0.190667,-0.967565,-0.600000,-0.600000,0.999806,-0.600000,-0.600000,-0.000437,-0.600000,0.600000,-0.600000,-0.537567,0.082989,-0.600000,-0.600000,-0.600000,-0.420799,-0.600000,0.756046,0.501639,0.756046,0.233211,0.600000,0.600000,-0.420799,-0.600000,-0.085673,-0.000437,-0.600000,-0.600000,-0.587948,0.600000,0.004659,-0.611944,0.242291,-0.999950,-0.600000,0.000437,0.999806,0.659402,-0.659402,0.992071,-0.999042,-0.725305,-0.989783,0.999796,-0.600000,-0.600000,0.978044,-0.611944
118,0,0,0,0,stay,1,29,13,1,0.000117,-0.611944,-0.600000,0.047258,1.000000,-0.883663,-0.228764,-0.600000,0.962319,-0.996569,0.081103,-0.600000,0.021444,-0.600000,-0.600000,-0.600000,-0.999822,-0.600000,-0.000401,-0.600000,-0.883663,-0.068956,-0.186833,-0.968189,-0.600000,-0.600000,0.999822,-0.600000,-0.600000,-0.000401,-0.600000,0.600000,-0.600000,-0.537567,0.081103,-0.600000,-0.600000,-0.600000,-0.420799,-0.600000,0.756046,0.501639,0.756046,0.228764,0.600000,0.600000,-0.420799,-0.600000,-0.084116,-0.000401,-0.600000,-0.600000,-0.587948,0.600000,0.004279,-0.611944,0.237725,-0.999955,-0.600000,0.000401,0.999822,0.659402,-0.659402,0.992531,-0.999098,-0.725305,-0.990373,0.999813,-0.600000,-0.600000,0.978470,-0.611944
119,0,0,0,0,S,0,27,14,1,0.000103,-0.611944,-0.600000,0.046143,1.000000,-0.886718,-0.223507,-0.600000,0.963394,-0.996784,0.078890,-0.600000,0.020218,-0.600000,-0.600000,-0.600000,-0.999836,-0.600000,-0.000370,-0.600000,-0.886718,-0.067998,-0.182311,-0.968648,-0.600000,-0.600000,0.999836,-0.600000,-0.600000,-0.000370,-0.600000,0.600000,-0.600000,-0.537567,0.078890,-0.600000,-0.600000,-0.600000,-0.420799,-0.600000,0.756046,0.499139,0.756046,0.223507,0.600000,0.600000,-0.420799,-0.600000,-0.082206,-0.000370,-0.600000,-0.600000,-0.587948,0.600000,0.003911,-0.611944,0.232325,-0.999960,-0.600000,0.000370,0.999836,0.659402,-0.659402,0.992964,-0.999142,-0.725305,-0.990930,0.999827,-0.600000,-0.600000,0.978992,-0.611944
120,0,0,1,0,S,0,25,15,1,0.000094,-0.611944,-0.600000,0.044837,1.000000,-0.887220,-0.222639,-0.600000,0.965290,-0.996956,0.074977,-0.600000,0.019534,-0.600000,-0.600000,-0.600000,-0.999846,-0.600000,-0.000347,-0.600000,-0.887220,-0.067365,-0.181565,-0.968951,-0.600000,-0.600000,0.999846,-0.600000,-0.600000,-0.000347,-0.600000,0.600000,-0.600000,-0.537567,0.074977,-0.600000,-0.600000,-0.600000,-0.420799,-0.600000,0.756046,0.494140,0.756046,0.222639,0.600000,0.600000,-0.420799,-0.600000,-0.079966,-0.000347,-0.600000,-0.600000,-0.587948,0.600000,0.003758,-0.611944,0.231433,-0.999962,-0.600000,0.000347,0.999846,0.659402,-0.659402,0.993205,-0.999192,-0.725305,-0.991240,0.999838,-0.600000,-0.600000,0.979601,-0.611944
121,0,0,0,0,S,0,23,16,1,0.000092,-0.611944,-0.600000,0.042535,1.000000,-0.887220,-0.222639,-0.600000,0.965457,-0.996987,0.074630,-0.600000,0.019343,-0.600000,-0.600000,-0.600000,-0.999855,-0.600000,-0.000327,-0.600000,-0.887220,-0.064284,-0.181565,-0.970424,-0.600000,-0.600000,0.999855,-0.600000,-0.600000,-0.000327,-0.600000,0.600000,-0.600000,-0.537567,0.074630,-0.600000,-0.600000,-0.600000,-0.420799,-0.600000,0.756046,0.492890,0.756046,0.222639,0.600000,0.600000,-0.420799,-0.600000,-0.076004,-0.000327,-0.600000,-0.600000,-0.587948,0.600000,0.003721,-0.611944,0.231433,-0.999965,-0.600000,0.000327,0.999855,0.659402,-0.659402,0.993272,-0.999239,-0.725305,-0.991327,0.999848,-0.600000,-0.600000,0.980674,-0.611944
122,0,0,0,0,stay,1,29,16,1,0.000083,-0.611944,-0.600000,0.041327,1.000000,-0.888218,-0.220911,-0.600000,0.965955,-0.997148,0.073599,-0.600000,0.018506,-0.600000,-0.600000,-0.600000,-0.999866,-0.600000,-0.000303,-0.600000,-0.888218,-0.063089,-0.180082,-0.970994,-0.600000,-0.600000,0.999866,-0.600000,-0.600000,-0.000303,-0.600000,0.600000,-0.600000,-0.537567,0.073599,-0.600000,-0.600000,-0.600000,-0.420799,-0.600000,0.756046,0.490390,0.756046,0.220911,0.600000,0.600000,-0.420799,-0.600000,-0.073919,-0.000303,-0.600000,-0.600000,-0.587948,0.600000,0.003521,-0.611944,0.229657,-0.999968,-0.600000,0.000303,0.999866,0.659402,-0.659402,0.993567,-0.999287,-0.725305,-0.991706,0.999859,-0.600000,-0.600000,0.981236,-0.611944
123,0,0,0,1,S,0,27,17,1,0.000076,-0.611944,-0.600000,0.040540,1.000000,-0.889702,-0.218337,-0.600000,0.966446,-0.997287,0.072580,-0.600000,0.017704,-0.600000,-0.600000,-0.600000,-0.999874,-0.600000,-0.000284,-0.600000,-0.889702,-0.062206,-0.177143,-0.971415,-0.600000,-0.600000,0.999874,-0.600000,-0.600000,-0.000284,-0.600000,0.600000,-0.600000,-0.536324,0.072580,-0.600000,-0.600000,-0.600000,-0.420799,-0.600000,0.756046,0.489140,0.756046,0.218337,0.600000,0.600000,-0.420799,-0.600000,-0.072559,-0.000284,-0.600000,-0.600000,-0.587948,0.600000,0.003316,-0.611944,0.227010,-0.999970,-0.600000,0.000284,0.999874,0.660525,-0.660525,0.993880,-0.999322,-0.725305,-0.992069,0.999868,-0.600000,-0.600000,0.981602,-0.611944
124,0,0,0,0,S,0,25,18,1,0.000065,-0.611944,-0.600000,0.039009,1.000000,-0.893097,-0.212414,-0.600000,0.967565,-0.997508,0.070254,-0.600000,0.016443,-0.600000,-0.600000,-0.600000,-0.999887,-0.600000,-0.000254,-0.600000,-0.893097,-0.060761,-0.172090,-0.972102,-0.600000,-0.600000,0.999887,-0.600000,-0.600000,-0.000254,-0.600000,0.600000,-0.600000,-0.536324,0.070254,-0.600000,-0.600000,-0.600000,-0.420799,-0.600000,0.756046,0.485392,0.756046,0.212414,0.600000,0.600000,-0.420799,-0.600000,-0.069907,-0.000254,-0.600000,-0.600000,-0.587948,0.600000,0.002971,-0.611944,0.220919,-0.999974,-0.600000,0.000254,0.999887,0.660525,-0.660525,0.994320,-0.999371,-0.725305,-0.992639,0.999881,-0.600000,-0.600000,0.982312,-0.611944
125,0,0,0,0,stay,0,24,18,1,0.000058,-0.611944,-0.600000,0.038821,1.000000,-0.894995,-0.209082,-0.600000,0.968189,-0.997629,0.068956,-0.600000,0.015652,-0.600000,-0.600000,-0.600000,-0.999894,-0.600000,-0.000239,-0.600000,-0.894995,-0.060191,-0.169255,-0.972373,-0.600000,-0.600000,0.999894,-0.600000,-0.600000,-0.000239,-0.600000,0.600000,-0.600000,-0.536324,0.068956,-0.600000,-0.600000,-0.600000,-0.420799,-0.600000,0.756046,0.486641,0.756046,0.209082,0.600000,0.600000,-0.420799,-0.600000,-0.069582,-0.000239,-0.600000,-0.600000,-0.587948,0.600000,0.002770,-0.611944,0.217491,-0.999976,-0.600000,0.000239,0.999894,0.660525,-0.660525,0.994597,-0.999395,-0.725305,-0.992997,0.999888,-0.600000,-0.600000,0.982399,-0.611944
126,0,1,0,1,S,0,22,19,1,0.000050,-0.611944,-0.600000,0.037897,1.000000,-0.897326,-0.204972,-0.600000,0.969102,-0.997834,0.067051,-0.600000,0.014679,-0.600000,-0.600000,-0.600000,-0.999905,-0.600000,-0.000214,-0.600000,-0.897326,-0.059067,-0.164382,-0.972906,-0.600000,-0.600000,0.999905,-0.600000,-0.600000,-0.000214,-0.600000,0.600000,-0.600000,-0.533837,0.067051,-0.600000,-0.600000,-0.600000,-0.409867,-0.600000,0.764261,0.485391,0.764261,0.204972,0.600000,0.600000,-0.409867,-0.600000,-0.067977,-0.000214,-0.600000,-0.600000,-0.587948,0.600000,0.002531,-0.611944,0.213260,-0.999979,-0.600000,0.000214,0.999905,0.662766,-0.662766,0.994986,-0.999445,-0.725305,-0.993435,0.999900,-0.600000,-0.600000,0.982827,-0.611944
127,0,0,0,0,S,0,20,20,1,0.000043,-0.611944,-0.600000,0.036994,1.000000,-0.900062,-0.200120,-0.600000,0.969843,-0.997990,0.065501,-0.600000,0.013766,-0.600000,-0.600000,-0.600000,-0.999914,-0.600000,-0.000195,-0.600000,-0.900062,-0.057963,-0.160296,-0.973430,-0.600000,-0.600000,0.999914,-0.600000,-0.600000,-0.000195,-0.600000,0.600000,-0.600000,-0.533837,0.065501,-0.600000,-0.600000,-0.600000,-0.409867,-0.600000,0.764261,0.484141,0.764261,0.200120,0.600000,0.600000,-0.409867,-0.600000,-0.066407,-0.000195,-0.600000,-0.600000,-0.587948,0.600000,0.002301,-0.611944,0.208263,-0.999981,-0.600000,0.000195,0.999914,0.662766,-0.662766,0.995301,-0.999480,-0.725305,-0.993847,0.999909,-0.600000,-0.600000,0.983245,-0.611944
128,0,1,0,1,S,0,18,21,1,0.000039,-0.611944,-0.600000,0.036286,1.000000,-0.901851,-0.196933,-0.600000,0.970568,-0.998107,0.063984,-0.600000,0.013166,-0.600000,-0.600000,-0.600000,-0.999919,-0.600000,-0.000182,-0.600000,-0.901851,-0.057418,-0.157618,-0.973688,-0.600000,-0.600000,0.999919,-0.600000,-0.600000,-0.000182,-0.600000,0.600000,-0.600000,-0.533837,0.063984,-0.600000,-0.600000,-0.600000,-0.403831,-0.600000,0.768741,0.481644,0.768741,0.196933,0.600000,0.600000,-0.403831,-0.600000,-0.065175,-0.000182,-0.600000,-0.600000,-0.587948,0.600000,0.002156,-0.611944,0.204980,-0.999983,-0.600000,0.000182,0.999919,0.662766,-0.662766,0.995507,-0.999505,-0.725305,-0.994117,0.999915,-0.600000,-0.600000,0.983572,-0.611944
129,0,0,0,1,S,0,16,22,1,0.000034,-0.611944,-0.600000,0.035592,1.000000,-0.904480,-0.192224,-0.600000,0.971415,-0.998235,0.062206,-0.600000,0.012407,-0.600000,-0.600000,-0.600000,-0.999926,-0.600000,-0.000167,-0.600000,-0.904480,-0.056610,-0.152368,-0.974070,-0.600000,-0.600000,0.999926,-0.600000,-0.600000,-0.000167,-0.600000,0.600000,-0.600000,-0.531348,0.062206,-0.600000,-0.600000,-0.600000,-0.403831,-0.600000,0.768741,0.480395,0.768741,0.192224,0.600000,0.600000,-0.403831,-0.600000,-0.063964,-0.000167,-0.600000,-0.600000,-0.587948,0.600000,0.001970,-0.611944,0.200127,-0.999985,-0.600000,0.000167,0.999926,0.664999,-0.664999,0.995811,-0.999532,-0.725305,-0.994458,0.999922,-0.600000,-0.600000,0.983893,-0.611944
130,0,0,0,1,S,0,14,23,1,0.000032,-0.611944,-0.600000,0.034910,1.000000,-0.905770,-0.189902,-0.600000,0.971692,-0.998296,0.061624,-0.600000,0.012044,-0.600000,-0.600000,-0.600000,-0.999930,-0.600000,-0.000158,-0.600000,-0.905770,-0.055549,-0.148527,-0.974572,-0.600000,-0.600000,0.999930,-0.600000,-0.600000,-0.000158,-0.600000,0.600000,-0.600000,-0.527612,0.061624,-0.600000,-0.600000,-0.600000,-0.403831,-0.600000,0.768741,0.480394,0.768741,0.189902,0.600000,0.600000,-0.403831,-0.600000,-0.062775,-0.000158,-0.600000,-0.600000,-0.587948,0.600000,0.001884,-0.611944,0.197733,-0.999985,-0.600000,0.000158,0.999930,0.668335,-0.668335,0.995995,-0.999550,-0.725305,-0.994622,0.999926,-0.600000,-0.600000,0.984208,-0.611944
131,0,1,0,1,S,0,12,24,1,0.000029,-0.611944,-0.600000,0.034574,1.000000,-0.907887,-0.186080,-0.600000,0.972373,-0.998379,0.060191,-0.600000,0.011462,-0.600000,-0.600000,-0.600000,-0.999934,-0.600000,-0.000149,-0.600000,-0.907887,-0.055026,-0.144147,-0.974819,-0.600000,-0.600000,0.999934,-0.600000,-0.600000,-0.000149,-0.600000,0.600000,-0.600000,-0.525119,0.060191,-0.600000,-0.600000,-0.600000,-0.401425,-0.600000,0.770516,0.480393,0.770516,0.186080,0.600000,0.600000,-0.401425,-0.600000,-0.062188,-0.000149,-0.600000,-0.600000,-0.587948,0.600000,0.001747,-0.611944,0.193791,-0.999987,-0.600000,0.000149,0.999934,0.670550,-0.670550,0.996228,-0.999566,-0.725305,-0.994883,0.999931,-0.600000,-0.600000,0.984363,-0.611944
132,0,0,0,0,S,0,10,25,1,0.000025,-0.611944,-0.600000,0.033911,1.000000,-0.910778,-0.180829,-0.600000,0.973169,-0.998489,0.058513,-0.600000,0.010800,-0.600000,-0.600000,-0.600000,-0.999939,-0.600000,-0.000137,-0.600000,-0.910778,-0.054507,-0.139876,-0.975064,-0.600000,-0.600000,0.999939,-0.600000,-0.600000,-0.000137,-0.600000,0.600000,-0.600000,-0.525119,0.058513,-0.600000,-0.600000,-0.600000,-0.400224,-0.600000,0.771400,0.477897,0.771400,0.180829,0.600000,0.600000,-0.400224,-0.600000,-0.061029,-0.000137,-0.600000,-0.600000,-0.587948,0.600000,0.001589,-0.611944,0.188373,-0.999988,-0.600000,0.000137,0.999939,0.670550,-0.670550,0.996447,-0.999585,-0.725305,-0.995180,0.999936,-0.600000,-0.600000,0.984668,-0.611944
133,0,0,1,1,S,0,8,26,1,0.000023,-0.611944,-0.600000,0.033584,1.000000,-0.912393,-0.177881,-0.600000,0.974572,-0.998570,0.055549,-0.600000,0.010278,-0.600000,-0.600000,-0.600000,-0.999943,-0.600000,-0.000129,-0.600000,-0.912393,-0.053993,-0.136889,-0.975307,-0.600000,-0.600000,0.999943,-0.600000,-0.600000,-0.000129,-0.600000,0.600000,-0.600000,-0.523872,0.055549,-0.600000,-0.600000,-0.600000,-0.400224,-0.600000,0.771400,0.477896,0.771400,0.177881,0.600000,0.600000,-0.400224,-0.600000,-0.060457,-0.000129,-0.600000,-0.600000,-0.587948,0.600000,0.001481,-0.611944,0.185330,-0.999989,-0.600000,0.000129,0.999943,0.671654,-0.671654,0.996638,-0.999603,-0.725305,-0.995415,0.999940,-0.600000,-0.600000,0.984819,-0.611944
134,0,1,0,0,S,0,6,27,1,0.000022,-0.611944,-0.600000,0.031840,1.000000,-0.912793,-0.177150,-0.600000,0.974696,-0.998584,0.055287,-0.600000,0.010176,-0.600000,-0.600000,-0.600000,-0.999946,-0.600000,-0.000121,-0.600000,-0.912793,-0.051489,-0.136299,-0.976485,-0.600000,-0.600000,0.999946,-0.600000,-0.600000,-0.000121,-0.600000,0.600000,-0.600000,-0.523872,0.055287,-0.600000,-0.600000,-0.600000,-0.399023,-0.600000,0.772282,0.476649,0.772282,0.177150,0.600000,0.600000,-0.399023,-0.600000,-0.057401,-0.000121,-0.600000,-0.600000,-0.587948,0.600000,0.001459,-0.611944,0.184575,-0.999990,-0.600000,0.000121,0.999946,0.671654,-0.671654,0.996671,-0.999624,-0.725305,-0.995461,0.999944,-0.600000,-0.600000,0.985622,-0.611944
135,0,1,0,0,stay,1,29,27,1,0.000019,-0.611944,-0.600000,0.031077,1.000000,-0.915545,-0.172097,-0.600000,0.975307,-0.998693,0.053993,-0.600000,0.009493,-0.600000,-0.600000,-0.600000,-0.999952,-0.600000,-0.000108,-0.600000,-0.915545,-0.050041,-0.132223,-0.977166,-0.600000,-0.600000,0.999952,-0.600000,-0.600000,-0.000108,-0.600000,0.600000,-0.600000,-0.523872,0.053993,-0.600000,-0.600000,-0.600000,-0.390656,-0.600000,0.778387,0.477895,0.778387,0.172097,0.600000,0.600000,-0.390656,-0.600000,-0.056060,-0.000108,-0.600000,-0.600000,-0.587948,0.600000,0.001313,-0.611944,0.179357,-0.999991,-0.600000,0.000108,0.999952,0.671654,-0.671654,0.996896,-0.999652,-0.725305,-0.995767,0.999949,-0.600000,-0.600000,0.985972,-0.611944
136,0,0,0,0,S,0,27,28,1,0.000017,-0.611944,-0.600000,0.030926,1.000000,-0.917462,-0.168558,-0.600000,0.976021,-0.998763,0.052477,-0.600000,0.009033,-0.600000,-0.600000,-0.600000,-0.999955,-0.600000,-0.000102,-0.600000,-0.917462,-0.049803,-0.129376,-0.977278,-0.600000,-0.600000,0.999955,-0.600000,-0.600000,-0.000102,-0.600000,0.600000,-0.600000,-0.523872,0.052477,-0.600000,-0.600000,-0.600000,-0.390656,-0.600000,0.778387,0.477895,0.778387,0.168558,0.600000,0.600000,-0.390656,-0.600000,-0.055796,-0.000102,-0.600000,-0.600000,-0.587948,0.600000,0.001218,-0.611944,0.175701,-0.999992,-0.600000,0.000102,0.999955,0.671654,-0.671654,0.997047,-0.999664,-0.725305,-0.995973,0.999952,-0.600000,-0.600000,0.986042,-0.611944
137,0,0,0,0,S,0,25,29,1,0.000015,-0.611944,-0.600000,0.030926,1.000000,-0.919710,-0.164389,-0.600000,0.976714,-0.998835,0.051002,-0.600000,0.008510,-0.600000,-0.600000,-0.600000,-0.999957,-0.600000,-0.000096,-0.600000,-0.919710,-0.049803,-0.126028,-0.977278,-0.600000,-0.600000,0.999957,-0.600000,-0.600000,-0.000096,-0.600000,0.600000,-0.600000,-0.523872,0.051002,-0.600000,-0.600000,-0.600000,-0.390656,-0.600000,0.778387,0.477895,0.778387,0.164389,0.600000,0.600000,-0.390656,-0.600000,-0.055796,-0.000096,-0.600000,-0.600000,-0.587948,0.600000,0.001113,-0.611944,0.171391,-0.999992,-0.600000,0.000096,0.999957,0.671654,-0.671654,0.997219,-0.999674,-0.725305,-0.996207,0.999955,-0.600000,-0.600000,0.986042,-0.611944
138,0,1,0,1,S,0,23,30,1,0.000013,-0.611944,-0.600000,0.030331,1.000000,-0.921902,-0.160302,-0.600000,0.977499,-0.998930,0.049331,-0.600000,0.007938,-0.600000,-0.600000,-0.600000,-0.999961,-0.600000,-0.000087,-0.600000,-0.921902,-0.049096,-0.121145,-0.977609,-0.600000,-0.600000,0.999961,-0.600000,-0.600000,-0.000087,-0.600000,0.600000,-0.600000,-0.520130,0.049331,-0.600000,-0.600000,-0.600000,-0.382353,-0.600000,0.784374,0.476646,0.784374,0.160302,0.600000,0.600000,-0.382353,-0.600000,-0.054749,-0.000087,-0.600000,-0.600000,-0.587948,0.600000,0.001007,-0.611944,0.167166,-0.999993,-0.600000,0.000087,0.999961,0.674957,-0.674957,0.997446,-0.999696,-0.725305,-0.996463,0.999959,-0.600000,-0.600000,0.986315,-0.611944
139,0,1,0,0,S,0,21,31,1,0.000012,-0.611944,-0.600000,0.029892,1.000000,-0.924039,-0.156299,-0.600000,0.977827,-0.998988,0.048631,-0.600000,0.007591,-0.600000,-0.600000,-0.600000,-0.999964,-0.600000,-0.000081,-0.600000,-0.924039,-0.048399,-0.117981,-0.977936,-0.600000,-0.600000,0.999964,-0.600000,-0.600000,-0.000081,-0.600000,0.600000,-0.600000,-0.520130,0.048631,-0.600000,-0.600000,-0.600000,-0.376463,-0.600000,0.788578,0.476645,0.788578,0.156299,0.600000,0.600000,-0.376463,-0.600000,-0.053976,-0.000081,-0.600000,-0.600000,-0.587948,0.600000,0.000934,-0.611944,0.163024,-0.999994,-0.600000,0.000081,0.999964,0.674957,-0.674957,0.997558,-0.999708,-0.725305,-0.996619,0.999962,-0.600000,-0.600000,0.986516,-0.611944
140,0,1,1,0,N,0,19,33,1,0.000011,-0.611944,-0.600000,0.029032,1.000000,-0.925779,-0.153024,-0.600000,0.979197,-0.999056,0.045704,-0.600000,0.007187,-0.600000,-0.600000,-0.600000,-0.999967,-0.600000,-0.000075,-0.600000,-0.925779,-0.047940,-0.115400,-0.978151,-0.600000,-0.600000,0.999967,-0.600000,-0.600000,-0.000075,-0.600000,0.600000,-0.600000,-0.520130,0.045704,-0.600000,-0.600000,-0.600000,-0.370609,-0.600000,0.792722,0.471657,0.792722,0.153024,0.600000,0.600000,-0.370609,-0.600000,-0.052461,-0.000075,-0.600000,-0.600000,-0.587948,0.600000,0.000862,-0.611944,0.159635,-0.999995,-0.600000,0.000075,0.999967,0.674957,-0.674957,0.997689,-0.999723,-0.725305,-0.996800,0.999965,-0.600000,-0.600000,0.986911,-0.611944
141,0,0,0,0,S,0,17,32,1,0.000010,-0.611944,-0.600000,0.027518,1.000000,-0.926123,-0.152376,-0.600000,0.979299,-0.999066,0.045485,-0.600000,0.007151,-0.600000,-0.600000,-0.600000,-0.999969,-0.600000,-0.000070,-0.600000,-0.926123,-0.045704,-0.114889,-0.979197,-0.600000,-0.600000,0.999969,-0.600000,-0.600000,-0.000070,-0.600000,0.600000,-0.600000,-0.520130,0.045485,-0.600000,-0.600000,-0.600000,-0.369443,-0.600000,0.793544,0.470411,0.793544,0.152376,0.600000,0.600000,-0.369443,-0.600000,-0.049788,-0.000070,-0.600000,-0.600000,-0.587948,0.600000,0.000853,-0.611944,0.158965,-0.999995,-0.600000,0.000070,0.999969,0.674957,-0.674957,0.997700,-0.999738,-0.725305,-0.996816,0.999967,-0.600000,-0.600000,0.987604,-0.611944
142,0,0,0,0,stay,1,29,32,1,0.000009,-0.611944,-0.600000,0.026855,1.000000,-0.927482,-0.149807,-0.600000,0.979701,-0.999111,0.044623,-0.600000,0.006804,-0.600000,-0.600000,-0.600000,-0.999971,-0.600000,-0.000066,-0.600000,-0.927482,-0.044837,-0.112867,-0.979601,-0.600000,-0.600000,0.999971,-0.600000,-0.600000,-0.000066,-0.600000,0.600000,-0.600000,-0.520130,0.044623,-0.600000,-0.600000,-0.600000,-0.369443,-0.600000,0.793544,0.469165,0.793544,0.149807,0.600000,0.600000,-0.369443,-0.600000,-0.048616,-0.000066,-0.600000,-0.600000,-0.587948,0.600000,0.000795,-0.611944,0.156304,-0.999995,-0.600000,0.000066,0.999971,0.674957,-0.674957,0.997813,-0.999751,-0.725305,-0.996971,0.999969,-0.600000,-0.600000,0.987907,-0.611944
143,0,0,0,0,S,0,27,31,1,0.000008,-0.611944,-0.600000,0.026080,1.000000,-0.929479,-0.146019,-0.600000,0.980096,-0.999163,0.043776,-0.600000,0.006409,-0.600000,-0.600000,-0.600000,-0.999973,-0.600000,-0.000060,-0.600000,-0.929479,-0.043776,-0.109892,-0.980096,-0.600000,-0.600000,0.999973,-0.600000,-0.600000,-0.000060,-0.600000,0.600000,-0.600000,-0.520130,0.043776,-0.600000,-0.600000,-0.600000,-0.369443,-0.600000,0.793544,0.467919,0.793544,0.146019,0.600000,0.600000,-0.369443,-0.600000,-0.047244,-0.000060,-0.600000,-0.600000,-0.587948,0.600000,0.000727,-0.611944,0.152382,-0.999996,-0.600000,0.000060,0.999973,0.674957,-0.674957,0.997940,-0.999764,-0.725305,-0.997147,0.999972,-0.600000,-0.600000,0.988261,-0.611944
144,0,0,0,0,S,0,25,30,1,0.000008,-0.611944,-0.600000,0.025327,1.000000,-0.931103,-0.142924,-0.600000,0.980387,-0.999204,0.043151,-0.600000,0.006128,-0.600000,-0.600000,-0.600000,-0.999975,-0.600000,-0.000056,-0.600000,-0.931103,-0.042945,-0.107466,-0.980484,-0.600000,-0.600000,0.999975,-0.600000,-0.600000,-0.000056,-0.600000,0.600000,-0.600000,-0.520130,0.043151,-0.600000,-0.600000,-0.600000,-0.369443,-0.600000,0.793544,0.465428,0.793544,0.142924,0.600000,0.600000,-0.369443,-0.600000,-0.045909,-0.000056,-0.600000,-0.600000,-0.587948,0.600000,0.000677,-0.611944,0.149176,-0.999996,-0.600000,0.000056,0.999975,0.674957,-0.674957,0.998031,-0.999775,-0.725305,-0.997273,0.999974,-0.600000,-0.600000,0.988605,-0.611944
145,0,0,1,0,S,0,23,29,1,0.000007,-0.611944,-0.600000,0.025081,1.000000,-0.933007,-0.139282,-0.600000,0.981328,-0.999247,0.041129,-0.600000,0.005830,-0.600000,-0.600000,-0.600000,-0.999977,-0.600000,-0.000053,-0.600000,-0.933007,-0.042739,-0.104617,-0.980579,-0.600000,-0.600000,0.999977,-0.600000,-0.600000,-0.000053,-0.600000,0.600000,-0.600000,-0.520130,0.041129,-0.600000,-0.600000,-0.600000,-0.369443,-0.600000,0.793544,0.464183,0.793544,0.139282,0.600000,0.600000,-0.369443,-0.600000,-0.045472,-0.000053,-0.600000,-0.600000,-0.587948,0.600000,0.000625,-0.611944,0.145401,-0.999997,-0.600000,0.000053,0.999977,0.674957,-0.674957,0.998127,-0.999781,-0.725305,-0.997406,0.999975,-0.600000,-0.600000,0.988717,-0.611944
146,0,1,0,0,S,0,21,28,1,0.000007,-0.611944,-0.600000,0.023768,1.000000,-0.934249,-0.136897,-0.600000,0.981420,-0.999254,0.040932,-0.600000,0.005715,-0.600000,-0.600000,-0.600000,-0.999978,-0.600000,-0.000050,-0.600000,-0.934249,-0.040735,-0.102754,-0.981511,-0.600000,-0.600000,0.999978,-0.600000,-0.600000,-0.000050,-0.600000,0.600000,-0.600000,-0.520130,0.040932,-0.600000,-0.600000,-0.600000,-0.369443,-0.600000,0.793544,0.462940,0.793544,0.136897,0.600000,0.600000,-0.369443,-0.600000,-0.043138,-0.000050,-0.600000,-0.600000,-0.587948,0.600000,0.000601,-0.611944,0.142929,-0.999997,-0.600000,0.000050,0.999978,0.674957,-0.674957,0.998164,-0.999790,-0.725305,-0.997457,0.999977,-0.600000,-0.600000,0.989316,-0.611944
147,0,1,0,0,stay,1,29,28,1,0.000006,-0.611944,-0.600000,0.022855,1.000000,-0.935772,-0.133965,-0.600000,0.981782,-0.999298,0.040152,-0.600000,0.005437,-0.600000,-0.600000,-0.600000,-0.999980,-0.600000,-0.000045,-0.600000,-0.935772,-0.039197,-0.100468,-0.982225,-0.600000,-0.600000,0.999980,-0.600000,-0.600000,-0.000045,-0.600000,0.600000,-0.600000,-0.520130,0.040152,-0.600000,-0.600000,-0.600000,-0.362477,-0.600000,0.798422,0.462938,0.798422,0.133965,0.600000,0.600000,-0.362477,-0.600000,-0.041513,-0.000045,-0.600000,-0.600000,-0.587948,0.600000,0.000557,-0.611944,0.139889,-0.999997,-0.600000,0.000045,0.999980,0.674957,-0.674957,0.998254,-0.999805,-0.725305,-0.997581,0.999979,-0.600000,-0.600000,0.989732,-0.611944
148,0,0,0,0,S,0,27,27,1,0.000005,-0.611944,-0.600000,0.022632,1.000000,-0.937555,-0.130516,-0.600000,0.982225,-0.999332,0.039197,-0.600000,0.005199,-0.600000,-0.600000,-0.600000,-0.999981,-0.600000,-0.000042,-0.600000,-0.937555,-0.038821,-0.097783,-0.982399,-0.600000,-0.600000,0.999981,-0.600000,-0.600000,-0.000042,-0.600000,0.600000,-0.600000,-0.520130,0.039197,-0.600000,-0.600000,-0.600000,-0.362477,-0.600000,0.798422,0.462938,0.798422,0.130516,0.600000,0.600000,-0.362477,-0.600000,-0.041116,-0.000042,-0.600000,-0.600000,-0.587948,0.600000,0.000517,-0.611944,0.136311,-0.999997,-0.600000,0.000042,0.999981,0.674957,-0.674957,0.998330,-0.999811,-0.725305,-0.997687,0.999980,-0.600000,-0.600000,0.989833,-0.611944
149,0,1,0,0,S,0,25,26,1,0.000005,-0.611944,-0.600000,0.021762,1.000000,-0.939861,-0.126035,-0.600000,0.982572,-0.999386,0.038449,-0.600000,0.004872,-0.600000,-0.600000,-0.600000,-0.999983,-0.600000,-0.000038,-0.600000,-0.939861,-0.037897,-0.094304,-0.982827,-0.600000,-0.600000,0.999983,-0.600000,-0.600000,-0.000038,-0.600000,0.600000,-0.600000,-0.520130,0.038449,-0.600000,-0.600000,-0.600000,-0.353279,-0.600000,0.804793,0.459208,0.804793,0.126035,0.600000,0.600000,-0.353279,-0.600000,-0.039564,-0.000038,-0.600000,-0.600000,-0.587948,0.600000,0.000465,-0.611944,0.131662,-0.999998,-0.600000,0.000038,0.999983,0.674957,-0.674957,0.998436,-0.999824,-0.725305,-0.997833,0.999982,-0.600000,-0.600000,0.990229,-0.611944
150,0,0,0,0,S,0,23,25,1,0.000004,-0.611944,-0.600000,0.021444,1.000000,-0.941539,-0.122761,-0.600000,0.982996,-0.999414,0.037533,-0.600000,0.004658,-0.600000,-0.600000,-0.600000,-0.999984,-0.600000,-0.000036,-0.600000,-0.941539,-0.037533,-0.091767,-0.982996,-0.600000,-0.600000,0.999984,-0.600000,-0.600000,-0.000036,-0.600000,0.600000,-0.600000,-0.520130,0.037533,-0.600000,-0.600000,-0.600000,-0.353279,-0.600000,0.804793,0.457965,0.804793,0.122761,0.600000,0.600000,-0.353279,-0.600000,-0.038997,-0.000036,-0.600000,-0.600000,-0.587948,0.600000,0.000431,-0.611944,0.128264,-0.999998,-0.600000,0.000036,0.999984,0.674957,-0.674957,0.998505,-0.999828,-0.725305,-0.997928,0.999983,-0.600000,-0.600000,0.990373,-0.611944
151,0,1,0,0,S,0,21,24,1,0.000004,-0.611944,-0.600000,0.020924,1.000000,-0.943706,-0.118510,-0.600000,0.983245,-0.999453,0.036994,-0.600000,0.004410,-0.600000,-0.600000,-0.600000,-0.999985,-0.600000,-0.000033,-0.600000,-0.943706,-0.036639,-0.088481,-0.983409,-0.600000,-0.600000,0.999985,-0.600000,-0.600000,-0.000033,-0.600000,0.600000,-0.600000,-0.520130,0.036994,-0.600000,-0.600000,-0.600000,-0.346450,-0.600000,0.809470,0.457962,0.809470,0.118510,0.600000,0.600000,-0.346450,-0.600000,-0.038068,-0.000033,-0.600000,-0.600000,-0.587948,0.600000,0.000392,-0.611944,0.123849,-0.999998,-0.600000,0.000033,0.999985,0.674957,-0.674957,0.998585,-0.999837,-0.725305,-0.998039,0.999985,-0.600000,-0.600000,0.990609,-0.611944
152,0,0,0,0,S,0,19,23,1,0.000003,-0.611944,-0.600000,0.020822,1.000000,-0.945283,-0.115406,-0.600000,0.983653,-0.999483,0.036112,-0.600000,0.004195,-0.600000,-0.600000,-0.600000,-0.999986,-0.600000,-0.000031,-0.600000,-0.945283,-0.036462,-0.086086,-0.983491,-0.600000,-0.600000,0.999986,-0.600000,-0.600000,-0.000031,-0.600000,0.600000,-0.600000,-0.520130,0.036112,-0.600000,-0.600000,-0.600000,-0.345318,-0.600000,0.810241,0.457962,0.810241,0.115406,0.600000,0.600000,-0.345318,-0.600000,-0.037885,-0.000031,-0.600000,-0.600000,-0.587948,0.600000,0.000362,-0.611944,0.120624,-0.999998,-0.600000,0.000031,0.999986,0.674957,-0.674957,0.998654,-0.999842,-0.725305,-0.998135,0.999986,-0.600000,-0.600000,0.990656,-0.611944
153,1,0,0,0,E,0,17,24,1,0.000003,-0.611944,-0.600000,0.019824,1.000000,-0.946310,-0.113376,-0.600000,0.983813,-0.999498,0.035764,-0.600000,0.004071,-0.600000,-0.600000,-0.600000,-0.999987,-0.600000,-0.000028,-0.600000,-0.946310,-0.034742,-0.084136,-0.984285,-0.600000,-0.600000,0.999987,-0.600000,-0.600000,-0.000028,-0.600000,0.600000,-0.600000,-0.518882,0.035764,-0.600000,-0.600000,-0.600000,-0.345318,-0.600000,0.810241,0.457960,0.810241,0.113376,0.600000,0.600000,-0.345318,-0.600000,-0.037338,-0.000028,-0.600000,-0.600000,-0.587948,0.600000,0.000344,-0.611944,0.118515,-0.999999,-0.600000,0.000028,0.999987,0.676053,-0.676053,0.998700,-0.999851,-0.732231,-0.998190,0.999987,-0.600000,-0.600000,0.991109,-0.611944
154,1,0,0,0,stay,0,16,24,1,0.000003,-0.611944,-0.600000,0.018781,1.000000,-0.947569,-0.110883,-0.600000,0.984051,-0.999518,0.035249,-0.600000,0.003892,-0.600000,-0.600000,-0.600000,-0.999988,-0.600000,-0.000026,-0.600000,-0.947569,-0.033100,-0.082225,-0.985042,-0.600000,-0.600000,0.999988,-0.600000,-0.600000,-0.000026,-0.600000,0.600000,-0.600000,-0.518882,0.035249,-0.600000,-0.600000,-0.600000,-0.345318,-0.600000,0.810241,0.456716,0.810241,0.110883,0.600000,0.600000,-0.345318,-0.600000,-0.036976,-0.000026,-0.600000,-0.600000,-0.587948,0.600000,0.000321,-0.611944,0.115923,-0.999999,-0.600000,0.000026,0.999988,0.676053,-0.676053,0.998757,-0.999861,-0.740971,-0.998270,0.999988,-0.600000,-0.600000,0.991581,-0.611944
155,0,0,0,0,S,0,14,23,1,0.000003,-0.611944,-0.600000,0.018689,1.000000,-0.948800,-0.108437,-0.600000,0.984516,-0.999539,0.034241,-0.600000,0.003703,-0.600000,-0.600000,-0.600000,-0.999989,-0.600000,-0.000025,-0.600000,-0.948800,-0.032780,-0.080354,-0.985189,-0.600000,-0.600000,0.999989,-0.600000,-0.600000,-0.000025,-0.600000,0.600000,-0.600000,-0.518882,0.034241,-0.600000,-0.600000,-0.600000,-0.345318,-0.600000,0.810241,0.457956,0.810241,0.108437,0.600000,0.600000,-0.345318,-0.600000,-0.036976,-0.000025,-0.600000,-0.600000,-0.587948,0.600000,0.000298,-0.611944,0.113381,-0.999999,-0.600000,0.000025,0.999989,0.676053,-0.676053,0.998818,-0.999865,-0.741931,-0.998354,0.999989,-0.600000,-0.600000,0.991623,-0.611944
156,0,0,0,0,S,0,12,22,1,0.000002,-0.611944,-0.600000,0.018597,1.000000,-0.950241,-0.105565,-0.600000,0.984894,-0.999564,0.033422,-0.600000,0.003505,-0.600000,-0.600000,-0.600000,-0.999990,-0.600000,-0.000023,-0.600000,-0.950241,-0.032622,-0.078161,-0.985262,-0.600000,-0.600000,0.999990,-0.600000,-0.600000,-0.000023,-0.600000,0.600000,-0.600000,-0.518882,0.033422,-0.600000,-0.600000,-0.600000,-0.345318,-0.600000,0.810241,0.457956,0.810241,0.105565,0.600000,0.600000,-0.345318,-0.600000,-0.036798,-0.000023,-0.600000,-0.600000,-0.587948,0.600000,0.000273,-0.611944,0.110394,-0.999999,-0.600000,0.000023,0.999990,0.676053,-0.676053,0.998881,-0.999869,-0.741931,-0.998442,0.999989,-0.600000,-0.600000,0.991665,-0.611944
157,0,0,0,0,E,0,10,23,1,0.000002,-0.611944,-0.600000,0.018415,1.000000,-0.950947,-0.104154,-0.600000,0.985262,-0.999587,0.032622,-0.600000,0.003334,-0.600000,-0.600000,-0.600000,-0.999990,-0.600000,-0.000022,-0.600000,-0.950947,-0.032464,-0.077084,-0.985335,-0.600000,-0.600000,0.999990,-0.600000,-0.600000,-0.000022,-0.600000,0.600000,-0.600000,-0.518882,0.032622,-0.600000,-0.600000,-0.600000,-0.345318,-0.600000,0.810241,0.456714,0.810241,0.104154,0.600000,0.600000,-0.345318,-0.600000,-0.036444,-0.000022,-0.600000,-0.600000,-0.587948,0.600000,0.000256,-0.611944,0.108927,-0.999999,-0.600000,0.000022,0.999990,0.676053,-0.676053,0.998936,-0.999875,-0.741931,-0.998518,0.999990,-0.600000,-0.600000,0.991747,-0.611944
158,0,0,0,0,S,0,8,22,1,0.000002,-0.611944,-0.600000,0.017967,1.000000,-0.952103,-0.101840,-0.600000,0.985550,-0.999611,0.031995,-0.600000,0.003172,-0.600000,-0.600000,-0.600000,-0.999991,-0.600000,-0.000020,-0.600000,-0.952103,-0.031995,-0.075321,-0.985550,-0.600000,-0.600000,0.999991,-0.600000,-0.600000,-0.000020,-0.600000,0.600000,-0.600000,-0.518882,0.031995,-0.600000,-0.600000,-0.600000,-0.345318,-0.600000,0.810241,0.454232,0.810241,0.101840,0.600000,0.600000,-0.345318,-0.600000,-0.035574,-0.000020,-0.600000,-0.600000,-0.587948,0.600000,0.000237,-0.611944,0.106519,-0.999999,-0.600000,0.000020,0.999991,0.676053,-0.676053,0.998988,-0.999881,-0.741931,-0.998591,0.999991,-0.600000,-0.600000,0.991950,-0.611944
159,0,0,0,1,S,0,6,21,1,0.000002,-0.611944,-0.600000,0.017967,1.000000,-0.953456,-0.099123,-0.600000,0.986042,-0.999634,0.030926,-0.600000,0.002987,-0.600000,-0.600000,-0.600000,-0.999992,-0.600000,-0.000019,-0.600000,-0.953456,-0.031995,-0.073253,-0.985550,-0.600000,-0.600000,0.999992,-0.600000,-0.600000,-0.000019,-0.600000,0.600000,-0.600000,-0.518882,0.030926,-0.600000,-0.600000,-0.600000,-0.345318,-0.600000,0.810241,0.454232,0.810241,0.099123,0.600000,0.600000,-0.345318,-0.600000,-0.035574,-0.000019,-0.600000,-0.600000,-0.587948,0.600000,0.000217,-0.611944,0.103692,-0.999999,-0.600000,0.000019,0.999992,0.676053,-0.676053,0.999047,-0.999884,-0.741931,-0.998673,0.999991,-0.600000,-0.600000,0.991950,-0.611944
160,0,0,0,0,S,0,4,20,1,0.000001,-0.611944,-0.600000,0.017967,1.000000,-0.954772,-0.096471,-0.600000,0.986516,-0.999655,0.029892,-0.600000,0.002813,-0.600000,-0.600000,-0.600000,-0.999992,-0.600000,-0.000018,-0.600000,-0.954772,-0.031995,-0.071238,-0.985550,-0.600000,-0.600000,0.999992,-0.600000,-0.600000,-0.000018,-0.600000,0.600000,-0.600000,-0.518882,0.029892,-0.600000,-0.600000,-0.600000,-0.345318,-0.600000,0.810241,0.454232,0.810241,0.096471,0.600000,0.600000,-0.345318,-0.600000,-0.035574,-0.000018,-0.600000,-0.600000,-0.587948,0.600000,0.000198,-0.611944,0.100931,-0.999999,-0.600000,0.000018,0.999992,0.676053,-0.676053,0.999103,-0.999888,-0.741931,-0.998750,0.999992,-0.600000,-0.600000,0.991950,-0.611944
161,0,1,0,0,S,0,2,19,1,0.000001,-0.611944,-0.600000,0.017444,1.000000,-0.956680,-0.092611,-0.600000,0.986975,-0.999685,0.028891,-0.600000,0.002610,-0.600000,-0.600000,-0.600000,-0.999993,-0.600000,-0.000016,-0.600000,-0.956680,-0.031380,-0.068312,-0.985833,-0.600000,-0.600000,0.999993,-0.600000,-0.600000,-0.000016,-0.600000,0.600000,-0.600000,-0.518882,0.028891,-0.600000,-0.600000,-0.600000,-0.336325,-0.600000,0.816324,0.451752,0.816324,0.092611,0.600000,0.600000,-0.336325,-0.600000,-0.034557,-0.000016,-0.600000,-0.600000,-0.587948,0.600000,0.000176,-0.611944,0.096912,-0.999999,-0.600000,0.000016,0.999993,0.676053,-0.676053,0.999168,-0.999895,-0.741931,-0.998841,0.999993,-0.600000,-0.600000,0.992186,-0.611944
162,0,0,0,0,S,0,0,18,1,0.000001,-0.611944,-0.600000,0.017359,1.000000,-0.957909,-0.090116,-0.600000,0.987293,-0.999702,0.028196,-0.600000,0.002483,-0.600000,-0.600000,-0.600000,-0.999993,-0.600000,-0.000015,-0.600000,-0.957909,-0.031228,-0.066423,-0.985903,-0.600000,-0.600000,0.999993,-0.600000,-0.600000,-0.000015,-0.600000,0.600000,-0.600000,-0.518882,0.028196,-0.600000,-0.600000,-0.600000,-0.335209,-0.600000,0.817074,0.451751,0.817074,0.090116,0.600000,0.600000,-0.335209,-0.600000,-0.034390,-0.000015,-0.600000,-0.600000,-0.587948,0.600000,0.000162,-0.611944,0.094313,-0.999999,-0.600000,0.000015,0.999993,0.676053,-0.676053,0.999208,-0.999898,-0.741931,-0.998897,0.999993,-0.600000,-0.600000,0.992225,-0.611944
