tick,energy,eats,distance,conn_1_6_weight,conn_2_7_weight,conn_3_8_weight,conn_4_9_weight,food_north_sensed,food_east_sensed,food_south_sensed,food_west_sensed
0,30,0,0,0.050000,0.050000,0.050000,0.050000,0,0,0,0
1,29,0,0,0.047446,0.052672,0.052672,0.055466,0,1,1,1
2,29,1,0,0.042704,0.058425,0.058425,0.068123,0,1,1,1
3,28,1,0,0.038417,0.064764,0.064764,0.083416,0,1,1,1
4,26,1,1,0.036256,0.072056,0.061793,0.093020,0,1,0,1
5,29,2,1,0.032595,0.088149,0.055702,0.113229,0,1,0,1
6,27,2,2,0.032437,0.081159,0.066838,0.114233,0,0,1,0
7,25,2,3,0.029292,0.097742,0.061136,0.137170,0,1,0,1
8,24,2,3,0.026314,0.118844,0.055106,0.165237,0,1,0,1
9,22,2,4,0.027622,0.131945,0.054845,0.159107,1,1,0,0
10,29,3,4,0.030728,0.159139,0.054845,0.144911,1,1,0,0
11,27,3,5,0.028985,0.178710,0.054845,0.144292,0,1,0,0
12,25,3,6,0.028845,0.180178,0.051810,0.159694,0,0,0,1
13,23,3,7,0.026038,0.213194,0.051565,0.161036,0,1,0,0
14,21,3,8,0.028691,0.252303,0.051565,0.147327,1,1,0,0
15,19,3,9,0.028830,0.254189,0.046654,0.174878,0,0,0,1
16,17,3,10,0.028830,0.235679,0.056088,0.176321,0,0,1,0
17,15,3,11,0.035296,0.234778,0.051252,0.192066,1,0,0,1
18,13,3,12,0.035636,0.218120,0.060982,0.192842,0,0,1,0
19,11,3,13,0.033141,0.243780,0.061555,0.192842,0,1,0,0
20,9,3,14,0.034777,0.266518,0.061555,0.184413,1,1,0,0
21,29,4,14,0.038654,0.311563,0.061555,0.168414,1,1,0,0
22,28,4,14,0.042946,0.360502,0.061555,0.153540,1,1,0,0
23,26,4,15,0.043151,0.362807,0.061555,0.152891,0,0,0,0
24,29,5,15,0.043151,0.362807,0.056814,0.176147,0,0,0,1
25,27,5,16,0.052656,0.338883,0.068791,0.162754,1,0,1,0
26,25,5,17,0.053155,0.337762,0.062933,0.192544,0,0,0,1
27,23,5,18,0.058944,0.337762,0.059479,0.202833,1,0,0,1
28,29,6,18,0.072335,0.337762,0.053603,0.221174,1,0,0,1
29,27,6,19,0.073006,0.337762,0.053350,0.222035,0,0,0,0
30,25,6,20,0.067132,0.379061,0.053350,0.222035,0,1,0,0
31,23,6,21,0.066819,0.381414,0.053350,0.222035,0,0,0,0
32,29,7,21,0.066819,0.381414,0.053350,0.222035,0,0,0,0
33,27,7,22,0.063463,0.407656,0.053350,0.222035,0,1,0,0
34,25,7,23,0.063166,0.410070,0.053350,0.222035,0,0,0,0
35,23,7,24,0.063166,0.396828,0.059159,0.222035,0,0,1,0
36,21,7,25,0.063166,0.395631,0.059715,0.222035,0,0,0,0
37,19,7,26,0.059419,0.427069,0.059715,0.222035,0,1,0,0
38,17,7,27,0.059140,0.429516,0.059715,0.222035,0,0,0,0
39,15,7,28,0.056146,0.456637,0.059715,0.222035,0,1,0,0
40,13,7,29,0.053043,0.486522,0.059715,0.222035,0,1,0,0
41,29,8,29,0.049628,0.521507,0.059715,0.222035,0,1,0,0
42,27,8,30,0.049392,0.524002,0.059715,0.222035,0,0,0,0
43,29,9,30,0.049392,0.524002,0.059715,0.222035,0,0,0,0
44,27,9,31,0.049392,0.524002,0.059715,0.222035,0,0,0,0
45,25,9,32,0.049392,0.524002,0.059715,0.222035,0,0,0,0
46,23,9,33,0.046867,0.551349,0.059715,0.222035,0,1,0,0
47,21,9,34,0.046644,0.553823,0.059715,0.222035,0,0,0,0
48,29,10,34,0.046644,0.553823,0.059715,0.222035,0,0,0,0
49,27,10,35,0.046644,0.553823,0.059715,0.222035,0,0,0,0
50,25,10,36,0.046644,0.553823,0.059715,0.222035,0,0,0,0
51,23,10,37,0.046644,0.553823,0.059715,0.222035,0,0,0,0
52,21,10,38,0.046644,0.553823,0.059715,0.222035,0,0,0,0
53,19,10,39,0.046644,0.553823,0.059715,0.222035,0,0,0,0
54,17,10,40,0.046644,0.553823,0.059715,0.222035,0,0,0,0
55,15,10,41,0.046644,0.553823,0.059715,0.222035,0,0,0,0
56,13,10,42,0.044253,0.580835,0.059715,0.222035,0,1,0,0
57,11,10,43,0.044041,0.569848,0.066170,0.222035,0,0,1,0
58,29,11,43,0.044041,0.542711,0.081062,0.222035,0,0,1,0
59,27,11,44,0.044041,0.541471,0.081807,0.222035,0,0,0,0
60,29,12,44,0.044041,0.541471,0.081807,0.222035,0,0,0,0
61,27,12,45,0.044041,0.541471,0.081807,0.222035,0,0,0,0
62,25,12,46,0.044041,0.541471,0.081807,0.222035,0,0,0,0
63,23,12,47,0.044041,0.527790,0.090421,0.222035,0,0,1,0
64,21,12,48,0.044041,0.526544,0.091244,0.222035,0,0,0,0
65,19,12,49,0.044041,0.526544,0.091244,0.222035,0,0,0,0
66,17,12,50,0.044041,0.526544,0.091244,0.222035,0,0,0,0
67,15,12,51,0.044041,0.526544,0.091244,0.222035,0,0,0,0
68,13,12,52,0.041778,0.553870,0.091244,0.222035,0,1,0,0
69,11,12,53,0.046167,0.556341,0.091244,0.212667,1,0,0,0
70,29,13,53,0.051722,0.556341,0.091244,0.202780,1,0,0,0
71,27,13,54,0.052212,0.556341,0.091244,0.201972,0,0,0,0
72,25,13,55,0.052212,0.556341,0.084036,0.232451,0,0,0,1
73,23,13,56,0.052212,0.556341,0.083652,0.234235,0,0,0,0
74,21,13,57,0.052212,0.556341,0.083652,0.234235,0,0,0,0
75,19,13,58,0.049315,0.585746,0.083652,0.234235,0,1,0,0
76,17,13,59,0.046571,0.614562,0.083652,0.234235,0,1,0,0
77,29,14,59,0.043973,0.642604,0.083652,0.234235,0,1,0,0
78,27,14,60,0.043763,0.632216,0.092441,0.234235,0,0,1,0
79,29,15,60,0.043763,0.618166,0.102968,0.234235,0,0,1,0
80,27,15,61,0.043763,0.616986,0.103892,0.234235,0,0,0,0
81,29,16,61,0.043763,0.616986,0.103892,0.234235,0,0,0,0
82,27,16,62,0.043763,0.616986,0.103892,0.234235,0,0,0,0
83,25,16,63,0.043763,0.616986,0.103892,0.234235,0,0,0,0
84,23,16,64,0.043763,0.616986,0.103892,0.234235,0,0,0,0
85,21,16,65,0.043763,0.616986,0.103892,0.234235,0,0,0,0
86,19,16,66,0.043763,0.616986,0.103892,0.234235,0,0,0,0
87,17,16,67,0.041116,0.647244,0.103892,0.234235,0,1,0,0
88,15,16,68,0.038809,0.661952,0.114545,0.234235,0,1,1,0
89,29,17,68,0.036627,0.675256,0.127240,0.234235,0,1,1,0
90,27,17,69,0.041278,0.676353,0.128350,0.222762,1,0,0,0
91,29,18,69,0.046274,0.676353,0.128350,0.212533,1,0,0,0
92,27,18,70,0.046715,0.659737,0.146020,0.211696,0,0,1,0
93,25,18,71,0.056958,0.658615,0.147267,0.194679,1,0,0,0
94,23,18,72,0.057496,0.658615,0.147267,0.193895,0,0,0,0
95,29,19,72,0.057496,0.658615,0.147267,0.193895,0,0,0,0
96,27,19,73,0.066144,0.658615,0.147267,0.182424,1,0,0,0
97,25,19,74,0.066762,0.658615,0.140481,0.198553,0,0,0,1
98,29,20,74,0.066762,0.658615,0.131080,0.225164,0,0,0,1
99,27,20,75,0.066762,0.658615,0.130510,0.226909,0,0,0,0
100,25,20,76,0.066762,0.658615,0.130510,0.226909,0,0,0,0
101,23,20,77,0.066762,0.658615,0.119029,0.265733,0,0,0,1
102,21,20,78,0.066762,0.658615,0.118505,0.267684,0,0,0,0
103,19,20,79,0.075293,0.658615,0.118505,0.255121,1,0,0,0
104,17,20,80,0.075990,0.658615,0.118505,0.254171,0,0,0,0
105,15,20,81,0.075990,0.658615,0.118505,0.254171,0,0,0,0
106,13,20,82,0.075990,0.658615,0.112368,0.277526,0,0,0,1
107,11,20,83,0.075990,0.658615,0.111869,0.279531,0,0,0,0
108,9,20,84,0.075990,0.658615,0.101835,0.323615,0,0,0,1
109,7,20,85,0.075990,0.646152,0.111805,0.325804,0,0,1,0
110,5,20,86,0.075990,0.645009,0.112798,0.325804,0,0,0,0
111,3,20,87,0.072209,0.669814,0.112798,0.325804,0,1,0,0
112,1,20,88,0.071874,0.672026,0.112798,0.325804,0,0,0,0
113,29,21,88,0.071874,0.672026,0.112798,0.325804,0,0,0,0
114,27,21,89,0.071874,0.672026,0.112798,0.325804,0,0,0,0
115,25,21,90,0.071874,0.672026,0.112798,0.325804,0,0,0,0
116,23,21,91,0.071874,0.672026,0.112798,0.325804,0,0,0,0
117,21,21,92,0.071874,0.672026,0.112798,0.325804,0,0,0,0
118,19,21,93,0.071874,0.648499,0.135490,0.325804,0,0,1,0
119,17,21,94,0.071874,0.647359,0.136662,0.325804,0,0,0,0
120,15,21,95,0.071874,0.647359,0.127478,0.361820,0,0,0,1
121,13,21,96,0.071874,0.647359,0.126922,0.364129,0,0,0,0
122,29,22,96,0.071874,0.647359,0.126922,0.364129,0,0,0,0
123,27,22,97,0.071874,0.647359,0.126922,0.364129,0,0,0,0
124,25,22,98,0.071874,0.647359,0.126922,0.364129,0,0,0,0
125,23,22,99,0.071874,0.647359,0.126922,0.364129,0,0,0,0
126,21,22,100,0.071874,0.647359,0.126922,0.364129,0,0,0,0
127,19,22,101,0.068283,0.659820,0.139571,0.364129,0,1,1,0
128,17,22,102,0.064555,0.685182,0.140772,0.364129,0,1,0,0
129,29,23,102,0.061018,0.710523,0.140772,0.364129,0,1,0,0
130,27,23,103,0.060731,0.701197,0.154560,0.364129,0,0,1,0
131,29,24,103,0.060731,0.685265,0.175118,0.364129,0,0,1,0
132,27,24,104,0.060731,0.684187,0.176563,0.364129,0,0,0,0
133,29,25,104,0.060731,0.684187,0.176563,0.364129,0,0,0,0
134,27,25,105,0.060731,0.684187,0.163836,0.406683,0,0,0,1
135,25,25,106,0.060731,0.684187,0.155768,0.435907,0,0,0,1
136,29,26,106,0.060731,0.684187,0.144276,0.480543,0,0,0,1
137,27,26,107,0.067288,0.684187,0.143659,0.469320,1,0,0,0
138,29,27,107,0.078002,0.684187,0.143659,0.449450,1,0,0,0
139,27,27,108,0.078722,0.684187,0.143659,0.448213,0,0,0,0
140,29,28,108,0.078722,0.684187,0.143659,0.448213,0,0,0,0
141,27,28,109,0.078722,0.684187,0.143659,0.448213,0,0,0,0
142,25,28,110,0.078722,0.684187,0.143659,0.448213,0,0,0,0
143,23,28,111,0.074816,0.707505,0.143659,0.448213,0,1,0,0
144,21,28,112,0.074470,0.709574,0.143659,0.448213,0,0,0,0
145,29,29,112,0.070759,0.731758,0.143659,0.448213,0,1,0,0
146,27,29,113,0.070430,0.733721,0.143659,0.448213,0,0,0,0
147,29,30,113,0.070430,0.714775,0.168558,0.448213,0,0,1,0
148,27,30,114,0.070430,0.713756,0.169960,0.448213,0,0,0,0
149,29,31,114,0.070430,0.713756,0.169960,0.448213,0,0,0,0
150,27,31,115,0.070430,0.713756,0.169960,0.448213,0,0,0,0
151,25,31,116,0.070430,0.713756,0.169960,0.448213,0,0,0,0
152,23,31,117,0.066906,0.735740,0.169960,0.448213,0,1,0,0
153,21,31,118,0.066594,0.737684,0.169960,0.448213,0,0,0,0
154,29,32,118,0.066594,0.737684,0.169960,0.448213,0,0,0,0
155,27,32,119,0.078638,0.737684,0.169960,0.426066,1,0,0,0
156,25,32,120,0.079363,0.737684,0.169960,0.424843,0,0,0,0
157,29,33,120,0.079363,0.737684,0.169960,0.424843,0,0,0,0
158,27,33,121,0.079363,0.737684,0.169960,0.424843,0,0,0,0
159,25,33,122,0.075428,0.758457,0.169960,0.424843,0,1,0,0
160,23,33,123,0.083049,0.760289,0.169960,0.411457,1,0,0,0
161,29,34,123,0.097760,0.760289,0.169960,0.389839,1,0,0,0
162,27,34,124,0.098643,0.760289,0.169960,0.388649,0,0,0,0
163,25,34,125,0.103632,0.779811,0.169960,0.375657,1,1,0,0
164,23,34,126,0.099068,0.799779,0.169960,0.374484,0,1,0,0
165,29,35,126,0.093829,0.818361,0.169960,0.374484,0,1,0,0
166,27,35,127,0.093404,0.819848,0.169960,0.374484,0,0,0,0
167,29,36,127,0.093404,0.819848,0.169960,0.374484,0,0,0,0
168,27,36,128,0.093404,0.819848,0.169960,0.374484,0,0,0,0
169,25,36,129,0.093404,0.819848,0.169960,0.374484,0,0,0,0
170,23,36,130,0.093404,0.809294,0.190562,0.374484,0,0,1,0
171,21,36,131,0.088841,0.825027,0.192105,0.374484,0,1,0,0
172,29,37,131,0.084093,0.841734,0.192105,0.374484,0,1,0,0
173,27,37,132,0.083707,0.843066,0.192105,0.374484,0,0,0,0
174,29,38,132,0.083707,0.843066,0.192105,0.374484,0,0,0,0
175,27,38,133,0.083707,0.828694,0.226707,0.374484,0,0,1,0
176,25,38,134,0.083707,0.827984,0.228460,0.374484,0,0,0,0
177,29,39,134,0.083707,0.827984,0.228460,0.374484,0,0,0,0
178,27,39,135,0.083707,0.827984,0.228460,0.374484,0,0,0,0
179,25,39,136,0.083707,0.819284,0.250239,0.374484,0,0,1,0
180,23,39,137,0.083707,0.818543,0.252115,0.374484,0,0,0,0
181,29,40,137,0.083707,0.818543,0.252115,0.374484,0,0,0,0
182,27,40,138,0.083707,0.818543,0.252115,0.374484,0,0,0,0
183,25,40,139,0.083707,0.818543,0.241874,0.400555,0,0,0,1
184,23,40,140,0.083707,0.818543,0.240957,0.402956,0,0,0,0
185,21,40,141,0.083707,0.818543,0.226611,0.441941,0,0,0,1
186,19,40,142,0.083707,0.818543,0.225735,0.444408,0,0,0,0
187,29,41,142,0.083707,0.818543,0.225735,0.444408,0,0,0,0
188,27,41,143,0.083707,0.818543,0.212879,0.481671,0,0,0,1
189,25,41,144,0.083707,0.818543,0.212041,0.484168,0,0,0,0
190,23,41,145,0.101209,0.818543,0.212041,0.458008,1,0,0,0
191,21,41,146,0.102119,0.818543,0.202984,0.484155,0,0,0,1
192,19,41,147,0.102119,0.818543,0.191878,0.519141,0,0,0,1
193,29,42,147,0.102119,0.818543,0.182732,0.549003,0,0,0,1
194,27,42,148,0.102119,0.818543,0.181985,0.551479,0,0,0,0
195,29,43,148,0.102119,0.818543,0.181985,0.551479,0,0,0,0
196,27,43,149,0.102119,0.818543,0.181985,0.551479,0,0,0,0
197,25,43,150,0.102119,0.818543,0.181985,0.551479,0,0,0,0
198,23,43,151,0.102119,0.818543,0.181985,0.551479,0,0,0,0
199,21,43,152,0.102119,0.818543,0.181985,0.551479,0,0,0,0
200,19,43,153,0.102119,0.818543,0.181985,0.551479,0,0,0,0
201,17,43,154,0.102119,0.818543,0.181985,0.551479,0,0,0,0
202,15,43,155,0.102119,0.818543,0.173928,0.578524,0,0,0,1
203,13,43,156,0.102119,0.810244,0.181215,0.607503,0,0,1,1
204,11,43,157,0.097175,0.825916,0.181956,0.609888,0,1,0,0
205,29,44,157,0.092027,0.842554,0.181956,0.609888,0,1,0,0
206,27,44,158,0.091609,0.836510,0.198852,0.609888,0,0,1,0
207,29,45,158,0.091609,0.828152,0.218601,0.609888,0,0,1,0
208,27,45,159,0.091609,0.827440,0.220309,0.609888,0,0,0,0
209,25,45,160,0.091609,0.816485,0.247077,0.609888,0,0,1,0
210,23,45,161,0.091609,0.815736,0.248937,0.609888,0,0,0,0
211,21,45,162,0.087125,0.823873,0.259349,0.635753,0,1,1,1
212,19,45,163,0.086727,0.816514,0.281990,0.638068,0,0,1,0
213,29,46,163,0.086727,0.807368,0.306856,0.638068,0,0,1,0
214,27,46,164,0.086727,0.806591,0.308983,0.638068,0,0,0,0
215,25,46,165,0.086727,0.806591,0.308983,0.638068,0,0,0,0
216,23,46,166,0.098426,0.806591,0.308983,0.621762,1,0,0,0
217,21,46,167,0.099314,0.806591,0.297353,0.646156,0,0,0,1
218,29,47,167,0.099314,0.806591,0.284959,0.673130,0,0,0,1
219,27,47,168,0.099314,0.806591,0.272879,0.699013,0,0,0,1
220,29,48,168,0.099314,0.806591,0.261124,0.723693,0,0,0,1
221,27,48,169,0.099314,0.806591,0.260160,0.725692,0,0,0,0
222,29,49,169,0.099314,0.806591,0.260160,0.725692,0,0,0,0
223,27,49,170,0.099314,0.806591,0.260160,0.725692,0,0,0,0
224,25,49,171,0.099314,0.806591,0.260160,0.725692,0,0,0,0
225,23,49,172,0.094492,0.823225,0.260160,0.725692,0,1,0,0
226,21,49,173,0.094064,0.824681,0.260160,0.725692,0,0,0,0
227,29,50,173,0.094064,0.824681,0.260160,0.725692,0,0,0,0
228,27,50,174,0.094064,0.824681,0.260160,0.725692,0,0,0,0
229,25,50,175,0.094064,0.824681,0.260160,0.725692,0,0,0,0
230,23,50,176,0.094064,0.824681,0.260160,0.725692,0,0,0,0
231,21,50,177,0.094064,0.824681,0.260160,0.725692,0,0,0,0
232,19,50,178,0.094064,0.824681,0.249701,0.747087,0,0,0,1
233,17,50,179,0.094064,0.824681,0.248765,0.748977,0,0,0,0
234,15,50,180,0.094064,0.824681,0.248765,0.748977,0,0,0,0
235,13,50,181,0.094064,0.824681,0.248765,0.748977,0,0,0,0
236,11,50,182,0.094064,0.824681,0.248765,0.748977,0,0,0,0
237,9,50,183,0.094064,0.824681,0.248765,0.748977,0,0,0,0
238,7,50,184,0.094064,0.809004,0.289936,0.748977,0,0,1,0
239,5,50,185,0.094064,0.808232,0.280744,0.769138,0,0,0,1
240,29,51,185,0.094064,0.808232,0.266813,0.793121,0,0,0,1
241,27,51,186,0.094064,0.808232,0.255227,0.812175,0,0,0,1
242,29,52,186,0.094064,0.808232,0.243976,0.829854,0,0,0,1
243,27,52,187,0.094064,0.808232,0.243054,0.831266,0,0,0,0
244,29,53,187,0.094064,0.808232,0.243054,0.831266,0,0,0,0
245,27,53,188,0.094064,0.808232,0.243054,0.831266,0,0,0,0
246,25,53,189,0.094064,0.808232,0.243054,0.831266,0,0,0,0
247,23,53,190,0.094064,0.808232,0.243054,0.831266,0,0,0,0
248,21,53,191,0.094064,0.808232,0.243054,0.831266,0,0,0,0
249,19,53,192,0.089471,0.824756,0.243054,0.831266,0,1,0,0
250,17,53,193,0.089064,0.818175,0.263806,0.831266,0,0,1,0
251,29,54,193,0.089064,0.809093,0.287707,0.831266,0,0,1,0
252,27,54,194,0.084693,0.824839,0.289756,0.831266,0,1,0,0
253,29,55,194,0.080147,0.841560,0.289756,0.831266,0,1,0,0
254,27,55,195,0.075824,0.856965,0.289756,0.831266,0,1,0,0
255,25,55,196,0.079394,0.871103,0.278557,0.838853,1,1,0,1
256,29,56,196,0.083882,0.884034,0.266648,0.846813,1,1,0,1
257,27,56,197,0.084266,0.885059,0.265670,0.847462,0,0,0,0
258,29,57,197,0.084266,0.885059,0.265670,0.847462,0,0,0,0
259,27,57,198,0.088599,0.895825,0.265670,0.840228,1,1,0,0
260,25,57,199,0.089003,0.896758,0.265670,0.839557,0,0,0,0
261,29,58,199,0.089003,0.896758,0.265670,0.839557,0,0,0,0
262,27,58,200,0.089003,0.896758,0.265670,0.839557,0,0,0,0
263,25,58,201,0.089003,0.896758,0.265670,0.839557,0,0,0,0
264,23,58,202,0.089003,0.896758,0.265670,0.839557,0,0,0,0
265,21,58,203,0.089003,0.891564,0.287625,0.839557,0,0,1,0
266,19,58,204,0.084634,0.901346,0.289674,0.839557,0,1,0,0
267,17,58,205,0.093093,0.902235,0.289674,0.832022,1,0,0,0
268,29,59,205,0.106496,0.902235,0.289674,0.821295,1,0,0,0
269,27,59,206,0.107448,0.902235,0.289674,0.820562,0,0,0,0
270,25,59,207,0.122641,0.902235,0.289674,0.809270,1,0,0,0
271,23,59,208,0.123717,0.902235,0.289674,0.808498,0,0,0,0
272,21,59,209,0.137272,0.902235,0.289674,0.799051,1,0,0,0
273,19,59,210,0.138456,0.902235,0.289674,0.798248,0,0,0,0
274,17,59,211,0.155952,0.902235,0.289674,0.786756,1,0,0,0
275,15,59,212,0.157268,0.902235,0.289674,0.785917,0,0,0,0
276,13,59,213,0.157268,0.902235,0.289674,0.785917,0,0,0,0
277,11,59,214,0.157268,0.902235,0.289674,0.785917,0,0,0,0
278,9,59,215,0.157268,0.902235,0.278477,0.803895,0,0,0,1
279,7,59,216,0.157268,0.902235,0.277472,0.805471,0,0,0,0
280,29,60,216,0.157268,0.902235,0.277472,0.805471,0,0,0,0
281,27,60,217,0.157268,0.902235,0.277472,0.805471,0,0,0,0
282,25,60,218,0.150103,0.911554,0.277472,0.805471,0,1,0,0
283,23,60,219,0.163943,0.912360,0.277472,0.796722,1,0,0,0
284,29,61,219,0.188509,0.912360,0.277472,0.782629,1,0,0,0
285,27,61,220,0.190039,0.912360,0.277472,0.781778,0,0,0,0
286,29,62,220,0.190039,0.912360,0.277472,0.781778,0,0,0,0
287,27,62,221,0.181704,0.920799,0.277472,0.781778,0,1,0,0
288,25,62,222,0.172939,0.929154,0.277472,0.781778,0,1,0,0
289,23,62,223,0.172224,0.929813,0.266570,0.800014,0,0,0,1
290,29,63,223,0.172224,0.929813,0.254991,0.818579,0,0,0,1
291,27,63,224,0.172224,0.929813,0.254041,0.820064,0,0,0,0
292,29,64,224,0.172224,0.929813,0.254041,0.820064,0,0,0,0
293,27,64,225,0.172224,0.929813,0.254041,0.820064,0,0,0,0
294,25,64,226,0.172224,0.929813,0.254041,0.820064,0,0,0,0
295,23,64,227,0.180193,0.936689,0.254041,0.811819,1,1,0,0
296,21,64,228,0.172911,0.943472,0.254041,0.811055,0,1,0,0
297,29,65,228,0.164484,0.949567,0.254041,0.811055,0,1,0,0
298,27,65,229,0.179373,0.950046,0.254041,0.802495,1,0,0,0
299,29,66,229,0.213952,0.950046,0.254041,0.784507,1,0,0,0
300,27,66,230,0.225068,0.952598,0.275392,0.774205,1,1,1,0
301,25,66,231,0.225940,0.952824,0.277388,0.773331,0,0,0,0
302,29,67,231,0.225940,0.952824,0.277388,0.773331,0,0,0,0
303,27,67,232,0.225940,0.952824,0.277388,0.773331,0,0,0,0
304,25,67,233,0.225940,0.952824,0.277388,0.773331,0,0,0,0
305,23,67,234,0.225940,0.952824,0.277388,0.773331,0,0,0,0
306,21,67,235,0.225940,0.952824,0.277388,0.773331,0,0,0,0
307,19,67,236,0.216453,0.957550,0.277388,0.773331,0,1,0,0
308,17,67,237,0.234735,0.957956,0.277388,0.763558,1,0,0,0
309,29,68,237,0.262669,0.957956,0.277388,0.749770,1,0,0,0
310,27,68,238,0.264606,0.957956,0.277388,0.748832,0,0,0,0
311,29,69,238,0.264606,0.957956,0.277388,0.748832,0,0,0,0
312,27,69,239,0.264606,0.957956,0.277388,0.748832,0,0,0,0
313,25,69,240,0.264606,0.957956,0.277388,0.748832,0,0,0,0
314,23,69,241,0.264606,0.957956,0.277388,0.748832,0,0,0,0
315,21,69,242,0.264606,0.957956,0.277388,0.748832,0,0,0,0
316,19,69,243,0.264606,0.957956,0.277388,0.748832,0,0,0,0
317,17,69,244,0.264606,0.957956,0.266487,0.769001,0,0,0,1
318,15,69,245,0.264606,0.957956,0.265510,0.770777,0,0,0,0
319,29,70,245,0.264606,0.957956,0.265510,0.770777,0,0,0,0
320,27,70,246,0.286506,0.955690,0.276360,0.780362,1,0,1,1
321,25,70,247,0.311599,0.955478,0.266460,0.790487,1,0,0,1
322,29,71,247,0.337856,0.955478,0.254885,0.800265,1,0,0,1
323,27,71,248,0.340093,0.955478,0.253935,0.801065,0,0,0,0
324,29,72,248,0.340093,0.955478,0.253935,0.801065,0,0,0,0
325,27,72,249,0.374468,0.955478,0.253935,0.788861,1,0,0,0
326,25,72,250,0.376811,0.955478,0.253935,0.788028,0,0,0,0
327,23,72,251,0.407756,0.955478,0.253935,0.776983,1,0,0,0
328,21,72,252,0.410171,0.955478,0.243644,0.794700,0,0,0,1
329,29,73,252,0.410171,0.955478,0.232744,0.813643,0,0,0,1
330,27,73,253,0.410171,0.955478,0.231851,0.815159,0,0,0,0
331,29,74,253,0.410171,0.955478,0.231851,0.815159,0,0,0,0
332,27,74,254,0.410171,0.955478,0.231851,0.815159,0,0,0,0
333,25,74,255,0.410171,0.955478,0.231851,0.815159,0,0,0,0
334,23,74,256,0.410171,0.955478,0.231851,0.815159,0,0,0,0
335,21,74,257,0.410171,0.955478,0.231851,0.815159,0,0,0,0
336,19,74,258,0.410171,0.955478,0.231851,0.815159,0,0,0,0
337,17,74,259,0.396928,0.959949,0.231851,0.815159,0,1,0,0
338,15,74,260,0.382650,0.962381,0.251963,0.815159,0,1,1,0
339,29,75,260,0.368571,0.964499,0.275189,0.815159,0,1,1,0
340,27,75,261,0.367407,0.964670,0.277183,0.815159,0,0,0,0
341,29,76,261,0.367407,0.964670,0.277183,0.815159,0,0,0,0
342,27,76,262,0.367407,0.961479,0.314569,0.815159,0,0,1,0
343,25,76,263,0.367407,0.961294,0.304933,0.831213,0,0,0,1
344,23,76,264,0.354711,0.965203,0.303873,0.832616,0,1,0,0
345,29,77,264,0.341090,0.969032,0.303873,0.832616,0,1,0,0
346,27,77,265,0.339966,0.969333,0.303873,0.832616,0,0,0,0
347,29,78,265,0.339966,0.969333,0.303873,0.832616,0,0,0,0
348,27,78,266,0.339966,0.969333,0.303873,0.832616,0,0,0,0
349,25,78,267,0.339966,0.969333,0.292355,0.847439,0,0,0,1
350,23,78,268,0.339966,0.969333,0.280085,0.862366,0,0,0,1
351,29,79,268,0.339966,0.969333,0.268135,0.876048,0,0,0,1
352,27,79,269,0.339966,0.969333,0.267153,0.877134,0,0,0,0
353,29,80,269,0.339966,0.969333,0.267153,0.877134,0,0,0,0
354,27,80,270,0.339966,0.969333,0.267153,0.877134,0,0,0,0
355,25,80,271,0.339966,0.969333,0.267153,0.877134,0,0,0,0
356,23,80,272,0.339966,0.967659,0.289183,0.877134,0,0,1,0
357,21,80,273,0.339966,0.967502,0.280005,0.888548,0,0,0,1
358,29,81,273,0.339966,0.967502,0.268057,0.899932,0,0,0,1
359,27,81,274,0.339966,0.967502,0.267076,0.900832,0,0,0,0
360,29,82,274,0.339966,0.967502,0.267076,0.900832,0,0,0,0
361,27,82,275,0.339966,0.967502,0.256436,0.910271,0,0,0,1
362,25,82,276,0.339966,0.965732,0.276910,0.911088,0,0,1,0
363,29,83,276,0.339966,0.963695,0.301515,0.911088,0,0,1,0
364,27,83,277,0.339966,0.963520,0.303621,0.911088,0,0,0,0
365,29,84,277,0.339966,0.963520,0.303621,0.911088,0,0,0,0
366,27,84,278,0.339966,0.963520,0.303621,0.911088,0,0,0,0
367,25,84,279,0.339966,0.960984,0.333952,0.911088,0,0,1,0
368,23,84,280,0.339966,0.960796,0.336176,0.911088,0,0,0,0
369,21,84,281,0.339966,0.960796,0.336176,0.911088,0,0,0,0
370,19,84,282,0.367346,0.958478,0.363417,0.906117,1,0,1,0
371,17,84,283,0.369670,0.958279,0.353060,0.914712,0,0,0,1
372,29,85,283,0.369670,0.958279,0.339469,0.923656,0,0,0,1
373,27,85,284,0.395617,0.958279,0.326137,0.928126,1,0,0,1
374,25,85,285,0.384899,0.962481,0.313079,0.935459,0,1,0,1
375,29,86,285,0.370787,0.966600,0.300310,0.942365,0,1,0,1
376,27,86,286,0.395566,0.966922,0.299259,0.939881,1,0,0,0
377,29,87,286,0.427003,0.966922,0.299259,0.936110,1,0,0,0
378,27,87,287,0.456570,0.966922,0.299259,0.932435,1,0,0,0
379,29,88,287,0.486455,0.966922,0.299259,0.928564,1,0,0,0
380,27,88,288,0.488953,0.966922,0.287843,0.935252,0,0,0,1
381,29,89,288,0.488953,0.966922,0.275688,0.942179,0,0,0,1
382,27,89,289,0.488953,0.966922,0.274690,0.942724,0,0,0,0
383,29,90,289,0.488953,0.966922,0.274690,0.942724,0,0,0,0
384,27,90,290,0.488953,0.966922,0.274690,0.942724,0,0,0,0
385,25,90,291,0.488953,0.966922,0.274690,0.942724,0,0,0,0
386,23,90,292,0.488953,0.966922,0.274690,0.942724,0,0,0,0
387,21,90,293,0.488953,0.966922,0.274690,0.942724,0,0,0,0
388,19,90,294,0.488953,0.964953,0.299179,0.942724,0,0,1,0
389,17,90,295,0.488953,0.964784,0.301275,0.942724,0,0,0,0
390,15,90,296,0.488953,0.964784,0.301275,0.942724,0,0,0,0
391,13,90,297,0.526429,0.964784,0.301275,0.938547,1,0,0,0
392,11,90,298,0.515202,0.968352,0.301275,0.938259,0,1,0,0
393,29,91,298,0.500207,0.971846,0.301275,0.938259,0,1,0,0
394,27,91,299,0.498957,0.972119,0.301275,0.938259,0,0,0,0
395,29,92,299,0.498957,0.972119,0.301275,0.938259,0,0,0,0
396,27,92,300,0.498957,0.972119,0.301275,0.938259,0,0,0,0
397,25,92,301,0.498957,0.972119,0.301275,0.938259,0,0,0,0
398,23,92,302,0.498957,0.972119,0.301275,0.938259,0,0,0,0
399,21,92,303,0.498957,0.972119,0.301275,0.938259,0,0,0,0
400,19,92,304,0.498957,0.972119,0.301275,0.938259,0,0,0,0
401,17,92,305,0.498957,0.972119,0.301275,0.938259,0,0,0,0
402,15,92,306,0.498957,0.972119,0.301275,0.938259,0,0,0,0
403,13,92,307,0.498957,0.972119,0.301275,0.938259,0,0,0,0
404,11,92,308,0.498957,0.972119,0.301275,0.938259,0,0,0,0
405,9,92,309,0.498957,0.972119,0.301275,0.938259,0,0,0,0
406,7,92,310,0.498957,0.972119,0.301275,0.938259,0,0,0,0
407,5,92,311,0.485211,0.974964,0.301275,0.938259,0,1,0,0
408,3,92,312,0.483962,0.975208,0.301275,0.938259,0,0,0,0
409,29,93,312,0.483962,0.975208,0.301275,0.938259,0,0,0,0
410,27,93,313,0.483962,0.975208,0.301275,0.938259,0,0,0,0
411,25,93,314,0.483962,0.973203,0.335922,0.938259,0,0,1,0
412,23,93,315,0.483962,0.973073,0.338152,0.938259,0,0,0,0
413,21,93,316,0.483962,0.973073,0.338152,0.938259,0,0,0,0
414,19,93,317,0.483962,0.971320,0.367785,0.938259,0,0,1,0
415,17,93,318,0.483962,0.971181,0.370110,0.938259,0,0,0,0
416,29,94,318,0.483962,0.971181,0.370110,0.938259,0,0,0,0
417,27,94,319,0.483962,0.971181,0.370110,0.938259,0,0,0,0
418,25,94,320,0.516450,0.971181,0.370110,0.934393,1,0,0,0
419,23,94,321,0.518947,0.971181,0.370110,0.934086,0,0,0,0
420,29,95,321,0.518947,0.971181,0.370110,0.934086,0,0,0,0
421,27,95,322,0.548811,0.971181,0.370110,0.930303,1,0,0,0
422,25,95,323,0.537649,0.974119,0.370110,0.929979,0,1,0,0
423,29,96,323,0.522708,0.976991,0.370110,0.929979,0,1,0,0
424,27,96,324,0.521460,0.977216,0.370110,0.929979,0,0,0,0
425,29,97,324,0.521460,0.977216,0.370110,0.929979,0,0,0,0
426,27,97,325,0.521460,0.977216,0.370110,0.929979,0,0,0,0
427,25,97,326,0.521460,0.977216,0.370110,0.929979,0,0,0,0
428,23,97,327,0.521460,0.977216,0.370110,0.929979,0,0,0,0
429,21,97,328,0.521460,0.977216,0.370110,0.929979,0,0,0,0
430,19,97,329,0.551303,0.977216,0.370110,0.925978,1,0,0,0
431,17,97,330,0.553777,0.977216,0.370110,0.925635,0,0,0,0
432,29,98,330,0.553777,0.977216,0.370110,0.925635,0,0,0,0
433,27,98,331,0.553777,0.977216,0.370110,0.925635,0,0,0,0
434,25,98,332,0.553777,0.977216,0.370110,0.925635,0,0,0,0
435,23,98,333,0.540152,0.979551,0.370110,0.925635,0,1,0,0
436,21,98,334,0.538910,0.979751,0.370110,0.925635,0,0,0,0
437,29,99,334,0.538910,0.979751,0.370110,0.925635,0,0,0,0
438,27,99,335,0.538910,0.979751,0.370110,0.925635,0,0,0,0
439,25,99,336,0.538910,0.979751,0.370110,0.925635,0,0,0,0
440,23,99,337,0.538910,0.979751,0.370110,0.925635,0,0,0,0
441,21,99,338,0.538910,0.979751,0.370110,0.925635,0,0,0,0
442,19,99,339,0.538910,0.979751,0.370110,0.925635,0,0,0,0
443,17,99,340,0.538910,0.979751,0.370110,0.925635,0,0,0,0
444,15,99,341,0.538910,0.979751,0.370110,0.925635,0,0,0,0
445,13,99,342,0.566114,0.978634,0.396069,0.921768,1,0,1,0
446,11,99,343,0.568570,0.978529,0.398461,0.921408,0,0,0,0
447,29,100,343,0.568570,0.978529,0.398461,0.921408,0,0,0,0
448,27,100,344,0.568570,0.977235,0.427517,0.921408,0,0,1,0
449,25,100,345,0.568570,0.977124,0.429965,0.921408,0,0,0,0
450,23,100,346,0.597755,0.977124,0.429965,0.916961,1,0,0,0
451,21,100,347,0.600159,0.977124,0.416535,0.924647,0,0,0,1
452,29,101,347,0.600159,0.977124,0.402023,0.932626,0,0,0,1
453,27,101,348,0.626271,0.977124,0.387680,0.936607,1,0,0,1
454,29,102,348,0.653944,0.977124,0.373528,0.940085,1,0,0,1
455,27,102,349,0.656207,0.977124,0.359589,0.946269,0,0,0,1
456,29,103,349,0.656207,0.977124,0.345881,0.952079,0,0,0,1
457,27,103,350,0.656207,0.975864,0.369968,0.952535,0,0,1,0
458,29,104,350,0.656207,0.974414,0.398314,0.952535,0,0,1,0
459,27,104,351,0.656207,0.974289,0.400711,0.952535,0,0,0,0
460,25,104,352,0.656207,0.974289,0.387571,0.957288,0,0,0,1
461,23,104,353,0.656207,0.972878,0.412741,0.957697,0,0,1,0
462,29,105,353,0.656207,0.971253,0.442078,0.957697,0,0,1,0
463,27,105,354,0.656207,0.971114,0.444544,0.957697,0,0,0,0
464,25,105,355,0.680620,0.969534,0.471833,0.955417,1,0,1,0
465,23,105,356,0.682794,0.969386,0.474325,0.955204,0,0,0,0
466,21,105,357,0.670774,0.972501,0.474325,0.955204,0,1,0,0
467,19,105,358,0.669670,0.972769,0.474325,0.955204,0,0,0,0
468,29,106,358,0.669670,0.972769,0.474325,0.955204,0,0,0,0
469,27,106,359,0.693576,0.972769,0.474325,0.952797,1,0,0,0
470,25,106,360,0.707230,0.975548,0.474325,0.950030,1,1,0,0
471,29,107,360,0.719510,0.978266,0.474325,0.947110,1,1,0,0
472,27,107,361,0.720519,0.978478,0.460632,0.952153,0,0,0,1
473,25,107,362,0.709323,0.980687,0.459390,0.952609,0,1,0,0
474,29,108,362,0.696811,0.982843,0.459390,0.952609,0,1,0,0
475,27,108,363,0.695755,0.983012,0.459390,0.952609,0,0,0,0
476,29,109,363,0.695755,0.983012,0.459390,0.952609,0,0,0,0
477,27,109,364,0.684000,0.983908,0.486796,0.952609,0,1,1,0
478,25,109,365,0.682919,0.983987,0.489294,0.952609,0,0,0,0
479,29,110,365,0.682919,0.983987,0.489294,0.952609,0,0,0,0
480,27,110,366,0.682919,0.983100,0.516787,0.952609,0,0,1,0
481,25,110,367,0.682919,0.983016,0.519284,0.952609,0,0,0,0
482,29,111,367,0.682919,0.983016,0.519284,0.952609,0,0,0,0
483,27,111,368,0.682919,0.983016,0.505544,0.957355,0,0,0,1
484,25,111,369,0.682919,0.982076,0.531756,0.957763,0,0,1,0
485,29,112,369,0.670902,0.982937,0.561500,0.957763,0,1,1,0
486,27,112,370,0.669798,0.983021,0.563962,0.957763,0,0,0,0
487,29,113,370,0.669798,0.983021,0.563962,0.957763,0,0,0,0
488,27,113,371,0.669798,0.983021,0.550397,0.962014,0,0,0,1
489,25,113,372,0.669798,0.982081,0.576237,0.962380,0,0,1,0
490,23,113,373,0.669798,0.981993,0.578679,0.962380,0,0,0,0
491,29,114,373,0.669798,0.981993,0.578679,0.962380,0,0,0,0
492,27,114,374,0.669798,0.981993,0.578679,0.962380,0,0,0,0
493,25,114,375,0.669798,0.981993,0.565219,0.966183,0,0,0,1
494,23,114,376,0.669798,0.981993,0.563991,0.966510,0,0,0,0
495,29,115,376,0.669798,0.981993,0.563991,0.966510,0,0,0,0
496,27,115,377,0.669798,0.981993,0.563991,0.966510,0,0,0,0
497,25,115,378,0.669798,0.981993,0.550425,0.969908,0,0,0,1
498,23,115,379,0.669798,0.981993,0.549188,0.970200,0,0,0,0
499,29,116,379,0.669798,0.981993,0.549188,0.970200,0,0,0,0
500,27,116,380,0.669798,0.981993,0.549188,0.970200,0,0,0,0
501,25,116,381,0.669798,0.981993,0.549188,0.970200,0,0,0,0
502,23,116,382,0.669798,0.981993,0.549188,0.970200,0,0,0,0
503,21,116,383,0.669798,0.981993,0.549188,0.970200,0,0,0,0
504,19,116,384,0.669798,0.981993,0.535541,0.973235,0,0,0,1
505,17,116,385,0.669798,0.980526,0.554142,0.977342,0,0,1,1
506,29,117,385,0.669798,0.979350,0.568918,0.979864,0,0,1,1
507,27,117,386,0.669798,0.979248,0.570145,0.980061,0,0,0,0
508,29,118,386,0.669798,0.979248,0.570145,0.980061,0,0,0,0
509,27,118,387,0.693700,0.978104,0.583574,0.981111,1,0,1,1
510,25,118,388,0.695824,0.977997,0.584789,0.981203,0,0,0,0
511,29,119,388,0.695824,0.977997,0.584789,0.981203,0,0,0,0
512,27,119,389,0.695824,0.977997,0.584789,0.981203,0,0,0,0
513,25,119,390,0.695824,0.977997,0.584789,0.981203,0,0,0,0
514,23,119,391,0.695824,0.977997,0.584789,0.981203,0,0,0,0
515,21,119,392,0.695824,0.977997,0.584789,0.981203,0,0,0,0
516,19,119,393,0.695824,0.977997,0.584789,0.981203,0,0,0,0
517,17,119,394,0.695824,0.977997,0.584789,0.981203,0,0,0,0
518,15,119,395,0.695824,0.977997,0.584789,0.981203,0,0,0,0
519,13,119,396,0.695824,0.977997,0.584789,0.981203,0,0,0,0
520,11,119,397,0.695824,0.977997,0.584789,0.981203,0,0,0,0
521,9,119,398,0.718639,0.977997,0.584789,0.980164,1,0,0,0
522,7,119,399,0.720661,0.977997,0.584789,0.980067,0,0,0,0
523,29,120,399,0.720661,0.977997,0.584789,0.980067,0,0,0,0
524,27,120,400,0.720661,0.977997,0.584789,0.980067,0,0,0,0
525,25,120,401,0.709468,0.980254,0.584789,0.980067,0,1,0,0
526,23,120,402,0.730675,0.980447,0.584789,0.978966,1,0,0,0
527,29,121,402,0.753681,0.980447,0.584789,0.977698,1,0,0,0
528,27,121,403,0.765565,0.982457,0.584789,0.976355,1,1,0,0
529,29,122,403,0.776176,0.984419,0.584789,0.974933,1,1,0,0
530,27,122,404,0.767384,0.986165,0.584789,0.974811,0,1,0,0
531,29,123,404,0.756517,0.987717,0.584789,0.974811,0,1,0,0
532,27,123,405,0.755596,0.987161,0.611251,0.974811,0,0,1,0
533,29,124,405,0.755596,0.986380,0.639391,0.974811,0,0,1,0
534,27,124,406,0.745310,0.987728,0.641697,0.974811,0,1,0,0
535,29,125,406,0.733768,0.989107,0.641697,0.974811,0,1,0,0
536,27,125,407,0.732791,0.989214,0.641697,0.974811,0,0,0,0
537,29,126,407,0.732791,0.989214,0.641697,0.974811,0,0,0,0
538,27,126,408,0.721898,0.990332,0.641697,0.974811,0,1,0,0
539,25,126,409,0.720894,0.990428,0.641697,0.974811,0,0,0,0
540,29,127,409,0.720894,0.990428,0.641697,0.974811,0,0,0,0
541,27,127,410,0.720894,0.990428,0.641697,0.974811,0,0,0,0
542,25,127,411,0.720894,0.990428,0.641697,0.974811,0,0,0,0
543,23,127,412,0.720894,0.990428,0.641697,0.974811,0,0,0,0
544,21,127,413,0.720894,0.990428,0.641697,0.974811,0,0,0,0
545,19,127,414,0.720894,0.990428,0.641697,0.974811,0,0,0,0
546,17,127,415,0.720894,0.990428,0.641697,0.974811,0,0,0,0
547,15,127,416,0.720894,0.990428,0.641697,0.974811,0,0,0,0
548,13,127,417,0.720894,0.989894,0.654251,0.977387,0,0,1,1
549,11,127,418,0.720894,0.989843,0.655382,0.977608,0,0,0,0
550,29,128,418,0.720894,0.989843,0.655382,0.977608,0,0,0,0
551,27,128,419,0.742529,0.989277,0.679824,0.976375,1,0,1,0
552,25,128,420,0.744441,0.989224,0.682001,0.976259,0,0,0,0
553,29,129,420,0.744441,0.989224,0.682001,0.976259,0,0,0,0
554,27,129,421,0.744441,0.988623,0.705410,0.976259,0,0,1,0
555,25,129,422,0.744441,0.988567,0.695990,0.978691,0,0,0,1
556,29,130,422,0.744441,0.988567,0.679907,0.981617,0,0,0,1
557,27,130,423,0.744441,0.988567,0.678819,0.981798,0,0,0,0
558,29,131,423,0.744441,0.988567,0.678819,0.981798,0,0,0,0
559,27,131,424,0.744441,0.988567,0.678819,0.981798,0,0,0,0
560,25,131,425,0.744441,0.988567,0.678819,0.981798,0,0,0,0
561,23,131,426,0.744441,0.988567,0.678819,0.981798,0,0,0,0
562,21,131,427,0.744441,0.988567,0.678819,0.981798,0,0,0,0
563,19,131,428,0.744441,0.988567,0.678819,0.981798,0,0,0,0
564,17,131,429,0.744441,0.988567,0.678819,0.981798,0,0,0,0
565,15,131,430,0.744441,0.988567,0.678819,0.981798,0,0,0,0
566,13,131,431,0.744441,0.988567,0.678819,0.981798,0,0,0,0
567,11,131,432,0.744441,0.988567,0.678819,0.981798,0,0,0,0
568,9,131,433,0.744441,0.988567,0.678819,0.981798,0,0,0,0
569,7,131,434,0.764851,0.988567,0.678819,0.980791,1,0,0,0
570,5,131,435,0.785800,0.988567,0.666722,0.981713,1,0,0,1
571,29,132,435,0.805362,0.988567,0.653270,0.982762,1,0,0,1
572,27,132,436,0.806929,0.988567,0.652137,0.982847,0,0,0,0
573,29,133,436,0.806929,0.988567,0.652137,0.982847,0,0,0,0
574,27,133,437,0.806929,0.988567,0.652137,0.982847,0,0,0,0
575,25,133,438,0.806929,0.988567,0.652137,0.982847,0,0,0,0
576,23,133,439,0.806929,0.988567,0.652137,0.982847,0,0,0,0
577,21,133,440,0.806929,0.988567,0.652137,0.982847,0,0,0,0
578,19,133,441,0.806929,0.988567,0.652137,0.982847,0,0,0,0
579,17,133,442,0.823541,0.988567,0.652137,0.981897,1,0,0,0
580,15,133,443,0.824994,0.988567,0.652137,0.981808,0,0,0,0
581,29,134,443,0.824994,0.988567,0.652137,0.981808,0,0,0,0
582,27,134,444,0.840362,0.988567,0.652137,0.980802,1,0,0,0
583,25,134,445,0.855863,0.988567,0.652137,0.979642,1,0,0,0
584,29,135,445,0.870093,0.988567,0.652137,0.978413,1,0,0,0
585,27,135,446,0.871224,0.988567,0.652137,0.978307,0,0,0,0
586,29,136,446,0.871224,0.988567,0.652137,0.978307,0,0,0,0
587,27,136,447,0.871224,0.988567,0.652137,0.978307,0,0,0,0
588,25,136,448,0.871224,0.988567,0.652137,0.978307,0,0,0,0
589,23,136,449,0.864938,0.989751,0.652137,0.978307,0,1,0,0
590,21,136,450,0.864354,0.989852,0.652137,0.978307,0,0,0,0
591,19,136,451,0.864354,0.989852,0.652137,0.978307,0,0,0,0
592,17,136,452,0.864354,0.989852,0.652137,0.978307,0,0,0,0
593,15,136,453,0.864354,0.989852,0.652137,0.978307,0,0,0,0
594,13,136,454,0.864354,0.989852,0.652137,0.978307,0,0,0,0
595,11,136,455,0.876786,0.989286,0.676696,0.977112,1,0,1,0
596,9,136,456,0.877866,0.989233,0.678884,0.977000,0,0,0,0
597,29,137,456,0.877866,0.989233,0.678884,0.977000,0,0,0,0
598,27,137,457,0.877866,0.989233,0.678884,0.977000,0,0,0,0
599,25,137,458,0.871857,0.990349,0.678884,0.977000,0,1,0,0
600,23,137,459,0.871299,0.990445,0.678884,0.977000,0,0,0,0
601,21,137,460,0.871299,0.990445,0.678884,0.977000,0,0,0,0
602,19,137,461,0.871299,0.990445,0.678884,0.977000,0,0,0,0
603,17,137,462,0.871299,0.990445,0.678884,0.977000,0,0,0,0
604,15,137,463,0.865016,0.991436,0.678884,0.977000,0,1,0,0
605,13,137,464,0.864432,0.991047,0.702421,0.977000,0,0,1,0
606,29,138,464,0.864432,0.990500,0.726932,0.977000,0,0,1,0
607,27,138,465,0.864432,0.990453,0.728917,0.977000,0,0,0,0
608,29,139,465,0.864432,0.990453,0.728917,0.977000,0,0,0,0
609,27,139,466,0.864432,0.990453,0.728917,0.977000,0,0,0,0
610,25,139,467,0.864432,0.990453,0.728917,0.977000,0,0,0,0
611,23,139,468,0.864432,0.990453,0.728917,0.977000,0,0,0,0
612,21,139,469,0.864432,0.990453,0.728917,0.977000,0,0,0,0
613,19,139,470,0.864432,0.989920,0.750148,0.977000,0,0,1,0
614,17,139,471,0.864432,0.989870,0.752022,0.977000,0,0,0,0
615,29,140,471,0.864432,0.989870,0.752022,0.977000,0,0,0,0
616,27,140,472,0.864432,0.989870,0.752022,0.977000,0,0,0,0
617,25,140,473,0.864432,0.989305,0.772013,0.977000,0,0,1,0
618,23,140,474,0.864432,0.989252,0.764014,0.979357,0,0,0,1
619,21,140,475,0.857869,0.990366,0.763113,0.979559,0,1,0,0
620,29,141,475,0.850408,0.991451,0.763113,0.979559,0,1,0,0
621,27,141,476,0.849772,0.991536,0.763113,0.979559,0,0,0,0
622,29,142,476,0.849772,0.991536,0.763113,0.979559,0,0,0,0
623,27,142,477,0.849772,0.991063,0.782471,0.979559,0,0,1,0
624,25,142,478,0.849772,0.991018,0.774732,0.981659,0,0,0,1
625,29,143,478,0.849772,0.991018,0.764103,0.983708,0,0,0,1
626,27,143,479,0.849772,0.991018,0.763202,0.983869,0,0,0,0
627,29,144,479,0.849772,0.991018,0.763202,0.983869,0,0,0,0
628,27,144,480,0.849772,0.991018,0.763202,0.983869,0,0,0,0
629,25,144,481,0.849772,0.991018,0.763202,0.983869,0,0,0,0
630,23,144,482,0.849772,0.991018,0.763202,0.983869,0,0,0,0
631,21,144,483,0.842627,0.991496,0.782555,0.983869,0,1,1,0
632,19,144,484,0.841964,0.991065,0.802338,0.983869,0,0,1,0
633,29,145,484,0.841964,0.990520,0.820736,0.983869,0,0,1,0
634,27,145,485,0.841964,0.989941,0.837772,0.983869,0,0,1,0
635,25,145,486,0.841964,0.989891,0.839131,0.983869,0,0,0,0
636,23,145,487,0.834521,0.990939,0.839131,0.983869,0,1,0,0
637,21,145,488,0.826082,0.991506,0.853480,0.983869,0,1,1,0
638,29,146,488,0.817307,0.991998,0.867909,0.983869,0,1,1,0
639,27,146,489,0.816560,0.991592,0.881116,0.983869,0,0,1,0
640,29,147,489,0.816560,0.991078,0.893167,0.983869,0,0,1,0
641,27,147,490,0.816560,0.990533,0.904131,0.983869,0,0,1,0
642,29,148,490,0.816560,0.989955,0.914079,0.983869,0,0,1,0
643,27,148,491,0.816560,0.989906,0.914864,0.983869,0,0,0,0
644,29,149,491,0.816560,0.989906,0.914864,0.983869,0,0,0,0
645,27,149,492,0.816560,0.989342,0.923083,0.983869,0,0,1,0
646,25,149,493,0.816560,0.989290,0.923793,0.983869,0,0,0,0
647,29,150,493,0.816560,0.989290,0.923793,0.983869,0,0,0,0
648,27,150,494,0.816560,0.989290,0.923793,0.983869,0,0,0,0
649,25,150,495,0.816560,0.989290,0.923793,0.983869,0,0,0,0
650,23,150,496,0.816560,0.989290,0.919838,0.985532,0,0,0,1
651,21,150,497,0.816560,0.989290,0.915311,0.987155,0,0,0,1
652,29,151,497,0.816560,0.989290,0.910552,0.988597,0,0,0,1
653,27,151,498,0.816560,0.989290,0.910145,0.988710,0,0,0,0
654,25,151,499,0.816560,0.989290,0.910145,0.988710,0,0,0,0
655,23,151,500,0.816560,0.989290,0.910145,0.988710,0,0,0,0
656,21,151,501,0.816560,0.989290,0.905554,0.989880,0,0,0,1
657,19,151,502,0.832517,0.989290,0.905126,0.989421,1,0,0,0
658,29,152,502,0.848641,0.988692,0.914196,0.988775,1,0,1,0
659,27,152,503,0.849926,0.988637,0.914981,0.988720,0,0,0,0
660,29,153,503,0.849926,0.988637,0.914981,0.988720,0,0,0,0
661,27,153,504,0.863470,0.988637,0.914981,0.988091,1,0,0,0
662,25,153,505,0.877058,0.988637,0.914981,0.987366,1,0,0,0
663,29,154,505,0.889468,0.988637,0.914981,0.986597,1,0,0,0
664,27,154,506,0.884981,0.989814,0.914981,0.986531,0,1,0,0
665,29,155,506,0.878743,0.990960,0.914981,0.986531,0,1,0,0
666,27,155,507,0.889536,0.991050,0.914981,0.985782,1,0,0,0
667,25,155,508,0.890519,0.990550,0.923189,0.985712,0,0,1,0
668,29,156,508,0.890519,0.989973,0.931311,0.985712,0,0,1,0
669,27,156,509,0.890519,0.989923,0.931951,0.985712,0,0,0,0
670,29,157,509,0.890519,0.989923,0.931951,0.985712,0,0,0,0
671,27,157,510,0.890519,0.989923,0.931951,0.985712,0,0,0,0
672,25,157,511,0.890519,0.989923,0.931951,0.985712,0,0,0,0
673,23,157,512,0.890519,0.989923,0.931951,0.985712,0,0,0,0
674,21,157,513,0.885051,0.990968,0.931951,0.985712,0,1,0,0
675,19,157,514,0.884543,0.991058,0.931951,0.985712,0,0,0,0
676,29,158,514,0.884543,0.991058,0.931951,0.985712,0,0,0,0
677,27,158,515,0.884543,0.991058,0.931951,0.985712,0,0,0,0
678,25,158,516,0.884543,0.991058,0.931951,0.985712,0,0,0,0
679,23,158,517,0.884543,0.991058,0.931951,0.985712,0,0,0,0
680,21,158,518,0.884543,0.991058,0.931951,0.985712,0,0,0,0
681,19,158,519,0.884543,0.991058,0.931951,0.985712,0,0,0,0
682,17,158,520,0.884543,0.991058,0.931951,0.985712,0,0,0,0
683,15,158,521,0.884543,0.991058,0.931951,0.985712,0,0,0,0
684,13,158,522,0.884543,0.991058,0.931951,0.985712,0,0,0,0
685,11,158,523,0.878817,0.991533,0.938632,0.985712,0,1,1,0
686,9,158,524,0.872293,0.992450,0.939208,0.985712,0,1,0,0
687,29,159,524,0.865471,0.993302,0.939208,0.985712,0,1,0,0
688,27,159,525,0.864889,0.992998,0.945218,0.985712,0,0,1,0
689,29,160,525,0.864889,0.992569,0.951135,0.985712,0,0,1,0
690,27,160,526,0.864889,0.992532,0.951600,0.985712,0,0,0,0
691,29,161,526,0.864889,0.992532,0.951600,0.985712,0,0,0,0
692,27,161,527,0.864889,0.992532,0.951600,0.985712,0,0,0,0
693,25,161,528,0.864889,0.992532,0.951600,0.985712,0,0,0,0
694,23,161,529,0.864889,0.992532,0.951600,0.985712,0,0,0,0
695,21,161,530,0.864889,0.992532,0.951600,0.985712,0,0,0,0
696,19,161,531,0.864889,0.992532,0.951600,0.985712,0,0,0,0
697,17,161,532,0.864889,0.992532,0.951600,0.985712,0,0,0,0
698,15,161,533,0.864889,0.992532,0.951600,0.985712,0,0,0,0
699,13,161,534,0.864889,0.992532,0.951600,0.985712,0,0,0,0
700,11,161,535,0.864889,0.992532,0.951600,0.985712,0,0,0,0
701,9,161,536,0.864889,0.992532,0.951600,0.985712,0,0,0,0
702,7,161,537,0.864889,0.992532,0.949009,0.987188,0,0,0,1
703,5,161,538,0.864889,0.992532,0.946033,0.988627,0,0,0,1
704,29,162,538,0.864889,0.992532,0.942894,0.989906,0,0,0,1
705,27,162,539,0.871200,0.993308,0.939583,0.990537,1,1,0,1
706,25,162,540,0.865497,0.994064,0.939299,0.990584,0,1,0,0
707,29,163,540,0.858371,0.994735,0.939299,0.990584,0,1,0,0
708,27,163,541,0.857763,0.994495,0.945302,0.990584,0,0,1,0
709,25,163,542,0.870708,0.994467,0.945819,0.990058,1,0,0,0
710,29,164,542,0.883674,0.994467,0.945819,0.989451,1,0,0,0
711,27,164,543,0.884702,0.994467,0.945819,0.989399,0,0,0,0
712,29,165,543,0.884702,0.994467,0.945819,0.989399,0,0,0,0
713,27,165,544,0.884702,0.994467,0.945819,0.989399,0,0,0,0
714,25,165,545,0.884702,0.994467,0.945819,0.989399,0,0,0,0
715,23,165,546,0.884702,0.994467,0.945819,0.989399,0,0,0,0
716,21,165,547,0.884702,0.994467,0.945819,0.989399,0,0,0,0
717,19,165,548,0.884702,0.994467,0.945819,0.989399,0,0,0,0
718,17,165,549,0.884702,0.994467,0.945819,0.989399,0,0,0,0
719,15,165,550,0.884702,0.994467,0.945819,0.989399,0,0,0,0
720,13,165,551,0.878983,0.994763,0.951210,0.989399,0,1,1,0
721,11,165,552,0.878451,0.994789,0.951674,0.989399,0,0,0,0
722,29,166,552,0.878451,0.994789,0.951674,0.989399,0,0,0,0
723,27,166,553,0.878451,0.994789,0.951674,0.989399,0,0,0,0
724,25,166,554,0.878451,0.994496,0.956510,0.989399,0,0,1,0
725,23,166,555,0.878451,0.994469,0.956926,0.989399,0,0,0,0
726,29,167,555,0.878451,0.994469,0.956926,0.989399,0,0,0,0
727,27,167,556,0.878451,0.994469,0.956926,0.989399,0,0,0,0
728,25,167,557,0.878451,0.994469,0.956926,0.989399,0,0,0,0
729,23,167,558,0.878451,0.994469,0.956926,0.989399,0,0,0,0
730,21,167,559,0.878451,0.994469,0.956926,0.989399,0,0,0,0
731,19,167,560,0.878451,0.994469,0.956926,0.989399,0,0,0,0
732,17,167,561,0.878451,0.994469,0.954607,0.990498,0,0,0,1
733,15,167,562,0.878451,0.994469,0.954390,0.990592,0,0,0,0
734,29,168,562,0.878451,0.994469,0.954390,0.990592,0,0,0,0
735,27,168,563,0.878451,0.994469,0.954390,0.990592,0,0,0,0
736,25,168,564,0.878451,0.994159,0.958966,0.990592,0,0,1,0
737,23,168,565,0.878451,0.994130,0.959359,0.990592,0,0,0,0
738,29,169,565,0.878451,0.994130,0.959359,0.990592,0,0,0,0
739,27,169,566,0.878451,0.994130,0.957165,0.991568,0,0,0,1
740,25,169,567,0.878451,0.994130,0.954642,0.992519,0,0,0,1
741,29,170,567,0.878451,0.994130,0.951978,0.993363,0,0,0,1
742,27,170,568,0.878451,0.994130,0.949166,0.994113,0,0,0,1
743,29,171,568,0.878451,0.994130,0.946199,0.994778,0,0,0,1
744,27,171,569,0.878451,0.994130,0.945944,0.994830,0,0,0,0
745,25,171,570,0.878451,0.993801,0.951324,0.994830,0,0,1,0
746,23,171,571,0.872467,0.994418,0.951787,0.994830,0,1,0,0
747,29,172,571,0.865653,0.995049,0.951787,0.994830,0,1,0,0
748,27,172,572,0.865072,0.994824,0.956612,0.994830,0,0,1,0
749,29,173,572,0.865072,0.994506,0.961349,0.994830,0,0,1,0
750,27,173,573,0.865072,0.994169,0.965588,0.994830,0,0,1,0
751,29,174,573,0.865072,0.993812,0.969377,0.994830,0,0,1,0
752,27,174,574,0.858534,0.994428,0.968018,0.995369,0,1,0,1
753,25,174,575,0.857927,0.994484,0.966112,0.995893,0,0,0,1
754,29,175,575,0.857927,0.994484,0.964096,0.996358,0,0,0,1
755,27,175,576,0.857927,0.994484,0.963923,0.996394,0,0,0,0
756,25,175,577,0.857927,0.994484,0.961966,0.996770,0,0,0,1
757,23,175,578,0.857927,0.994484,0.959714,0.997136,0,0,0,1
758,29,176,578,0.857927,0.994484,0.957334,0.997461,0,0,0,1
759,27,176,579,0.857927,0.994484,0.954821,0.997748,0,0,0,1
760,29,177,579,0.857927,0.994484,0.952167,0.998004,0,0,0,1
761,27,177,580,0.870859,0.994484,0.951940,0.997912,1,0,0,0
762,25,177,581,0.871984,0.994175,0.956750,0.997902,0,0,1,0
763,29,178,581,0.871984,0.993817,0.961473,0.997902,0,0,1,0
764,27,178,582,0.871984,0.993787,0.961843,0.997902,0,0,0,0
765,29,179,582,0.871984,0.993787,0.961843,0.997902,0,0,0,0
766,27,179,583,0.871984,0.993787,0.961843,0.997902,0,0,0,0
767,25,179,584,0.865730,0.994433,0.961843,0.997902,0,1,0,0
768,23,179,585,0.858614,0.995063,0.961843,0.997902,0,1,0,0
769,29,180,585,0.851186,0.995621,0.961843,0.997902,0,1,0,0
770,27,180,586,0.850552,0.995421,0.965698,0.997902,0,0,1,0
771,29,181,586,0.850552,0.995140,0.969476,0.997902,0,0,1,0
772,27,181,587,0.850552,0.994842,0.972848,0.997902,0,0,1,0
773,29,182,587,0.850552,0.994526,0.975858,0.997902,0,0,1,0
774,27,182,588,0.843438,0.995071,0.974779,0.998121,0,1,0,1
775,29,183,588,0.835365,0.995629,0.973265,0.998334,0,1,0,1
776,27,183,589,0.834677,0.995672,0.973135,0.998351,0,0,0,0
777,29,184,589,0.834677,0.995672,0.973135,0.998351,0,0,0,0
778,27,184,590,0.834677,0.995672,0.973135,0.998351,0,0,0,0
779,25,184,591,0.834677,0.995672,0.973135,0.998351,0,0,0,0
780,23,184,592,0.834677,0.995429,0.975878,0.998351,0,0,1,0
781,21,184,593,0.834677,0.995407,0.974800,0.998523,0,0,0,1
782,29,185,593,0.834677,0.995407,0.973287,0.998691,0,0,0,1
783,27,185,594,0.834677,0.995407,0.973157,0.998704,0,0,0,0
784,29,186,594,0.834677,0.995407,0.973157,0.998704,0,0,0,0
785,27,186,595,0.834677,0.995407,0.973157,0.998704,0,0,0,0
786,25,186,596,0.834677,0.995407,0.973157,0.998704,0,0,0,0
787,23,186,597,0.834677,0.995407,0.973157,0.998704,0,0,0,0
788,21,186,598,0.834677,0.995407,0.973157,0.998704,0,0,0,0
789,19,186,599,0.834677,0.995407,0.973157,0.998704,0,0,0,0
790,17,186,600,0.834677,0.995407,0.973157,0.998704,0,0,0,0
791,15,186,601,0.834677,0.995407,0.973157,0.998704,0,0,0,0
792,13,186,602,0.834677,0.995407,0.973157,0.998704,0,0,0,0
793,11,186,603,0.826960,0.995652,0.975898,0.998704,0,1,1,0
794,9,186,604,0.826245,0.995674,0.976134,0.998704,0,0,0,0
795,29,187,604,0.826245,0.995674,0.976134,0.998704,0,0,0,0
796,27,187,605,0.826245,0.995674,0.976134,0.998704,0,0,0,0
797,25,187,606,0.826245,0.995674,0.976134,0.998704,0,0,0,0
798,23,187,607,0.826245,0.995674,0.976134,0.998704,0,0,0,0
799,21,187,608,0.826245,0.995674,0.976134,0.998704,0,0,0,0
800,19,187,609,0.834012,0.996125,0.976134,0.998631,1,1,0,0
801,17,187,610,0.834705,0.996163,0.976134,0.998624,0,0,0,0
802,29,188,610,0.834705,0.996163,0.976134,0.998624,0,0,0,0
803,27,188,611,0.834705,0.996163,0.976134,0.998624,0,0,0,0
804,25,188,612,0.834705,0.996163,0.974821,0.998768,0,0,0,1
805,23,188,613,0.834705,0.996163,0.973310,0.998908,0,0,0,1
806,29,189,613,0.834705,0.996163,0.971710,0.999032,0,0,0,1
807,27,189,614,0.834705,0.996163,0.971572,0.999041,0,0,0,0
808,29,190,614,0.834705,0.996163,0.971572,0.999041,0,0,0,0
809,27,190,615,0.834705,0.996163,0.971572,0.999041,0,0,0,0
810,25,190,616,0.834705,0.996163,0.971572,0.999041,0,0,0,0
811,23,190,617,0.834705,0.996163,0.971572,0.999041,0,0,0,0
812,21,190,618,0.834705,0.996163,0.971572,0.999041,0,0,0,0
813,19,190,619,0.834705,0.996163,0.971572,0.999041,0,0,0,0
814,17,190,620,0.834705,0.996163,0.971572,0.999041,0,0,0,0
815,15,190,621,0.834705,0.996163,0.971572,0.999041,0,0,0,0
816,13,190,622,0.834705,0.996163,0.971572,0.999041,0,0,0,0
817,11,190,623,0.834705,0.995948,0.974471,0.999041,0,0,1,0
818,9,190,624,0.834705,0.995928,0.974720,0.999041,0,0,0,0
819,29,191,624,0.834705,0.995928,0.974720,0.999041,0,0,0,0
820,27,191,625,0.834705,0.995928,0.974720,0.999041,0,0,0,0
821,25,191,626,0.834705,0.995928,0.974720,0.999041,0,0,0,0
822,23,191,627,0.834705,0.995928,0.974720,0.999041,0,0,0,0
823,21,191,628,0.834705,0.995928,0.974720,0.999041,0,0,0,0
824,19,191,629,0.834705,0.995928,0.974720,0.999041,0,0,0,0
825,17,191,630,0.834705,0.995928,0.974720,0.999041,0,0,0,0
826,15,191,631,0.834705,0.995928,0.974720,0.999041,0,0,0,0
827,13,191,632,0.834705,0.995928,0.974720,0.999041,0,0,0,0
828,11,191,633,0.834705,0.995928,0.974720,0.999041,0,0,0,0
829,9,191,634,0.834705,0.995928,0.974720,0.999041,0,0,0,0
830,7,191,635,0.834705,0.995699,0.977305,0.999041,0,0,1,0
831,5,191,636,0.834705,0.995678,0.977527,0.999041,0,0,0,0
832,29,192,636,0.834705,0.995678,0.977527,0.999041,0,0,0,0
833,27,192,637,0.834705,0.995678,0.977527,0.999041,0,0,0,0
834,25,192,638,0.834705,0.995678,0.977527,0.999041,0,0,0,0
835,23,192,639,0.834705,0.995678,0.976289,0.999142,0,0,0,1
836,21,192,640,0.834705,0.995678,0.976174,0.999150,0,0,0,0
837,29,193,640,0.834705,0.995678,0.976174,0.999150,0,0,0,0
838,27,193,641,0.834705,0.995678,0.976174,0.999150,0,0,0,0
839,25,193,642,0.834705,0.995678,0.976174,0.999150,0,0,0,0
840,23,193,643,0.834705,0.995678,0.976174,0.999150,0,0,0,0
841,21,193,644,0.834705,0.995678,0.976174,0.999150,0,0,0,0
842,19,193,645,0.834705,0.995678,0.976174,0.999150,0,0,0,0
843,17,193,646,0.834705,0.995678,0.976174,0.999150,0,0,0,0
844,15,193,647,0.834705,0.995678,0.976174,0.999150,0,0,0,0
845,13,193,648,0.834705,0.995678,0.976174,0.999150,0,0,0,0
846,11,193,649,0.834705,0.995678,0.976174,0.999150,0,0,0,0
847,9,193,650,0.834705,0.995366,0.979235,0.999150,0,0,1,0
848,7,193,651,0.826989,0.995829,0.979439,0.999150,0,1,0,0
849,29,194,651,0.818249,0.996301,0.979439,0.999150,0,1,0,0
850,27,194,652,0.817506,0.996338,0.979439,0.999150,0,0,0,0
851,29,195,652,0.817506,0.996338,0.979439,0.999150,0,0,0,0
852,27,195,653,0.817506,0.996338,0.979439,0.999150,0,0,0,0
853,25,195,654,0.817506,0.996132,0.981551,0.999150,0,0,1,0
854,23,195,655,0.809170,0.996518,0.981732,0.999150,0,1,0,0
855,29,196,655,0.799747,0.996912,0.981732,0.999150,0,1,0,0
856,27,196,656,0.798947,0.996943,0.981732,0.999150,0,0,0,0
857,29,197,656,0.798947,0.996943,0.981732,0.999150,0,0,0,0
858,27,197,657,0.798947,0.996771,0.983612,0.999150,0,0,1,0
859,25,197,658,0.798947,0.996573,0.985447,0.999150,0,0,1,0
860,29,198,658,0.798947,0.996362,0.987078,0.999150,0,0,1,0
861,27,198,659,0.798947,0.996344,0.987206,0.999150,0,0,0,0
862,25,198,660,0.798947,0.996344,0.987206,0.999150,0,0,0,0
863,23,198,661,0.798947,0.996344,0.987206,0.999150,0,0,0,0
864,21,198,662,0.789150,0.996758,0.987206,0.999150,0,1,0,0
865,19,198,663,0.788319,0.996791,0.987206,0.999150,0,0,0,0
866,29,199,663,0.788319,0.996791,0.987206,0.999150,0,0,0,0
867,27,199,664,0.806144,0.996791,0.987206,0.999102,1,0,0,0
868,25,199,665,0.807707,0.996791,0.987206,0.999098,0,0,0,0
869,29,200,665,0.807707,0.996791,0.987206,0.999098,0,0,0,0
870,27,200,666,0.807707,0.996791,0.987206,0.999098,0,0,0,0
871,25,200,667,0.807707,0.996791,0.987206,0.999098,0,0,0,0
872,23,200,668,0.807707,0.996791,0.987206,0.999098,0,0,0,0
873,21,200,669,0.799033,0.997125,0.987206,0.999098,0,1,0,0
874,19,200,670,0.789240,0.997451,0.987206,0.999098,0,1,0,0
875,29,201,670,0.779101,0.997740,0.987206,0.999098,0,1,0,0
876,27,201,671,0.768617,0.997882,0.988530,0.999098,0,1,1,0
877,29,202,671,0.757789,0.998006,0.989819,0.999098,0,1,1,0
878,27,202,672,0.756871,0.998016,0.989920,0.999098,0,0,0,0
879,29,203,672,0.756871,0.998016,0.989920,0.999098,0,0,0,0
880,27,203,673,0.746621,0.998223,0.989920,0.999098,0,1,0,0
881,25,203,674,0.745675,0.998241,0.989920,0.999098,0,0,0,0
882,29,204,674,0.745675,0.998241,0.989920,0.999098,0,0,0,0
883,27,204,675,0.755977,0.998425,0.989920,0.999047,1,1,0,0
884,25,204,676,0.756899,0.998440,0.989920,0.999042,0,0,0,0
885,29,205,676,0.756899,0.998440,0.989920,0.999042,0,0,0,0
886,27,205,677,0.756899,0.998440,0.989920,0.999042,0,0,0,0
887,25,205,678,0.756899,0.998440,0.989920,0.999042,0,0,0,0
888,23,205,679,0.756899,0.998440,0.989920,0.999042,0,0,0,0
889,21,205,680,0.756899,0.998440,0.989920,0.999042,0,0,0,0
890,19,205,681,0.756899,0.998440,0.989920,0.999042,0,0,0,0
891,17,205,682,0.756899,0.998440,0.989920,0.999042,0,0,0,0
892,15,205,683,0.756899,0.998440,0.989920,0.999042,0,0,0,0
893,13,205,684,0.756899,0.998440,0.989920,0.999042,0,0,0,0
894,11,205,685,0.756899,0.998440,0.989920,0.999042,0,0,0,0
895,9,205,686,0.756899,0.998440,0.989920,0.999042,0,0,0,0
896,7,205,687,0.756899,0.998440,0.989920,0.999042,0,0,0,0
897,5,205,688,0.756899,0.998440,0.989920,0.999042,0,0,0,0
898,3,205,689,0.756899,0.998440,0.989920,0.999042,0,0,0,0
899,1,205,690,0.756899,0.998440,0.989920,0.999042,0,0,0,0
900,0,205,691,0.756899,0.998353,0.990965,0.999042,0,0,1,0
