tick,conn_0_0,conn_0_3,conn_0_4,conn_0_5,conn_0_7,conn_0_9,conn_0_10,conn_1_1,conn_1_4,conn_1_5,conn_1_6,conn_1_8,conn_2_2,conn_2_5,conn_2_6,conn_2_7,conn_2_9,conn_2_10,conn_3_0,conn_3_1,conn_3_2,conn_3_4,conn_3_6,conn_3_8,conn_3_10,conn_4_0,conn_4_1,conn_4_2,conn_4_3,conn_4_6,conn_4_7,conn_4_8,conn_5_0,conn_5_1,conn_5_3,conn_5_6,conn_5_7,conn_5_9,conn_6_0,conn_6_1,conn_6_2,conn_6_4,conn_6_5,conn_6_6,conn_6_7,conn_6_9,conn_7_0,conn_7_2,conn_7_3,conn_7_6,conn_7_8,conn_8_0,conn_8_2,conn_8_3,conn_8_5,conn_8_6,conn_8_7,conn_8_8,conn_8_9,conn_9_0,conn_9_1,conn_9_2,conn_9_4,conn_9_5,conn_9_7,conn_9_8,conn_9_9,conn_10_3,conn_10_6,conn_10_7,conn_10_8,conn_10_9
0,0.600000,-0.600000,-0.600000,1.000000,-0.600000,-0.600000,-0.600000,0.600000,0.600000,0.600000,0.600000,-0.600000,-0.600000,-0.600000,-0.600000,-0.600000,0.600000,-0.600000,-0.600000,-0.600000,0.600000,0.600000,-0.600000,-0.600000,-0.600000,-0.600000,-0.600000,0.600000,-0.600000,0.600000,0.600000,-0.600000,0.600000,-0.600000,-0.600000,-0.600000,0.600000,-0.600000,-0.600000,0.600000,-0.600000,-0.600000,0.600000,-0.600000,-0.600000,-0.600000,-0.600000,0.600000,-0.600000,-0.600000,-0.600000,-0.600000,0.600000,-0.600000,-0.600000,0.600000,-0.600000,-0.600000,-0.600000,-0.600000,0.600000,0.600000,-0.600000,0.600000,-0.600000,0.600000,-0.600000,-0.600000,-0.600000,-0.600000,-0.600000,0.600000
1,0.600000,-0.600000,-0.600000,1.000000,-0.600000,-0.621416,-0.600000,0.600000,0.600000,0.600000,0.600000,-0.600000,-0.600000,-0.600000,-0.600000,-0.600000,0.600000,-0.600000,-0.600000,-0.600000,0.586737,0.600000,-0.600000,-0.607185,-0.600000,-0.600000,-0.609570,0.600000,-0.600000,0.600000,0.600000,-0.600000,0.600000,-0.600000,-0.600000,-0.600000,0.600000,-0.600000,-0.600000,0.642374,-0.600000,-0.600000,0.586737,-0.600000,-0.600000,-0.600000,-0.600000,0.596396,-0.600000,-0.607185,-0.600000,-0.600000,0.600000,-0.600000,-0.600000,0.600000,-0.600000,-0.600000,-0.600000,-0.600000,0.600000,0.600000,-0.600000,0.621416,-0.600000,0.600000,-0.600000,-0.600000,-0.609570,-0.600000,-0.600000,0.600000
2,0.600000,-0.600000,-0.600000,1.000000,-0.600000,-0.644671,-0.600000,0.600000,0.600000,0.600000,0.600000,-0.600000,-0.600000,-0.600000,-0.600000,-0.600000,0.600000,-0.600000,-0.600000,-0.600000,0.577009,0.600000,-0.600000,-0.614325,-0.600000,-0.600000,-0.614325,0.600000,-0.600000,0.600000,0.600000,-0.600000,0.600000,-0.600000,-0.600000,-0.600000,0.600000,-0.600000,-0.600000,0.676104,-0.600000,-0.600000,0.575789,-0.600000,-0.600000,-0.600000,-0.600000,0.592782,-0.600000,-0.614325,-0.600000,-0.600000,0.600000,-0.600000,-0.600000,0.600000,-0.600000,-0.600000,-0.600000,-0.600000,0.600000,0.600000,-0.600000,0.644671,-0.600000,0.600000,-0.600000,-0.600000,-0.619058,-0.600000,-0.600000,0.600000
3,0.600000,-0.600000,-0.600000,1.000000,-0.600000,-0.667268,-0.600000,0.600000,0.600000,0.600000,0.600000,-0.600000,-0.600000,-0.600000,-0.600000,-0.600000,0.600000,-0.600000,-0.600000,-0.600000,0.558612,0.600000,-0.600000,-0.621416,-0.600000,-0.600000,-0.630792,0.600000,-0.600000,0.600000,0.600000,-0.600000,0.600000,-0.600000,-0.600000,-0.600000,0.600000,-0.600000,-0.600000,0.716323,-0.600000,-0.600000,0.561076,-0.600000,-0.600000,-0.600000,-0.600000,0.589158,-0.600000,-0.621416,-0.600000,-0.600000,0.600000,-0.600000,-0.600000,0.600000,-0.600000,-0.600000,-0.600000,-0.600000,0.600000,0.600000,-0.600000,0.667268,-0.600000,0.600000,-0.600000,-0.600000,-0.633121,-0.600000,-0.600000,0.600000
4,0.600000,-0.600000,-0.600000,1.000000,-0.600000,-0.693401,-0.600000,0.600000,0.600000,0.600000,0.600000,-0.600000,-0.600000,-0.600000,-0.600000,-0.600000,0.600000,-0.600000,-0.600000,-0.600000,0.557380,0.600000,-0.600000,-0.621416,-0.600000,-0.600000,-0.630792,0.600000,-0.600000,0.600000,0.600000,-0.600000,0.600000,-0.600000,-0.600000,-0.600000,0.600000,-0.600000,-0.600000,0.716323,-0.600000,-0.600000,0.559845,-0.600000,-0.600000,-0.600000,-0.600000,0.589158,-0.600000,-0.621416,-0.600000,-0.600000,0.600000,-0.600000,-0.600000,0.600000,-0.600000,-0.600000,-0.600000,-0.600000,0.600000,0.600000,-0.600000,0.693401,-0.600000,0.600000,-0.600000,-0.600000,-0.635443,-0.600000,-0.600000,0.600000
5,0.600000,-0.600000,-0.600000,1.000000,-0.600000,-0.718355,-0.600000,0.600000,0.600000,0.600000,0.600000,-0.600000,-0.600000,-0.600000,-0.600000,-0.600000,0.600000,-0.600000,-0.600000,-0.600000,0.557380,0.600000,-0.600000,-0.621416,-0.600000,-0.600000,-0.630792,0.600000,-0.600000,0.600000,0.600000,-0.600000,0.600000,-0.600000,-0.600000,-0.600000,0.600000,-0.600000,-0.600000,0.716323,-0.600000,-0.600000,0.559845,-0.600000,-0.600000,-0.600000,-0.600000,0.589158,-0.600000,-0.621416,-0.600000,-0.600000,0.600000,-0.600000,-0.600000,0.600000,-0.600000,-0.600000,-0.600000,-0.600000,0.600000,0.600000,-0.600000,0.718355,-0.600000,0.600000,-0.600000,-0.600000,-0.635443,-0.600000,-0.600000,0.600000
6,0.600000,-0.600000,-0.600000,1.000000,-0.600000,-0.742039,-0.600000,0.600000,0.600000,0.600000,0.600000,-0.600000,-0.600000,-0.600000,-0.600000,-0.600000,0.600000,-0.600000,-0.600000,-0.600000,0.557380,0.600000,-0.600000,-0.621416,-0.600000,-0.600000,-0.630792,0.600000,-0.600000,0.600000,0.600000,-0.600000,0.600000,-0.600000,-0.600000,-0.600000,0.600000,-0.600000,-0.600000,0.716323,-0.600000,-0.600000,0.559845,-0.600000,-0.600000,-0.600000,-0.600000,0.589158,-0.600000,-0.621416,-0.600000,-0.600000,0.600000,-0.600000,-0.600000,0.600000,-0.600000,-0.600000,-0.600000,-0.600000,0.600000,0.600000,-0.600000,0.742039,-0.600000,0.600000,-0.600000,-0.600000,-0.635443,-0.600000,-0.600000,0.600000
7,0.600000,-0.600000,-0.600000,1.000000,-0.600000,-0.764390,-0.600000,0.600000,0.600000,0.600000,0.600000,-0.600000,-0.600000,-0.600000,-0.600000,-0.600000,0.600000,-0.600000,-0.600000,-0.600000,0.557380,0.600000,-0.600000,-0.621416,-0.600000,-0.600000,-0.630792,0.600000,-0.600000,0.600000,0.600000,-0.600000,0.600000,-0.600000,-0.600000,-0.600000,0.600000,-0.600000,-0.600000,0.716323,-0.600000,-0.600000,0.559845,-0.600000,-0.600000,-0.600000,-0.600000,0.589158,-0.600000,-0.621416,-0.600000,-0.600000,0.600000,-0.600000,-0.600000,0.600000,-0.600000,-0.600000,-0.600000,-0.600000,0.600000,0.600000,-0.600000,0.764390,-0.600000,0.600000,-0.600000,-0.600000,-0.635443,-0.600000,-0.600000,0.600000
8,0.600000,-0.600000,-0.600000,1.000000,-0.600000,-0.785368,-0.600000,0.600000,0.600000,0.600000,0.600000,-0.600000,-0.600000,-0.600000,-0.600000,-0.600000,0.600000,-0.600000,-0.600000,-0.600000,0.557380,0.600000,-0.600000,-0.621416,-0.600000,-0.600000,-0.630792,0.600000,-0.600000,0.600000,0.600000,-0.600000,0.600000,-0.600000,-0.600000,-0.600000,0.600000,-0.600000,-0.600000,0.716323,-0.600000,-0.600000,0.559845,-0.600000,-0.600000,-0.600000,-0.600000,0.589158,-0.600000,-0.621416,-0.600000,-0.600000,0.600000,-0.600000,-0.600000,0.600000,-0.600000,-0.600000,-0.600000,-0.600000,0.600000,0.600000,-0.600000,0.785368,-0.600000,0.600000,-0.600000,-0.600000,-0.635443,-0.600000,-0.600000,0.600000
9,0.600000,-0.600000,-0.600000,1.000000,-0.600000,-0.804960,-0.600000,0.600000,0.600000,0.600000,0.600000,-0.600000,-0.600000,-0.600000,-0.600000,-0.600000,0.600000,-0.600000,-0.600000,-0.600000,0.557380,0.600000,-0.600000,-0.621416,-0.600000,-0.600000,-0.630792,0.600000,-0.600000,0.600000,0.600000,-0.600000,0.600000,-0.600000,-0.600000,-0.600000,0.600000,-0.600000,-0.600000,0.716323,-0.600000,-0.600000,0.559845,-0.600000,-0.600000,-0.600000,-0.600000,0.589158,-0.600000,-0.621416,-0.600000,-0.600000,0.600000,-0.600000,-0.600000,0.600000,-0.600000,-0.600000,-0.600000,-0.600000,0.600000,0.600000,-0.600000,0.804960,-0.600000,0.600000,-0.600000,-0.600000,-0.635443,-0.600000,-0.600000,0.600000
10,0.600000,-0.600000,-0.600000,1.000000,-0.600000,-0.823168,-0.600000,0.600000,0.600000,0.600000,0.600000,-0.600000,-0.600000,-0.600000,-0.600000,-0.600000,0.600000,-0.600000,-0.600000,-0.600000,0.557380,0.600000,-0.600000,-0.621416,-0.600000,-0.600000,-0.630792,0.600000,-0.600000,0.600000,0.600000,-0.600000,0.600000,-0.600000,-0.600000,-0.600000,0.600000,-0.600000,-0.600000,0.716323,-0.600000,-0.600000,0.559845,-0.600000,-0.600000,-0.600000,-0.600000,0.589158,-0.600000,-0.621416,-0.600000,-0.600000,0.600000,-0.600000,-0.600000,0.600000,-0.600000,-0.600000,-0.600000,-0.600000,0.600000,0.600000,-0.600000,0.823168,-0.600000,0.600000,-0.600000,-0.600000,-0.635443,-0.600000,-0.600000,0.600000
11,0.600000,-0.600000,-0.600000,1.000000,-0.600000,-0.840018,-0.600000,0.600000,0.600000,0.600000,0.600000,-0.600000,-0.600000,-0.600000,-0.600000,-0.600000,0.600000,-0.600000,-0.600000,-0.600000,0.557380,0.600000,-0.600000,-0.621416,-0.600000,-0.600000,-0.630792,0.600000,-0.600000,0.600000,0.600000,-0.600000,0.600000,-0.600000,-0.600000,-0.600000,0.600000,-0.600000,-0.600000,0.716323,-0.600000,-0.600000,0.559845,-0.600000,-0.600000,-0.600000,-0.600000,0.589158,-0.600000,-0.621416,-0.600000,-0.600000,0.600000,-0.600000,-0.600000,0.600000,-0.600000,-0.600000,-0.600000,-0.600000,0.600000,0.600000,-0.600000,0.840018,-0.600000,0.600000,-0.600000,-0.600000,-0.635443,-0.600000,-0.600000,0.600000
12,0.600000,-0.600000,-0.600000,1.000000,-0.600000,-0.855546,-0.600000,0.600000,0.600000,0.600000,0.600000,-0.600000,-0.600000,-0.600000,-0.600000,-0.600000,0.600000,-0.600000,-0.600000,-0.600000,0.557380,0.600000,-0.600000,-0.621416,-0.600000,-0.600000,-0.630792,0.600000,-0.600000,0.600000,0.600000,-0.600000,0.600000,-0.600000,-0.600000,-0.600000,0.600000,-0.600000,-0.600000,0.716323,-0.600000,-0.600000,0.559845,-0.600000,-0.600000,-0.600000,-0.600000,0.589158,-0.600000,-0.621416,-0.600000,-0.600000,0.600000,-0.600000,-0.600000,0.600000,-0.600000,-0.600000,-0.600000,-0.600000,0.600000,0.600000,-0.600000,0.855546,-0.600000,0.600000,-0.600000,-0.600000,-0.635443,-0.600000,-0.600000,0.600000
13,0.600000,-0.600000,-0.600000,1.000000,-0.600000,-0.869803,-0.600000,0.600000,0.600000,0.600000,0.600000,-0.600000,-0.600000,-0.600000,-0.600000,-0.600000,0.600000,-0.600000,-0.600000,-0.600000,0.557380,0.600000,-0.600000,-0.621416,-0.600000,-0.600000,-0.630792,0.600000,-0.600000,0.600000,0.600000,-0.600000,0.600000,-0.600000,-0.600000,-0.600000,0.600000,-0.600000,-0.600000,0.716323,-0.600000,-0.600000,0.559845,-0.600000,-0.600000,-0.600000,-0.600000,0.589158,-0.600000,-0.621416,-0.600000,-0.600000,0.600000,-0.600000,-0.600000,0.600000,-0.600000,-0.600000,-0.600000,-0.600000,0.600000,0.600000,-0.600000,0.869803,-0.600000,0.600000,-0.600000,-0.600000,-0.635443,-0.600000,-0.600000,0.600000
14,0.600000,-0.600000,-0.600000,1.000000,-0.600000,-0.882847,-0.600000,0.600000,0.600000,0.600000,0.600000,-0.600000,-0.600000,-0.600000,-0.600000,-0.600000,0.600000,-0.600000,-0.600000,-0.600000,0.557380,0.600000,-0.600000,-0.621416,-0.600000,-0.600000,-0.630792,0.600000,-0.600000,0.600000,0.600000,-0.600000,0.600000,-0.600000,-0.600000,-0.600000,0.600000,-0.600000,-0.600000,0.716323,-0.600000,-0.600000,0.559845,-0.600000,-0.600000,-0.600000,-0.600000,0.589158,-0.600000,-0.621416,-0.600000,-0.600000,0.600000,-0.600000,-0.600000,0.600000,-0.600000,-0.600000,-0.600000,-0.600000,0.600000,0.600000,-0.600000,0.882847,-0.600000,0.600000,-0.600000,-0.600000,-0.635443,-0.600000,-0.600000,0.600000
15,0.600000,-0.600000,-0.600000,1.000000,-0.600000,-0.894744,-0.600000,0.600000,0.600000,0.600000,0.600000,-0.600000,-0.600000,-0.600000,-0.600000,-0.600000,0.600000,-0.600000,-0.600000,-0.600000,0.557380,0.600000,-0.600000,-0.621416,-0.600000,-0.600000,-0.630792,0.600000,-0.600000,0.600000,0.600000,-0.600000,0.600000,-0.600000,-0.600000,-0.600000,0.600000,-0.600000,-0.600000,0.716323,-0.600000,-0.600000,0.559845,-0.600000,-0.600000,-0.600000,-0.600000,0.589158,-0.600000,-0.621416,-0.600000,-0.600000,0.600000,-0.600000,-0.600000,0.600000,-0.600000,-0.600000,-0.600000,-0.600000,0.600000,0.600000,-0.600000,0.894744,-0.600000,0.600000,-0.600000,-0.600000,-0.635443,-0.600000,-0.600000,0.600000
16,0.600000,-0.600000,-0.600000,1.000000,-0.600000,-0.905563,-0.600000,0.600000,0.600000,0.600000,0.600000,-0.600000,-0.600000,-0.600000,-0.600000,-0.600000,0.600000,-0.600000,-0.600000,-0.600000,0.557380,0.600000,-0.600000,-0.621416,-0.600000,-0.600000,-0.630792,0.600000,-0.600000,0.600000,0.600000,-0.600000,0.600000,-0.600000,-0.600000,-0.600000,0.600000,-0.600000,-0.600000,0.716323,-0.600000,-0.600000,0.559845,-0.600000,-0.600000,-0.600000,-0.600000,0.589158,-0.600000,-0.621416,-0.600000,-0.600000,0.600000,-0.600000,-0.600000,0.600000,-0.600000,-0.600000,-0.600000,-0.600000,0.600000,0.600000,-0.600000,0.905563,-0.600000,0.600000,-0.600000,-0.600000,-0.635443,-0.600000,-0.600000,0.600000
17,0.600000,-0.600000,-0.600000,1.000000,-0.600000,-0.915376,-0.600000,0.600000,0.600000,0.600000,0.600000,-0.600000,-0.600000,-0.600000,-0.600000,-0.600000,0.600000,-0.600000,-0.600000,-0.600000,0.557380,0.600000,-0.600000,-0.621416,-0.600000,-0.600000,-0.630792,0.600000,-0.600000,0.600000,0.600000,-0.600000,0.600000,-0.600000,-0.600000,-0.600000,0.600000,-0.600000,-0.600000,0.716323,-0.600000,-0.600000,0.559845,-0.600000,-0.600000,-0.600000,-0.600000,0.589158,-0.600000,-0.621416,-0.600000,-0.600000,0.600000,-0.600000,-0.600000,0.600000,-0.600000,-0.600000,-0.600000,-0.600000,0.600000,0.600000,-0.600000,0.915376,-0.600000,0.600000,-0.600000,-0.600000,-0.635443,-0.600000,-0.600000,0.600000
18,0.600000,-0.600000,-0.600000,1.000000,-0.600000,-0.924256,-0.600000,0.600000,0.600000,0.600000,0.600000,-0.600000,-0.600000,-0.600000,-0.600000,-0.600000,0.600000,-0.600000,-0.600000,-0.600000,0.557380,0.600000,-0.600000,-0.621416,-0.600000,-0.600000,-0.630792,0.600000,-0.600000,0.600000,0.600000,-0.600000,0.600000,-0.600000,-0.600000,-0.600000,0.600000,-0.600000,-0.600000,0.716323,-0.600000,-0.600000,0.559845,-0.600000,-0.600000,-0.600000,-0.600000,0.589158,-0.600000,-0.621416,-0.600000,-0.600000,0.600000,-0.600000,-0.600000,0.600000,-0.600000,-0.600000,-0.600000,-0.600000,0.600000,0.600000,-0.600000,0.924256,-0.600000,0.600000,-0.600000,-0.600000,-0.635443,-0.600000,-0.600000,0.600000
19,0.600000,-0.600000,-0.600000,1.000000,-0.600000,-0.932273,-0.600000,0.600000,0.600000,0.600000,0.600000,-0.600000,-0.600000,-0.600000,-0.600000,-0.600000,0.600000,-0.600000,-0.600000,-0.600000,0.557380,0.600000,-0.600000,-0.621416,-0.600000,-0.600000,-0.630792,0.600000,-0.600000,0.600000,0.600000,-0.600000,0.600000,-0.600000,-0.600000,-0.600000,0.600000,-0.600000,-0.600000,0.716323,-0.600000,-0.600000,0.559845,-0.600000,-0.600000,-0.600000,-0.600000,0.589158,-0.600000,-0.621416,-0.600000,-0.600000,0.600000,-0.600000,-0.600000,0.600000,-0.600000,-0.600000,-0.600000,-0.600000,0.600000,0.600000,-0.600000,0.932273,-0.600000,0.600000,-0.600000,-0.600000,-0.635443,-0.600000,-0.600000,0.600000
20,0.600000,-0.600000,-0.600000,1.000000,-0.600000,-0.939498,-0.600000,0.600000,0.600000,0.600000,0.600000,-0.600000,-0.600000,-0.600000,-0.600000,-0.600000,0.600000,-0.600000,-0.600000,-0.600000,0.557380,0.600000,-0.600000,-0.621416,-0.600000,-0.600000,-0.630792,0.600000,-0.600000,0.600000,0.600000,-0.600000,0.600000,-0.600000,-0.600000,-0.600000,0.600000,-0.600000,-0.600000,0.716323,-0.600000,-0.600000,0.559845,-0.600000,-0.600000,-0.600000,-0.600000,0.589158,-0.600000,-0.621416,-0.600000,-0.600000,0.600000,-0.600000,-0.600000,0.600000,-0.600000,-0.600000,-0.600000,-0.600000,0.600000,0.600000,-0.600000,0.939498,-0.600000,0.600000,-0.600000,-0.600000,-0.635443,-0.600000,-0.600000,0.600000
21,0.600000,-0.600000,-0.600000,1.000000,-0.600000,-0.945997,-0.600000,0.600000,0.600000,0.600000,0.600000,-0.600000,-0.600000,-0.600000,-0.600000,-0.600000,0.600000,-0.600000,-0.600000,-0.600000,0.557380,0.600000,-0.600000,-0.621416,-0.600000,-0.600000,-0.630792,0.600000,-0.600000,0.600000,0.600000,-0.600000,0.600000,-0.600000,-0.600000,-0.600000,0.600000,-0.600000,-0.600000,0.716323,-0.600000,-0.600000,0.559845,-0.600000,-0.600000,-0.600000,-0.600000,0.589158,-0.600000,-0.621416,-0.600000,-0.600000,0.600000,-0.600000,-0.600000,0.600000,-0.600000,-0.600000,-0.600000,-0.600000,0.600000,0.600000,-0.600000,0.945997,-0.600000,0.600000,-0.600000,-0.600000,-0.635443,-0.600000,-0.600000,0.600000
22,0.600000,-0.600000,-0.600000,1.000000,-0.600000,-0.951834,-0.600000,0.600000,0.600000,0.600000,0.600000,-0.600000,-0.600000,-0.600000,-0.600000,-0.600000,0.600000,-0.600000,-0.600000,-0.600000,0.557380,0.600000,-0.600000,-0.621416,-0.600000,-0.600000,-0.630792,0.600000,-0.600000,0.600000,0.600000,-0.600000,0.600000,-0.600000,-0.600000,-0.600000,0.600000,-0.600000,-0.600000,0.716323,-0.600000,-0.600000,0.559845,-0.600000,-0.600000,-0.600000,-0.600000,0.589158,-0.600000,-0.621416,-0.600000,-0.600000,0.600000,-0.600000,-0.600000,0.600000,-0.600000,-0.600000,-0.600000,-0.600000,0.600000,0.600000,-0.600000,0.951834,-0.600000,0.600000,-0.600000,-0.600000,-0.635443,-0.600000,-0.600000,0.600000
23,0.600000,-0.600000,-0.600000,1.000000,-0.600000,-0.957070,-0.600000,0.600000,0.600000,0.600000,0.600000,-0.600000,-0.600000,-0.600000,-0.600000,-0.600000,0.600000,-0.600000,-0.600000,-0.600000,0.557380,0.600000,-0.600000,-0.621416,-0.600000,-0.600000,-0.630792,0.600000,-0.600000,0.600000,0.600000,-0.600000,0.600000,-0.600000,-0.600000,-0.600000,0.600000,-0.600000,-0.600000,0.716323,-0.600000,-0.600000,0.559845,-0.600000,-0.600000,-0.600000,-0.600000,0.589158,-0.600000,-0.621416,-0.600000,-0.600000,0.600000,-0.600000,-0.600000,0.600000,-0.600000,-0.600000,-0.600000,-0.600000,0.600000,0.600000,-0.600000,0.957070,-0.600000,0.600000,-0.600000,-0.600000,-0.635443,-0.600000,-0.600000,0.600000
24,0.600000,-0.600000,-0.600000,1.000000,-0.600000,-0.961759,-0.600000,0.600000,0.600000,0.600000,0.600000,-0.600000,-0.600000,-0.600000,-0.600000,-0.600000,0.600000,-0.600000,-0.600000,-0.600000,0.557380,0.600000,-0.600000,-0.621416,-0.600000,-0.600000,-0.630792,0.600000,-0.600000,0.600000,0.600000,-0.600000,0.600000,-0.600000,-0.600000,-0.600000,0.600000,-0.600000,-0.600000,0.716323,-0.600000,-0.600000,0.559845,-0.600000,-0.600000,-0.600000,-0.600000,0.589158,-0.600000,-0.621416,-0.600000,-0.600000,0.600000,-0.600000,-0.600000,0.600000,-0.600000,-0.600000,-0.600000,-0.600000,0.600000,0.600000,-0.600000,0.961759,-0.600000,0.600000,-0.600000,-0.600000,-0.635443,-0.600000,-0.600000,0.600000
25,0.600000,-0.600000,-0.600000,1.000000,-0.600000,-0.965954,-0.600000,0.600000,0.600000,0.600000,0.600000,-0.600000,-0.600000,-0.600000,-0.600000,-0.600000,0.600000,-0.600000,-0.600000,-0.600000,0.557380,0.600000,-0.600000,-0.621416,-0.600000,-0.600000,-0.630792,0.600000,-0.600000,0.600000,0.600000,-0.600000,0.600000,-0.600000,-0.600000,-0.600000,0.600000,-0.600000,-0.600000,0.716323,-0.600000,-0.600000,0.559845,-0.600000,-0.600000,-0.600000,-0.600000,0.589158,-0.600000,-0.621416,-0.600000,-0.600000,0.600000,-0.600000,-0.600000,0.600000,-0.600000,-0.600000,-0.600000,-0.600000,0.600000,0.600000,-0.600000,0.965954,-0.600000,0.600000,-0.600000,-0.600000,-0.635443,-0.600000,-0.600000,0.600000
26,0.600000,-0.600000,-0.600000,1.000000,-0.600000,-0.969704,-0.600000,0.600000,0.600000,0.600000,0.600000,-0.600000,-0.600000,-0.600000,-0.600000,-0.600000,0.600000,-0.600000,-0.600000,-0.600000,0.557380,0.600000,-0.600000,-0.621416,-0.600000,-0.600000,-0.630792,0.600000,-0.600000,0.600000,0.600000,-0.600000,0.600000,-0.600000,-0.600000,-0.600000,0.600000,-0.600000,-0.600000,0.716323,-0.600000,-0.600000,0.559845,-0.600000,-0.600000,-0.600000,-0.600000,0.589158,-0.600000,-0.621416,-0.600000,-0.600000,0.600000,-0.600000,-0.600000,0.600000,-0.600000,-0.600000,-0.600000,-0.600000,0.600000,0.600000,-0.600000,0.969704,-0.600000,0.600000,-0.600000,-0.600000,-0.635443,-0.600000,-0.600000,0.600000
27,0.600000,-0.600000,-0.600000,1.000000,-0.600000,-0.973052,-0.600000,0.600000,0.600000,0.600000,0.600000,-0.600000,-0.600000,-0.600000,-0.600000,-0.600000,0.600000,-0.600000,-0.600000,-0.600000,0.557380,0.600000,-0.600000,-0.621416,-0.600000,-0.600000,-0.630792,0.600000,-0.600000,0.600000,0.600000,-0.600000,0.600000,-0.600000,-0.600000,-0.600000,0.600000,-0.600000,-0.600000,0.716323,-0.600000,-0.600000,0.559845,-0.600000,-0.600000,-0.600000,-0.600000,0.589158,-0.600000,-0.621416,-0.600000,-0.600000,0.600000,-0.600000,-0.600000,0.600000,-0.600000,-0.600000,-0.600000,-0.600000,0.600000,0.600000,-0.600000,0.973052,-0.600000,0.600000,-0.600000,-0.600000,-0.635443,-0.600000,-0.600000,0.600000
28,0.600000,-0.600000,-0.600000,1.000000,-0.600000,-0.976040,-0.600000,0.600000,0.600000,0.600000,0.600000,-0.600000,-0.600000,-0.600000,-0.600000,-0.600000,0.600000,-0.600000,-0.600000,-0.600000,0.557380,0.600000,-0.600000,-0.621416,-0.600000,-0.600000,-0.630792,0.600000,-0.600000,0.600000,0.600000,-0.600000,0.600000,-0.600000,-0.600000,-0.600000,0.600000,-0.600000,-0.600000,0.716323,-0.600000,-0.600000,0.559845,-0.600000,-0.600000,-0.600000,-0.600000,0.589158,-0.600000,-0.621416,-0.600000,-0.600000,0.600000,-0.600000,-0.600000,0.600000,-0.600000,-0.600000,-0.600000,-0.600000,0.600000,0.600000,-0.600000,0.976040,-0.600000,0.600000,-0.600000,-0.600000,-0.635443,-0.600000,-0.600000,0.600000
29,0.600000,-0.600000,-0.600000,1.000000,-0.600000,-0.978704,-0.600000,0.600000,0.600000,0.600000,0.600000,-0.600000,-0.600000,-0.600000,-0.600000,-0.600000,0.600000,-0.600000,-0.600000,-0.600000,0.557380,0.600000,-0.600000,-0.621416,-0.600000,-0.600000,-0.630792,0.600000,-0.600000,0.600000,0.600000,-0.600000,0.600000,-0.600000,-0.600000,-0.600000,0.600000,-0.600000,-0.600000,0.716323,-0.600000,-0.600000,0.559845,-0.600000,-0.600000,-0.600000,-0.600000,0.589158,-0.600000,-0.621416,-0.600000,-0.600000,0.600000,-0.600000,-0.600000,0.600000,-0.600000,-0.600000,-0.600000,-0.600000,0.600000,0.600000,-0.600000,0.978704,-0.600000,0.600000,-0.600000,-0.600000,-0.635443,-0.600000,-0.600000,0.600000
30,0.600000,-0.600000,-0.600000,1.000000,-0.600000,-0.981077,-0.600000,0.600000,0.600000,0.600000,0.600000,-0.600000,-0.600000,-0.600000,-0.600000,-0.600000,0.600000,-0.600000,-0.600000,-0.600000,0.557380,0.600000,-0.600000,-0.621416,-0.600000,-0.600000,-0.630792,0.600000,-0.600000,0.600000,0.600000,-0.600000,0.600000,-0.600000,-0.600000,-0.600000,0.600000,-0.600000,-0.600000,0.716323,-0.600000,-0.600000,0.559845,-0.600000,-0.600000,-0.600000,-0.600000,0.589158,-0.600000,-0.621416,-0.600000,-0.600000,0.600000,-0.600000,-0.600000,0.600000,-0.600000,-0.600000,-0.600000,-0.600000,0.600000,0.600000,-0.600000,0.981077,-0.600000,0.600000,-0.600000,-0.600000,-0.635443,-0.600000,-0.600000,0.600000
31,0.600000,-0.600000,-0.600000,1.000000,-0.600000,-0.983190,-0.600000,0.600000,0.600000,0.600000,0.600000,-0.600000,-0.600000,-0.600000,-0.600000,-0.600000,0.600000,-0.600000,-0.600000,-0.600000,0.557380,0.600000,-0.600000,-0.621416,-0.600000,-0.600000,-0.630792,0.600000,-0.600000,0.600000,0.600000,-0.600000,0.600000,-0.600000,-0.600000,-0.600000,0.600000,-0.600000,-0.600000,0.716323,-0.600000,-0.600000,0.559845,-0.600000,-0.600000,-0.600000,-0.600000,0.589158,-0.600000,-0.621416,-0.600000,-0.600000,0.600000,-0.600000,-0.600000,0.600000,-0.600000,-0.600000,-0.600000,-0.600000,0.600000,0.600000,-0.600000,0.983190,-0.600000,0.600000,-0.600000,-0.600000,-0.635443,-0.600000,-0.600000,0.600000
32,0.600000,-0.600000,-0.600000,1.000000,-0.600000,-0.985071,-0.600000,0.600000,0.600000,0.600000,0.600000,-0.600000,-0.600000,-0.600000,-0.600000,-0.600000,0.600000,-0.600000,-0.600000,-0.600000,0.557380,0.600000,-0.600000,-0.621416,-0.600000,-0.600000,-0.630792,0.600000,-0.600000,0.600000,0.600000,-0.600000,0.600000,-0.600000,-0.600000,-0.600000,0.600000,-0.600000,-0.600000,0.716323,-0.600000,-0.600000,0.559845,-0.600000,-0.600000,-0.600000,-0.600000,0.589158,-0.600000,-0.621416,-0.600000,-0.600000,0.600000,-0.600000,-0.600000,0.600000,-0.600000,-0.600000,-0.600000,-0.600000,0.600000,0.600000,-0.600000,0.985071,-0.600000,0.600000,-0.600000,-0.600000,-0.635443,-0.600000,-0.600000,0.600000
33,0.600000,-0.600000,-0.600000,1.000000,-0.600000,-0.986745,-0.600000,0.600000,0.600000,0.600000,0.600000,-0.600000,-0.600000,-0.600000,-0.600000,-0.600000,0.600000,-0.600000,-0.600000,-0.600000,0.557380,0.600000,-0.600000,-0.621416,-0.600000,-0.600000,-0.630792,0.600000,-0.600000,0.600000,0.600000,-0.600000,0.600000,-0.600000,-0.600000,-0.600000,0.600000,-0.600000,-0.600000,0.716323,-0.600000,-0.600000,0.559845,-0.600000,-0.600000,-0.600000,-0.600000,0.589158,-0.600000,-0.621416,-0.600000,-0.600000,0.600000,-0.600000,-0.600000,0.600000,-0.600000,-0.600000,-0.600000,-0.600000,0.600000,0.600000,-0.600000,0.986745,-0.600000,0.600000,-0.600000,-0.600000,-0.635443,-0.600000,-0.600000,0.600000
34,0.600000,-0.600000,-0.600000,1.000000,-0.600000,-0.988233,-0.600000,0.600000,0.600000,0.600000,0.600000,-0.600000,-0.600000,-0.600000,-0.600000,-0.600000,0.600000,-0.600000,-0.600000,-0.600000,0.557380,0.600000,-0.600000,-0.621416,-0.600000,-0.600000,-0.630792,0.600000,-0.600000,0.600000,0.600000,-0.600000,0.600000,-0.600000,-0.600000,-0.600000,0.600000,-0.600000,-0.600000,0.716323,-0.600000,-0.600000,0.559845,-0.600000,-0.600000,-0.600000,-0.600000,0.589158,-0.600000,-0.621416,-0.600000,-0.600000,0.600000,-0.600000,-0.600000,0.600000,-0.600000,-0.600000,-0.600000,-0.600000,0.600000,0.600000,-0.600000,0.988233,-0.600000,0.600000,-0.600000,-0.600000,-0.635443,-0.600000,-0.600000,0.600000
35,0.600000,-0.600000,-0.600000,1.000000,-0.600000,-0.989556,-0.600000,0.600000,0.600000,0.600000,0.600000,-0.600000,-0.600000,-0.600000,-0.600000,-0.600000,0.600000,-0.600000,-0.600000,-0.600000,0.557380,0.600000,-0.600000,-0.621416,-0.600000,-0.600000,-0.630792,0.600000,-0.600000,0.600000,0.600000,-0.600000,0.600000,-0.600000,-0.600000,-0.600000,0.600000,-0.600000,-0.600000,0.716323,-0.600000,-0.600000,0.559845,-0.600000,-0.600000,-0.600000,-0.600000,0.589158,-0.600000,-0.621416,-0.600000,-0.600000,0.600000,-0.600000,-0.600000,0.600000,-0.600000,-0.600000,-0.600000,-0.600000,0.600000,0.600000,-0.600000,0.989556,-0.600000,0.600000,-0.600000,-0.600000,-0.635443,-0.600000,-0.600000,0.600000
36,0.600000,-0.600000,-0.600000,1.000000,-0.600000,-0.990731,-0.600000,0.600000,0.600000,0.600000,0.600000,-0.600000,-0.600000,-0.600000,-0.600000,-0.600000,0.600000,-0.600000,-0.600000,-0.600000,0.557380,0.600000,-0.600000,-0.621416,-0.600000,-0.600000,-0.630792,0.600000,-0.600000,0.600000,0.600000,-0.600000,0.600000,-0.600000,-0.600000,-0.600000,0.600000,-0.600000,-0.600000,0.716323,-0.600000,-0.600000,0.559845,-0.600000,-0.600000,-0.600000,-0.600000,0.589158,-0.600000,-0.621416,-0.600000,-0.600000,0.600000,-0.600000,-0.600000,0.600000,-0.600000,-0.600000,-0.600000,-0.600000,0.600000,0.600000,-0.600000,0.990731,-0.600000,0.600000,-0.600000,-0.600000,-0.635443,-0.600000,-0.600000,0.600000
37,0.600000,-0.600000,-0.600000,1.000000,-0.600000,-0.991776,-0.600000,0.600000,0.600000,0.600000,0.600000,-0.600000,-0.600000,-0.600000,-0.600000,-0.600000,0.600000,-0.600000,-0.600000,-0.600000,0.557380,0.600000,-0.600000,-0.621416,-0.600000,-0.600000,-0.630792,0.600000,-0.600000,0.600000,0.600000,-0.600000,0.600000,-0.600000,-0.600000,-0.600000,0.600000,-0.600000,-0.600000,0.716323,-0.600000,-0.600000,0.559845,-0.600000,-0.600000,-0.600000,-0.600000,0.589158,-0.600000,-0.621416,-0.600000,-0.600000,0.600000,-0.600000,-0.600000,0.600000,-0.600000,-0.600000,-0.600000,-0.600000,0.600000,0.600000,-0.600000,0.991776,-0.600000,0.600000,-0.600000,-0.600000,-0.635443,-0.600000,-0.600000,0.600000
38,0.600000,-0.600000,-0.600000,1.000000,-0.600000,-0.992703,-0.600000,0.600000,0.600000,0.600000,0.600000,-0.600000,-0.600000,-0.600000,-0.600000,-0.600000,0.600000,-0.600000,-0.600000,-0.600000,0.557380,0.600000,-0.600000,-0.621416,-0.600000,-0.600000,-0.630792,0.600000,-0.600000,0.600000,0.600000,-0.600000,0.600000,-0.600000,-0.600000,-0.600000,0.600000,-0.600000,-0.600000,0.716323,-0.600000,-0.600000,0.559845,-0.600000,-0.600000,-0.600000,-0.600000,0.589158,-0.600000,-0.621416,-0.600000,-0.600000,0.600000,-0.600000,-0.600000,0.600000,-0.600000,-0.600000,-0.600000,-0.600000,0.600000,0.600000,-0.600000,0.992703,-0.600000,0.600000,-0.600000,-0.600000,-0.635443,-0.600000,-0.600000,0.600000
39,0.600000,-0.600000,-0.600000,1.000000,-0.600000,-0.993527,-0.600000,0.600000,0.600000,0.600000,0.600000,-0.600000,-0.600000,-0.600000,-0.600000,-0.600000,0.600000,-0.600000,-0.600000,-0.600000,0.557380,0.600000,-0.600000,-0.621416,-0.600000,-0.600000,-0.630792,0.600000,-0.600000,0.600000,0.600000,-0.600000,0.600000,-0.600000,-0.600000,-0.600000,0.600000,-0.600000,-0.600000,0.716323,-0.600000,-0.600000,0.559845,-0.600000,-0.600000,-0.600000,-0.600000,0.589158,-0.600000,-0.621416,-0.600000,-0.600000,0.600000,-0.600000,-0.600000,0.600000,-0.600000,-0.600000,-0.600000,-0.600000,0.600000,0.600000,-0.600000,0.993527,-0.600000,0.600000,-0.600000,-0.600000,-0.635443,-0.600000,-0.600000,0.600000
40,0.600000,-0.600000,-0.600000,1.000000,-0.600000,-0.994258,-0.600000,0.600000,0.600000,0.600000,0.600000,-0.600000,-0.600000,-0.600000,-0.600000,-0.600000,0.600000,-0.600000,-0.600000,-0.600000,0.557380,0.600000,-0.600000,-0.621416,-0.600000,-0.600000,-0.630792,0.600000,-0.600000,0.600000,0.600000,-0.600000,0.600000,-0.600000,-0.600000,-0.600000,0.600000,-0.600000,-0.600000,0.716323,-0.600000,-0.600000,0.559845,-0.600000,-0.600000,-0.600000,-0.600000,0.589158,-0.600000,-0.621416,-0.600000,-0.600000,0.600000,-0.600000,-0.600000,0.600000,-0.600000,-0.600000,-0.600000,-0.600000,0.600000,0.600000,-0.600000,0.994258,-0.600000,0.600000,-0.600000,-0.600000,-0.635443,-0.600000,-0.600000,0.600000
41,0.600000,-0.600000,-0.600000,1.000000,-0.600000,-0.994907,-0.600000,0.600000,0.600000,0.600000,0.600000,-0.600000,-0.600000,-0.600000,-0.600000,-0.600000,0.600000,-0.600000,-0.600000,-0.600000,0.557380,0.600000,-0.600000,-0.621416,-0.600000,-0.600000,-0.630792,0.600000,-0.600000,0.600000,0.600000,-0.600000,0.600000,-0.600000,-0.600000,-0.600000,0.600000,-0.600000,-0.600000,0.716323,-0.600000,-0.600000,0.559845,-0.600000,-0.600000,-0.600000,-0.600000,0.589158,-0.600000,-0.621416,-0.600000,-0.600000,0.600000,-0.600000,-0.600000,0.600000,-0.600000,-0.600000,-0.600000,-0.600000,0.600000,0.600000,-0.600000,0.994907,-0.600000,0.600000,-0.600000,-0.600000,-0.635443,-0.600000,-0.600000,0.600000
42,0.600000,-0.600000,-0.600000,1.000000,-0.600000,-0.995483,-0.600000,0.600000,0.600000,0.600000,0.600000,-0.600000,-0.600000,-0.600000,-0.600000,-0.600000,0.600000,-0.600000,-0.600000,-0.600000,0.557380,0.600000,-0.600000,-0.621416,-0.600000,-0.600000,-0.630792,0.600000,-0.600000,0.600000,0.600000,-0.600000,0.600000,-0.600000,-0.600000,-0.600000,0.600000,-0.600000,-0.600000,0.716323,-0.600000,-0.600000,0.559845,-0.600000,-0.600000,-0.600000,-0.600000,0.589158,-0.600000,-0.621416,-0.600000,-0.600000,0.600000,-0.600000,-0.600000,0.600000,-0.600000,-0.600000,-0.600000,-0.600000,0.600000,0.600000,-0.600000,0.995483,-0.600000,0.600000,-0.600000,-0.600000,-0.635443,-0.600000,-0.600000,0.600000
43,0.600000,-0.600000,-0.600000,1.000000,-0.600000,-0.995994,-0.600000,0.600000,0.600000,0.600000,0.600000,-0.600000,-0.600000,-0.600000,-0.600000,-0.600000,0.600000,-0.600000,-0.600000,-0.600000,0.557380,0.600000,-0.600000,-0.621416,-0.600000,-0.600000,-0.630792,0.600000,-0.600000,0.600000,0.600000,-0.600000,0.600000,-0.600000,-0.600000,-0.600000,0.600000,-0.600000,-0.600000,0.716323,-0.600000,-0.600000,0.559845,-0.600000,-0.600000,-0.600000,-0.600000,0.589158,-0.600000,-0.621416,-0.600000,-0.600000,0.600000,-0.600000,-0.600000,0.600000,-0.600000,-0.600000,-0.600000,-0.600000,0.600000,0.600000,-0.600000,0.995994,-0.600000,0.600000,-0.600000,-0.600000,-0.635443,-0.600000,-0.600000,0.600000
44,0.600000,-0.600000,-0.600000,1.000000,-0.600000,-0.996448,-0.600000,0.600000,0.600000,0.600000,0.600000,-0.600000,-0.600000,-0.600000,-0.600000,-0.600000,0.600000,-0.600000,-0.600000,-0.600000,0.557380,0.600000,-0.600000,-0.621416,-0.600000,-0.600000,-0.630792,0.600000,-0.600000,0.600000,0.600000,-0.600000,0.600000,-0.600000,-0.600000,-0.600000,0.600000,-0.600000,-0.600000,0.716323,-0.600000,-0.600000,0.559845,-0.600000,-0.600000,-0.600000,-0.600000,0.589158,-0.600000,-0.621416,-0.600000,-0.600000,0.600000,-0.600000,-0.600000,0.600000,-0.600000,-0.600000,-0.600000,-0.600000,0.600000,0.600000,-0.600000,0.996448,-0.600000,0.600000,-0.600000,-0.600000,-0.635443,-0.600000,-0.600000,0.600000
45,0.600000,-0.600000,-0.600000,1.000000,-0.600000,-0.996850,-0.600000,0.600000,0.600000,0.600000,0.600000,-0.600000,-0.600000,-0.600000,-0.600000,-0.600000,0.600000,-0.600000,-0.600000,-0.600000,0.557380,0.600000,-0.600000,-0.621416,-0.600000,-0.600000,-0.630792,0.600000,-0.600000,0.600000,0.600000,-0.600000,0.600000,-0.600000,-0.600000,-0.600000,0.600000,-0.600000,-0.600000,0.716323,-0.600000,-0.600000,0.559845,-0.600000,-0.600000,-0.600000,-0.600000,0.589158,-0.600000,-0.621416,-0.600000,-0.600000,0.600000,-0.600000,-0.600000,0.600000,-0.600000,-0.600000,-0.600000,-0.600000,0.600000,0.600000,-0.600000,0.996850,-0.600000,0.600000,-0.600000,-0.600000,-0.635443,-0.600000,-0.600000,0.600000
46,0.600000,-0.600000,-0.600000,1.000000,-0.600000,-0.997207,-0.600000,0.600000,0.600000,0.600000,0.600000,-0.600000,-0.600000,-0.600000,-0.600000,-0.600000,0.600000,-0.600000,-0.600000,-0.600000,0.557380,0.600000,-0.600000,-0.621416,-0.600000,-0.600000,-0.630792,0.600000,-0.600000,0.600000,0.600000,-0.600000,0.600000,-0.600000,-0.600000,-0.600000,0.600000,-0.600000,-0.600000,0.716323,-0.600000,-0.600000,0.559845,-0.600000,-0.600000,-0.600000,-0.600000,0.589158,-0.600000,-0.621416,-0.600000,-0.600000,0.600000,-0.600000,-0.600000,0.600000,-0.600000,-0.600000,-0.600000,-0.600000,0.600000,0.600000,-0.600000,0.997207,-0.600000,0.600000,-0.600000,-0.600000,-0.635443,-0.600000,-0.600000,0.600000
47,0.600000,-0.600000,-0.600000,1.000000,-0.600000,-0.997523,-0.600000,0.600000,0.600000,0.600000,0.600000,-0.600000,-0.600000,-0.600000,-0.600000,-0.600000,0.600000,-0.600000,-0.600000,-0.600000,0.557380,0.600000,-0.600000,-0.621416,-0.600000,-0.600000,-0.630792,0.600000,-0.600000,0.600000,0.600000,-0.600000,0.600000,-0.600000,-0.600000,-0.600000,0.600000,-0.600000,-0.600000,0.716323,-0.600000,-0.600000,0.559845,-0.600000,-0.600000,-0.600000,-0.600000,0.589158,-0.600000,-0.621416,-0.600000,-0.600000,0.600000,-0.600000,-0.600000,0.600000,-0.600000,-0.600000,-0.600000,-0.600000,0.600000,0.600000,-0.600000,0.997523,-0.600000,0.600000,-0.600000,-0.600000,-0.635443,-0.600000,-0.600000,0.600000
48,0.600000,-0.600000,-0.600000,1.000000,-0.600000,-0.997804,-0.600000,0.600000,0.600000,0.600000,0.600000,-0.600000,-0.600000,-0.600000,-0.600000,-0.600000,0.600000,-0.600000,-0.600000,-0.600000,0.557380,0.600000,-0.600000,-0.621416,-0.600000,-0.600000,-0.630792,0.600000,-0.600000,0.600000,0.600000,-0.600000,0.600000,-0.600000,-0.600000,-0.600000,0.600000,-0.600000,-0.600000,0.716323,-0.600000,-0.600000,0.559845,-0.600000,-0.600000,-0.600000,-0.600000,0.589158,-0.600000,-0.621416,-0.600000,-0.600000,0.600000,-0.600000,-0.600000,0.600000,-0.600000,-0.600000,-0.600000,-0.600000,0.600000,0.600000,-0.600000,0.997804,-0.600000,0.600000,-0.600000,-0.600000,-0.635443,-0.600000,-0.600000,0.600000
49,0.600000,-0.600000,-0.600000,1.000000,-0.600000,-0.998053,-0.600000,0.600000,0.600000,0.600000,0.600000,-0.600000,-0.600000,-0.600000,-0.600000,-0.600000,0.600000,-0.600000,-0.600000,-0.600000,0.557380,0.600000,-0.600000,-0.621416,-0.600000,-0.600000,-0.630792,0.600000,-0.600000,0.600000,0.600000,-0.600000,0.600000,-0.600000,-0.600000,-0.600000,0.600000,-0.600000,-0.600000,0.716323,-0.600000,-0.600000,0.559845,-0.600000,-0.600000,-0.600000,-0.600000,0.589158,-0.600000,-0.621416,-0.600000,-0.600000,0.600000,-0.600000,-0.600000,0.600000,-0.600000,-0.600000,-0.600000,-0.600000,0.600000,0.600000,-0.600000,0.998053,-0.600000,0.600000,-0.600000,-0.600000,-0.635443,-0.600000,-0.600000,0.600000
50,0.600000,-0.600000,-0.600000,1.000000,-0.600000,-0.998274,-0.600000,0.600000,0.600000,0.600000,0.600000,-0.600000,-0.600000,-0.600000,-0.600000,-0.600000,0.600000,-0.600000,-0.600000,-0.600000,0.557380,0.600000,-0.600000,-0.621416,-0.600000,-0.600000,-0.630792,0.600000,-0.600000,0.600000,0.600000,-0.600000,0.600000,-0.600000,-0.600000,-0.600000,0.600000,-0.600000,-0.600000,0.716323,-0.600000,-0.600000,0.559845,-0.600000,-0.600000,-0.600000,-0.600000,0.589158,-0.600000,-0.621416,-0.600000,-0.600000,0.600000,-0.600000,-0.600000,0.600000,-0.600000,-0.600000,-0.600000,-0.600000,0.600000,0.600000,-0.600000,0.998274,-0.600000,0.600000,-0.600000,-0.600000,-0.635443,-0.600000,-0.600000,0.600000
51,0.600000,-0.600000,-0.600000,1.000000,-0.600000,-0.998470,-0.600000,0.600000,0.600000,0.600000,0.600000,-0.600000,-0.600000,-0.600000,-0.600000,-0.600000,0.600000,-0.600000,-0.600000,-0.600000,0.557380,0.600000,-0.600000,-0.621416,-0.600000,-0.600000,-0.630792,0.600000,-0.600000,0.600000,0.600000,-0.600000,0.600000,-0.600000,-0.600000,-0.600000,0.600000,-0.600000,-0.600000,0.716323,-0.600000,-0.600000,0.559845,-0.600000,-0.600000,-0.600000,-0.600000,0.589158,-0.600000,-0.621416,-0.600000,-0.600000,0.600000,-0.600000,-0.600000,0.600000,-0.600000,-0.600000,-0.600000,-0.600000,0.600000,0.600000,-0.600000,0.998470,-0.600000,0.600000,-0.600000,-0.600000,-0.635443,-0.600000,-0.600000,0.600000
52,0.600000,-0.600000,-0.600000,1.000000,-0.600000,-0.998643,-0.600000,0.600000,0.600000,0.600000,0.600000,-0.600000,-0.600000,-0.600000,-0.600000,-0.600000,0.600000,-0.600000,-0.600000,-0.600000,0.557380,0.600000,-0.600000,-0.621416,-0.600000,-0.600000,-0.630792,0.600000,-0.600000,0.600000,0.600000,-0.600000,0.600000,-0.600000,-0.600000,-0.600000,0.600000,-0.600000,-0.600000,0.716323,-0.600000,-0.600000,0.559845,-0.600000,-0.600000,-0.600000,-0.600000,0.589158,-0.600000,-0.621416,-0.600000,-0.600000,0.600000,-0.600000,-0.600000,0.600000,-0.600000,-0.600000,-0.600000,-0.600000,0.600000,0.600000,-0.600000,0.998643,-0.600000,0.600000,-0.600000,-0.600000,-0.635443,-0.600000,-0.600000,0.600000
53,0.600000,-0.600000,-0.600000,1.000000,-0.600000,-0.998797,-0.600000,0.600000,0.600000,0.600000,0.600000,-0.600000,-0.600000,-0.600000,-0.600000,-0.600000,0.600000,-0.600000,-0.600000,-0.600000,0.557380,0.600000,-0.600000,-0.621416,-0.600000,-0.600000,-0.630792,0.600000,-0.600000,0.600000,0.600000,-0.600000,0.600000,-0.600000,-0.600000,-0.600000,0.600000,-0.600000,-0.600000,0.716323,-0.600000,-0.600000,0.559845,-0.600000,-0.600000,-0.600000,-0.600000,0.589158,-0.600000,-0.621416,-0.600000,-0.600000,0.600000,-0.600000,-0.600000,0.600000,-0.600000,-0.600000,-0.600000,-0.600000,0.600000,0.600000,-0.600000,0.998797,-0.600000,0.600000,-0.600000,-0.600000,-0.635443,-0.600000,-0.600000,0.600000
54,0.600000,-0.600000,-0.600000,1.000000,-0.600000,-0.998934,-0.600000,0.600000,0.600000,0.600000,0.600000,-0.600000,-0.600000,-0.600000,-0.600000,-0.600000,0.600000,-0.600000,-0.600000,-0.600000,0.557380,0.600000,-0.600000,-0.621416,-0.600000,-0.600000,-0.630792,0.600000,-0.600000,0.600000,0.600000,-0.600000,0.600000,-0.600000,-0.600000,-0.600000,0.600000,-0.600000,-0.600000,0.716323,-0.600000,-0.600000,0.559845,-0.600000,-0.600000,-0.600000,-0.600000,0.589158,-0.600000,-0.621416,-0.600000,-0.600000,0.600000,-0.600000,-0.600000,0.600000,-0.600000,-0.600000,-0.600000,-0.600000,0.600000,0.600000,-0.600000,0.998934,-0.600000,0.600000,-0.600000,-0.600000,-0.635443,-0.600000,-0.600000,0.600000
55,0.600000,-0.600000,-0.600000,1.000000,-0.600000,-0.999055,-0.600000,0.600000,0.600000,0.600000,0.600000,-0.600000,-0.600000,-0.600000,-0.600000,-0.600000,0.600000,-0.600000,-0.600000,-0.600000,0.557380,0.600000,-0.600000,-0.621416,-0.600000,-0.600000,-0.630792,0.600000,-0.600000,0.600000,0.600000,-0.600000,0.600000,-0.600000,-0.600000,-0.600000,0.600000,-0.600000,-0.600000,0.716323,-0.600000,-0.600000,0.559845,-0.600000,-0.600000,-0.600000,-0.600000,0.589158,-0.600000,-0.621416,-0.600000,-0.600000,0.600000,-0.600000,-0.600000,0.600000,-0.600000,-0.600000,-0.600000,-0.600000,0.600000,0.600000,-0.600000,0.999055,-0.600000,0.600000,-0.600000,-0.600000,-0.635443,-0.600000,-0.600000,0.600000
56,0.600000,-0.600000,-0.600000,1.000000,-0.600000,-0.999162,-0.600000,0.600000,0.600000,0.600000,0.600000,-0.600000,-0.600000,-0.600000,-0.600000,-0.600000,0.600000,-0.600000,-0.600000,-0.600000,0.557380,0.600000,-0.600000,-0.621416,-0.600000,-0.600000,-0.630792,0.600000,-0.600000,0.600000,0.600000,-0.600000,0.600000,-0.600000,-0.600000,-0.600000,0.600000,-0.600000,-0.600000,0.716323,-0.600000,-0.600000,0.559845,-0.600000,-0.600000,-0.600000,-0.600000,0.589158,-0.600000,-0.621416,-0.600000,-0.600000,0.600000,-0.600000,-0.600000,0.600000,-0.600000,-0.600000,-0.600000,-0.600000,0.600000,0.600000,-0.600000,0.999162,-0.600000,0.600000,-0.600000,-0.600000,-0.635443,-0.600000,-0.600000,0.600000
57,0.600000,-0.600000,-0.600000,1.000000,-0.600000,-0.999257,-0.600000,0.600000,0.600000,0.600000,0.600000,-0.600000,-0.600000,-0.600000,-0.600000,-0.600000,0.600000,-0.600000,-0.600000,-0.600000,0.557380,0.600000,-0.600000,-0.621416,-0.600000,-0.600000,-0.630792,0.600000,-0.600000,0.600000,0.600000,-0.600000,0.600000,-0.600000,-0.600000,-0.600000,0.600000,-0.600000,-0.600000,0.716323,-0.600000,-0.600000,0.559845,-0.600000,-0.600000,-0.600000,-0.600000,0.589158,-0.600000,-0.621416,-0.600000,-0.600000,0.600000,-0.600000,-0.600000,0.600000,-0.600000,-0.600000,-0.600000,-0.600000,0.600000,0.600000,-0.600000,0.999257,-0.600000,0.600000,-0.600000,-0.600000,-0.635443,-0.600000,-0.600000,0.600000
58,0.600000,-0.600000,-0.600000,1.000000,-0.600000,-0.999342,-0.600000,0.600000,0.600000,0.600000,0.600000,-0.600000,-0.600000,-0.600000,-0.600000,-0.600000,0.600000,-0.600000,-0.600000,-0.600000,0.557380,0.600000,-0.600000,-0.621416,-0.600000,-0.600000,-0.630792,0.600000,-0.600000,0.600000,0.600000,-0.600000,0.600000,-0.600000,-0.600000,-0.600000,0.600000,-0.600000,-0.600000,0.716323,-0.600000,-0.600000,0.559845,-0.600000,-0.600000,-0.600000,-0.600000,0.589158,-0.600000,-0.621416,-0.600000,-0.600000,0.600000,-0.600000,-0.600000,0.600000,-0.600000,-0.600000,-0.600000,-0.600000,0.600000,0.600000,-0.600000,0.999342,-0.600000,0.600000,-0.600000,-0.600000,-0.635443,-0.600000,-0.600000,0.600000
59,0.600000,-0.600000,-0.600000,1.000000,-0.600000,-0.999416,-0.600000,0.600000,0.600000,0.600000,0.600000,-0.600000,-0.600000,-0.600000,-0.600000,-0.600000,0.600000,-0.600000,-0.600000,-0.600000,0.557380,0.600000,-0.600000,-0.621416,-0.600000,-0.600000,-0.630792,0.600000,-0.600000,0.600000,0.600000,-0.600000,0.600000,-0.600000,-0.600000,-0.600000,0.600000,-0.600000,-0.600000,0.716323,-0.600000,-0.600000,0.559845,-0.600000,-0.600000,-0.600000,-0.600000,0.589158,-0.600000,-0.621416,-0.600000,-0.600000,0.600000,-0.600000,-0.600000,0.600000,-0.600000,-0.600000,-0.600000,-0.600000,0.600000,0.600000,-0.600000,0.999416,-0.600000,0.600000,-0.600000,-0.600000,-0.635443,-0.600000,-0.600000,0.600000
60,0.600000,-0.600000,-0.600000,1.000000,-0.600000,-0.999483,-0.600000,0.600000,0.600000,0.600000,0.600000,-0.600000,-0.600000,-0.600000,-0.600000,-0.600000,0.600000,-0.600000,-0.600000,-0.600000,0.557380,0.600000,-0.600000,-0.621416,-0.600000,-0.600000,-0.630792,0.600000,-0.600000,0.600000,0.600000,-0.600000,0.600000,-0.600000,-0.600000,-0.600000,0.600000,-0.600000,-0.600000,0.716323,-0.600000,-0.600000,0.559845,-0.600000,-0.600000,-0.600000,-0.600000,0.589158,-0.600000,-0.621416,-0.600000,-0.600000,0.600000,-0.600000,-0.600000,0.600000,-0.600000,-0.600000,-0.600000,-0.600000,0.600000,0.600000,-0.600000,0.999483,-0.600000,0.600000,-0.600000,-0.600000,-0.635443,-0.600000,-0.600000,0.600000
61,0.600000,-0.600000,-0.600000,1.000000,-0.600000,-0.999541,-0.600000,0.600000,0.600000,0.600000,0.600000,-0.600000,-0.600000,-0.600000,-0.600000,-0.600000,0.600000,-0.600000,-0.600000,-0.600000,0.557380,0.600000,-0.600000,-0.621416,-0.600000,-0.600000,-0.630792,0.600000,-0.600000,0.600000,0.600000,-0.600000,0.600000,-0.600000,-0.600000,-0.600000,0.600000,-0.600000,-0.600000,0.716323,-0.600000,-0.600000,0.559845,-0.600000,-0.600000,-0.600000,-0.600000,0.589158,-0.600000,-0.621416,-0.600000,-0.600000,0.600000,-0.600000,-0.600000,0.600000,-0.600000,-0.600000,-0.600000,-0.600000,0.600000,0.600000,-0.600000,0.999541,-0.600000,0.600000,-0.600000,-0.600000,-0.635443,-0.600000,-0.600000,0.600000
62,0.600000,-0.600000,-0.600000,1.000000,-0.600000,-0.999593,-0.600000,0.600000,0.600000,0.600000,0.600000,-0.600000,-0.600000,-0.600000,-0.600000,-0.600000,0.600000,-0.600000,-0.600000,-0.600000,0.557380,0.600000,-0.600000,-0.621416,-0.600000,-0.600000,-0.630792,0.600000,-0.600000,0.600000,0.600000,-0.600000,0.600000,-0.600000,-0.600000,-0.600000,0.600000,-0.600000,-0.600000,0.716323,-0.600000,-0.600000,0.559845,-0.600000,-0.600000,-0.600000,-0.600000,0.589158,-0.600000,-0.621416,-0.600000,-0.600000,0.600000,-0.600000,-0.600000,0.600000,-0.600000,-0.600000,-0.600000,-0.600000,0.600000,0.600000,-0.600000,0.999593,-0.600000,0.600000,-0.600000,-0.600000,-0.635443,-0.600000,-0.600000,0.600000
63,0.600000,-0.600000,-0.600000,1.000000,-0.600000,-0.999640,-0.600000,0.600000,0.600000,0.600000,0.600000,-0.600000,-0.600000,-0.600000,-0.600000,-0.600000,0.600000,-0.600000,-0.600000,-0.600000,0.557380,0.600000,-0.600000,-0.621416,-0.600000,-0.600000,-0.630792,0.600000,-0.600000,0.600000,0.600000,-0.600000,0.600000,-0.600000,-0.600000,-0.600000,0.600000,-0.600000,-0.600000,0.716323,-0.600000,-0.600000,0.559845,-0.600000,-0.600000,-0.600000,-0.600000,0.589158,-0.600000,-0.621416,-0.600000,-0.600000,0.600000,-0.600000,-0.600000,0.600000,-0.600000,-0.600000,-0.600000,-0.600000,0.600000,0.600000,-0.600000,0.999640,-0.600000,0.600000,-0.600000,-0.600000,-0.635443,-0.600000,-0.600000,0.600000
64,0.600000,-0.600000,-0.600000,1.000000,-0.600000,-0.999681,-0.600000,0.600000,0.600000,0.600000,0.600000,-0.600000,-0.600000,-0.600000,-0.600000,-0.600000,0.600000,-0.600000,-0.600000,-0.600000,0.557380,0.600000,-0.600000,-0.621416,-0.600000,-0.600000,-0.630792,0.600000,-0.600000,0.600000,0.600000,-0.600000,0.600000,-0.600000,-0.600000,-0.600000,0.600000,-0.600000,-0.600000,0.716323,-0.600000,-0.600000,0.559845,-0.600000,-0.600000,-0.600000,-0.600000,0.589158,-0.600000,-0.621416,-0.600000,-0.600000,0.600000,-0.600000,-0.600000,0.600000,-0.600000,-0.600000,-0.600000,-0.600000,0.600000,0.600000,-0.600000,0.999681,-0.600000,0.600000,-0.600000,-0.600000,-0.635443,-0.600000,-0.600000,0.600000
65,0.600000,-0.600000,-0.600000,1.000000,-0.600000,-0.999717,-0.600000,0.600000,0.600000,0.600000,0.600000,-0.600000,-0.600000,-0.600000,-0.600000,-0.600000,0.600000,-0.600000,-0.600000,-0.600000,0.557380,0.600000,-0.600000,-0.621416,-0.600000,-0.600000,-0.630792,0.600000,-0.600000,0.600000,0.600000,-0.600000,0.600000,-0.600000,-0.600000,-0.600000,0.600000,-0.600000,-0.600000,0.716323,-0.600000,-0.600000,0.559845,-0.600000,-0.600000,-0.600000,-0.600000,0.589158,-0.600000,-0.621416,-0.600000,-0.600000,0.600000,-0.600000,-0.600000,0.600000,-0.600000,-0.600000,-0.600000,-0.600000,0.600000,0.600000,-0.600000,0.999717,-0.600000,0.600000,-0.600000,-0.600000,-0.635443,-0.600000,-0.600000,0.600000
66,0.600000,-0.600000,-0.600000,1.000000,-0.600000,-0.999749,-0.600000,0.600000,0.600000,0.600000,0.600000,-0.600000,-0.600000,-0.600000,-0.600000,-0.600000,0.600000,-0.600000,-0.600000,-0.600000,0.557380,0.600000,-0.600000,-0.621416,-0.600000,-0.600000,-0.630792,0.600000,-0.600000,0.600000,0.600000,-0.600000,0.600000,-0.600000,-0.600000,-0.600000,0.600000,-0.600000,-0.600000,0.716323,-0.600000,-0.600000,0.559845,-0.600000,-0.600000,-0.600000,-0.600000,0.589158,-0.600000,-0.621416,-0.600000,-0.600000,0.600000,-0.600000,-0.600000,0.600000,-0.600000,-0.600000,-0.600000,-0.600000,0.600000,0.600000,-0.600000,0.999749,-0.600000,0.600000,-0.600000,-0.600000,-0.635443,-0.600000,-0.600000,0.600000
67,0.600000,-0.600000,-0.600000,1.000000,-0.600000,-0.999778,-0.600000,0.600000,0.600000,0.600000,0.600000,-0.600000,-0.600000,-0.600000,-0.600000,-0.600000,0.600000,-0.600000,-0.600000,-0.600000,0.557380,0.600000,-0.600000,-0.621416,-0.600000,-0.600000,-0.630792,0.600000,-0.600000,0.600000,0.600000,-0.600000,0.600000,-0.600000,-0.600000,-0.600000,0.600000,-0.600000,-0.600000,0.716323,-0.600000,-0.600000,0.559845,-0.600000,-0.600000,-0.600000,-0.600000,0.589158,-0.600000,-0.621416,-0.600000,-0.600000,0.600000,-0.600000,-0.600000,0.600000,-0.600000,-0.600000,-0.600000,-0.600000,0.600000,0.600000,-0.600000,0.999778,-0.600000,0.600000,-0.600000,-0.600000,-0.635443,-0.600000,-0.600000,0.600000
68,0.600000,-0.600000,-0.600000,1.000000,-0.600000,-0.999803,-0.600000,0.600000,0.600000,0.600000,0.600000,-0.600000,-0.600000,-0.600000,-0.600000,-0.600000,0.600000,-0.600000,-0.600000,-0.600000,0.557380,0.600000,-0.600000,-0.621416,-0.600000,-0.600000,-0.630792,0.600000,-0.600000,0.600000,0.600000,-0.600000,0.600000,-0.600000,-0.600000,-0.600000,0.600000,-0.600000,-0.600000,0.716323,-0.600000,-0.600000,0.559845,-0.600000,-0.600000,-0.600000,-0.600000,0.589158,-0.600000,-0.621416,-0.600000,-0.600000,0.600000,-0.600000,-0.600000,0.600000,-0.600000,-0.600000,-0.600000,-0.600000,0.600000,0.600000,-0.600000,0.999803,-0.600000,0.600000,-0.600000,-0.600000,-0.635443,-0.600000,-0.600000,0.600000
69,0.600000,-0.600000,-0.600000,1.000000,-0.600000,-0.999825,-0.600000,0.600000,0.600000,0.600000,0.600000,-0.600000,-0.600000,-0.600000,-0.600000,-0.600000,0.600000,-0.600000,-0.600000,-0.600000,0.557380,0.600000,-0.600000,-0.621416,-0.600000,-0.600000,-0.630792,0.600000,-0.600000,0.600000,0.600000,-0.600000,0.600000,-0.600000,-0.600000,-0.600000,0.600000,-0.600000,-0.600000,0.716323,-0.600000,-0.600000,0.559845,-0.600000,-0.600000,-0.600000,-0.600000,0.589158,-0.600000,-0.621416,-0.600000,-0.600000,0.600000,-0.600000,-0.600000,0.600000,-0.600000,-0.600000,-0.600000,-0.600000,0.600000,0.600000,-0.600000,0.999825,-0.600000,0.600000,-0.600000,-0.600000,-0.635443,-0.600000,-0.600000,0.600000
70,0.600000,-0.600000,-0.600000,1.000000,-0.600000,-0.999845,-0.600000,0.600000,0.600000,0.600000,0.600000,-0.600000,-0.600000,-0.600000,-0.600000,-0.600000,0.600000,-0.600000,-0.600000,-0.600000,0.557380,0.600000,-0.600000,-0.621416,-0.600000,-0.600000,-0.630792,0.600000,-0.600000,0.600000,0.600000,-0.600000,0.600000,-0.600000,-0.600000,-0.600000,0.600000,-0.600000,-0.600000,0.716323,-0.600000,-0.600000,0.559845,-0.600000,-0.600000,-0.600000,-0.600000,0.589158,-0.600000,-0.621416,-0.600000,-0.600000,0.600000,-0.600000,-0.600000,0.600000,-0.600000,-0.600000,-0.600000,-0.600000,0.600000,0.600000,-0.600000,0.999845,-0.600000,0.600000,-0.600000,-0.600000,-0.635443,-0.600000,-0.600000,0.600000
71,0.600000,-0.600000,-0.600000,1.000000,-0.600000,-0.999863,-0.600000,0.600000,0.600000,0.600000,0.600000,-0.600000,-0.600000,-0.600000,-0.600000,-0.600000,0.600000,-0.600000,-0.600000,-0.600000,0.557380,0.600000,-0.600000,-0.621416,-0.600000,-0.600000,-0.630792,0.600000,-0.600000,0.600000,0.600000,-0.600000,0.600000,-0.600000,-0.600000,-0.600000,0.600000,-0.600000,-0.600000,0.716323,-0.600000,-0.600000,0.559845,-0.600000,-0.600000,-0.600000,-0.600000,0.589158,-0.600000,-0.621416,-0.600000,-0.600000,0.600000,-0.600000,-0.600000,0.600000,-0.600000,-0.600000,-0.600000,-0.600000,0.600000,0.600000,-0.600000,0.999863,-0.600000,0.600000,-0.600000,-0.600000,-0.635443,-0.600000,-0.600000,0.600000
72,0.600000,-0.600000,-0.600000,1.000000,-0.600000,-0.999878,-0.600000,0.600000,0.600000,0.600000,0.600000,-0.600000,-0.600000,-0.600000,-0.600000,-0.600000,0.600000,-0.600000,-0.600000,-0.600000,0.557380,0.600000,-0.600000,-0.621416,-0.600000,-0.600000,-0.630792,0.600000,-0.600000,0.600000,0.600000,-0.600000,0.600000,-0.600000,-0.600000,-0.600000,0.600000,-0.600000,-0.600000,0.716323,-0.600000,-0.600000,0.559845,-0.600000,-0.600000,-0.600000,-0.600000,0.589158,-0.600000,-0.621416,-0.600000,-0.600000,0.600000,-0.600000,-0.600000,0.600000,-0.600000,-0.600000,-0.600000,-0.600000,0.600000,0.600000,-0.600000,0.999878,-0.600000,0.600000,-0.600000,-0.600000,-0.635443,-0.600000,-0.600000,0.600000
73,0.600000,-0.600000,-0.600000,1.000000,-0.600000,-0.999892,-0.600000,0.600000,0.600000,0.600000,0.600000,-0.600000,-0.600000,-0.600000,-0.600000,-0.600000,0.600000,-0.600000,-0.600000,-0.600000,0.557380,0.600000,-0.600000,-0.621416,-0.600000,-0.600000,-0.630792,0.600000,-0.600000,0.600000,0.600000,-0.600000,0.600000,-0.600000,-0.600000,-0.600000,0.600000,-0.600000,-0.600000,0.716323,-0.600000,-0.600000,0.559845,-0.600000,-0.600000,-0.600000,-0.600000,0.589158,-0.600000,-0.621416,-0.600000,-0.600000,0.600000,-0.600000,-0.600000,0.600000,-0.600000,-0.600000,-0.600000,-0.600000,0.600000,0.600000,-0.600000,0.999892,-0.600000,0.600000,-0.600000,-0.600000,-0.635443,-0.600000,-0.600000,0.600000
74,0.600000,-0.600000,-0.600000,1.000000,-0.600000,-0.999904,-0.600000,0.600000,0.600000,0.600000,0.600000,-0.600000,-0.600000,-0.600000,-0.600000,-0.600000,0.600000,-0.600000,-0.600000,-0.600000,0.557380,0.600000,-0.600000,-0.621416,-0.600000,-0.600000,-0.630792,0.600000,-0.600000,0.600000,0.600000,-0.600000,0.600000,-0.600000,-0.600000,-0.600000,0.600000,-0.600000,-0.600000,0.716323,-0.600000,-0.600000,0.559845,-0.600000,-0.600000,-0.600000,-0.600000,0.589158,-0.600000,-0.621416,-0.600000,-0.600000,0.600000,-0.600000,-0.600000,0.600000,-0.600000,-0.600000,-0.600000,-0.600000,0.600000,0.600000,-0.600000,0.999904,-0.600000,0.600000,-0.600000,-0.600000,-0.635443,-0.600000,-0.600000,0.600000
75,0.600000,-0.600000,-0.600000,1.000000,-0.600000,-0.999915,-0.600000,0.600000,0.600000,0.600000,0.600000,-0.600000,-0.600000,-0.600000,-0.600000,-0.600000,0.600000,-0.600000,-0.600000,-0.600000,0.557380,0.600000,-0.600000,-0.621416,-0.600000,-0.600000,-0.630792,0.600000,-0.600000,0.600000,0.600000,-0.600000,0.600000,-0.600000,-0.600000,-0.600000,0.600000,-0.600000,-0.600000,0.716323,-0.600000,-0.600000,0.559845,-0.600000,-0.600000,-0.600000,-0.600000,0.589158,-0.600000,-0.621416,-0.600000,-0.600000,0.600000,-0.600000,-0.600000,0.600000,-0.600000,-0.600000,-0.600000,-0.600000,0.600000,0.600000,-0.600000,0.999915,-0.600000,0.600000,-0.600000,-0.600000,-0.635443,-0.600000,-0.600000,0.600000
76,0.600000,-0.600000,-0.600000,1.000000,-0.600000,-0.999925,-0.600000,0.600000,0.600000,0.600000,0.600000,-0.600000,-0.600000,-0.600000,-0.600000,-0.600000,0.600000,-0.600000,-0.600000,-0.600000,0.557380,0.600000,-0.600000,-0.621416,-0.600000,-0.600000,-0.630792,0.600000,-0.600000,0.600000,0.600000,-0.600000,0.600000,-0.600000,-0.600000,-0.600000,0.600000,-0.600000,-0.600000,0.716323,-0.600000,-0.600000,0.559845,-0.600000,-0.600000,-0.600000,-0.600000,0.589158,-0.600000,-0.621416,-0.600000,-0.600000,0.600000,-0.600000,-0.600000,0.600000,-0.600000,-0.600000,-0.600000,-0.600000,0.600000,0.600000,-0.600000,0.999925,-0.600000,0.600000,-0.600000,-0.600000,-0.635443,-0.600000,-0.600000,0.600000
77,0.600000,-0.600000,-0.600000,1.000000,-0.600000,-0.999933,-0.600000,0.600000,0.600000,0.600000,0.600000,-0.600000,-0.600000,-0.600000,-0.600000,-0.600000,0.600000,-0.600000,-0.600000,-0.600000,0.557380,0.600000,-0.600000,-0.621416,-0.600000,-0.600000,-0.630792,0.600000,-0.600000,0.600000,0.600000,-0.600000,0.600000,-0.600000,-0.600000,-0.600000,0.600000,-0.600000,-0.600000,0.716323,-0.600000,-0.600000,0.559845,-0.600000,-0.600000,-0.600000,-0.600000,0.589158,-0.600000,-0.621416,-0.600000,-0.600000,0.600000,-0.600000,-0.600000,0.600000,-0.600000,-0.600000,-0.600000,-0.600000,0.600000,0.600000,-0.600000,0.999933,-0.600000,0.600000,-0.600000,-0.600000,-0.635443,-0.600000,-0.600000,0.600000
78,0.600000,-0.600000,-0.600000,1.000000,-0.600000,-0.999941,-0.600000,0.600000,0.600000,0.600000,0.600000,-0.600000,-0.600000,-0.600000,-0.600000,-0.600000,0.600000,-0.600000,-0.600000,-0.600000,0.557380,0.600000,-0.600000,-0.621416,-0.600000,-0.600000,-0.630792,0.600000,-0.600000,0.600000,0.600000,-0.600000,0.600000,-0.600000,-0.600000,-0.600000,0.600000,-0.600000,-0.600000,0.716323,-0.600000,-0.600000,0.559845,-0.600000,-0.600000,-0.600000,-0.600000,0.589158,-0.600000,-0.621416,-0.600000,-0.600000,0.600000,-0.600000,-0.600000,0.600000,-0.600000,-0.600000,-0.600000,-0.600000,0.600000,0.600000,-0.600000,0.999941,-0.600000,0.600000,-0.600000,-0.600000,-0.635443,-0.600000,-0.600000,0.600000
79,0.600000,-0.600000,-0.600000,1.000000,-0.600000,-0.999948,-0.600000,0.600000,0.600000,0.600000,0.600000,-0.600000,-0.600000,-0.600000,-0.600000,-0.600000,0.600000,-0.600000,-0.600000,-0.600000,0.557380,0.600000,-0.600000,-0.621416,-0.600000,-0.600000,-0.630792,0.600000,-0.600000,0.600000,0.600000,-0.600000,0.600000,-0.600000,-0.600000,-0.600000,0.600000,-0.600000,-0.600000,0.716323,-0.600000,-0.600000,0.559845,-0.600000,-0.600000,-0.600000,-0.600000,0.589158,-0.600000,-0.621416,-0.600000,-0.600000,0.600000,-0.600000,-0.600000,0.600000,-0.600000,-0.600000,-0.600000,-0.600000,0.600000,0.600000,-0.600000,0.999948,-0.600000,0.600000,-0.600000,-0.600000,-0.635443,-0.600000,-0.600000,0.600000
80,0.600000,-0.600000,-0.600000,1.000000,-0.600000,-0.999954,-0.600000,0.600000,0.600000,0.600000,0.600000,-0.600000,-0.600000,-0.600000,-0.600000,-0.600000,0.600000,-0.600000,-0.600000,-0.600000,0.557380,0.600000,-0.600000,-0.621416,-0.600000,-0.600000,-0.630792,0.600000,-0.600000,0.600000,0.600000,-0.600000,0.600000,-0.600000,-0.600000,-0.600000,0.600000,-0.600000,-0.600000,0.716323,-0.600000,-0.600000,0.559845,-0.600000,-0.600000,-0.600000,-0.600000,0.589158,-0.600000,-0.621416,-0.600000,-0.600000,0.600000,-0.600000,-0.600000,0.600000,-0.600000,-0.600000,-0.600000,-0.600000,0.600000,0.600000,-0.600000,0.999954,-0.600000,0.600000,-0.600000,-0.600000,-0.635443,-0.600000,-0.600000,0.600000
81,0.600000,-0.600000,-0.600000,1.000000,-0.600000,-0.999959,-0.600000,0.600000,0.600000,0.600000,0.600000,-0.600000,-0.600000,-0.600000,-0.600000,-0.600000,0.600000,-0.600000,-0.600000,-0.600000,0.557380,0.600000,-0.600000,-0.621416,-0.600000,-0.600000,-0.630792,0.600000,-0.600000,0.600000,0.600000,-0.600000,0.600000,-0.600000,-0.600000,-0.600000,0.600000,-0.600000,-0.600000,0.716323,-0.600000,-0.600000,0.559845,-0.600000,-0.600000,-0.600000,-0.600000,0.589158,-0.600000,-0.621416,-0.600000,-0.600000,0.600000,-0.600000,-0.600000,0.600000,-0.600000,-0.600000,-0.600000,-0.600000,0.600000,0.600000,-0.600000,0.999959,-0.600000,0.600000,-0.600000,-0.600000,-0.635443,-0.600000,-0.600000,0.600000
82,0.600000,-0.600000,-0.600000,1.000000,-0.600000,-0.999964,-0.600000,0.600000,0.600000,0.600000,0.600000,-0.600000,-0.600000,-0.600000,-0.600000,-0.600000,0.600000,-0.600000,-0.600000,-0.600000,0.557380,0.600000,-0.600000,-0.621416,-0.600000,-0.600000,-0.630792,0.600000,-0.600000,0.600000,0.600000,-0.600000,0.600000,-0.600000,-0.600000,-0.600000,0.600000,-0.600000,-0.600000,0.716323,-0.600000,-0.600000,0.559845,-0.600000,-0.600000,-0.600000,-0.600000,0.589158,-0.600000,-0.621416,-0.600000,-0.600000,0.600000,-0.600000,-0.600000,0.600000,-0.600000,-0.600000,-0.600000,-0.600000,0.600000,0.600000,-0.600000,0.999964,-0.600000,0.600000,-0.600000,-0.600000,-0.635443,-0.600000,-0.600000,0.600000
83,0.600000,-0.600000,-0.600000,1.000000,-0.600000,-0.999968,-0.600000,0.600000,0.600000,0.600000,0.600000,-0.600000,-0.600000,-0.600000,-0.600000,-0.600000,0.600000,-0.600000,-0.600000,-0.600000,0.557380,0.600000,-0.600000,-0.621416,-0.600000,-0.600000,-0.630792,0.600000,-0.600000,0.600000,0.600000,-0.600000,0.600000,-0.600000,-0.600000,-0.600000,0.600000,-0.600000,-0.600000,0.716323,-0.600000,-0.600000,0.559845,-0.600000,-0.600000,-0.600000,-0.600000,0.589158,-0.600000,-0.621416,-0.600000,-0.600000,0.600000,-0.600000,-0.600000,0.600000,-0.600000,-0.600000,-0.600000,-0.600000,0.600000,0.600000,-0.600000,0.999968,-0.600000,0.600000,-0.600000,-0.600000,-0.635443,-0.600000,-0.600000,0.600000
84,0.600000,-0.600000,-0.600000,1.000000,-0.600000,-0.999971,-0.600000,0.600000,0.600000,0.600000,0.600000,-0.600000,-0.600000,-0.600000,-0.600000,-0.600000,0.600000,-0.600000,-0.600000,-0.600000,0.557380,0.600000,-0.600000,-0.621416,-0.600000,-0.600000,-0.630792,0.600000,-0.600000,0.600000,0.600000,-0.600000,0.600000,-0.600000,-0.600000,-0.600000,0.600000,-0.600000,-0.600000,0.716323,-0.600000,-0.600000,0.559845,-0.600000,-0.600000,-0.600000,-0.600000,0.589158,-0.600000,-0.621416,-0.600000,-0.600000,0.600000,-0.600000,-0.600000,0.600000,-0.600000,-0.600000,-0.600000,-0.600000,0.600000,0.600000,-0.600000,0.999971,-0.600000,0.600000,-0.600000,-0.600000,-0.635443,-0.600000,-0.600000,0.600000
85,0.600000,-0.600000,-0.600000,1.000000,-0.600000,-0.999975,-0.600000,0.600000,0.600000,0.600000,0.600000,-0.600000,-0.600000,-0.600000,-0.600000,-0.600000,0.600000,-0.600000,-0.600000,-0.600000,0.557380,0.600000,-0.600000,-0.621416,-0.600000,-0.600000,-0.630792,0.600000,-0.600000,0.600000,0.600000,-0.600000,0.600000,-0.600000,-0.600000,-0.600000,0.600000,-0.600000,-0.600000,0.716323,-0.600000,-0.600000,0.559845,-0.600000,-0.600000,-0.600000,-0.600000,0.589158,-0.600000,-0.621416,-0.600000,-0.600000,0.600000,-0.600000,-0.600000,0.600000,-0.600000,-0.600000,-0.600000,-0.600000,0.600000,0.600000,-0.600000,0.999975,-0.600000,0.600000,-0.600000,-0.600000,-0.635443,-0.600000,-0.600000,0.600000
86,0.600000,-0.600000,-0.600000,1.000000,-0.600000,-0.999977,-0.600000,0.600000,0.600000,0.600000,0.600000,-0.600000,-0.600000,-0.600000,-0.600000,-0.600000,0.600000,-0.600000,-0.600000,-0.600000,0.557380,0.600000,-0.600000,-0.621416,-0.600000,-0.600000,-0.630792,0.600000,-0.600000,0.600000,0.600000,-0.600000,0.600000,-0.600000,-0.600000,-0.600000,0.600000,-0.600000,-0.600000,0.716323,-0.600000,-0.600000,0.559845,-0.600000,-0.600000,-0.600000,-0.600000,0.589158,-0.600000,-0.621416,-0.600000,-0.600000,0.600000,-0.600000,-0.600000,0.600000,-0.600000,-0.600000,-0.600000,-0.600000,0.600000,0.600000,-0.600000,0.999977,-0.600000,0.600000,-0.600000,-0.600000,-0.635443,-0.600000,-0.600000,0.600000
87,0.600000,-0.600000,-0.600000,1.000000,-0.600000,-0.999980,-0.600000,0.600000,0.600000,0.600000,0.600000,-0.600000,-0.600000,-0.600000,-0.600000,-0.600000,0.600000,-0.600000,-0.600000,-0.600000,0.557380,0.600000,-0.600000,-0.621416,-0.600000,-0.600000,-0.630792,0.600000,-0.600000,0.600000,0.600000,-0.600000,0.600000,-0.600000,-0.600000,-0.600000,0.600000,-0.600000,-0.600000,0.716323,-0.600000,-0.600000,0.559845,-0.600000,-0.600000,-0.600000,-0.600000,0.589158,-0.600000,-0.621416,-0.600000,-0.600000,0.600000,-0.600000,-0.600000,0.600000,-0.600000,-0.600000,-0.600000,-0.600000,0.600000,0.600000,-0.600000,0.999980,-0.600000,0.600000,-0.600000,-0.600000,-0.635443,-0.600000,-0.600000,0.600000
88,0.600000,-0.600000,-0.600000,1.000000,-0.600000,-0.999982,-0.600000,0.600000,0.600000,0.600000,0.600000,-0.600000,-0.600000,-0.600000,-0.600000,-0.600000,0.600000,-0.600000,-0.600000,-0.600000,0.557380,0.600000,-0.600000,-0.621416,-0.600000,-0.600000,-0.630792,0.600000,-0.600000,0.600000,0.600000,-0.600000,0.600000,-0.600000,-0.600000,-0.600000,0.600000,-0.600000,-0.600000,0.716323,-0.600000,-0.600000,0.559845,-0.600000,-0.600000,-0.600000,-0.600000,0.589158,-0.600000,-0.621416,-0.600000,-0.600000,0.600000,-0.600000,-0.600000,0.600000,-0.600000,-0.600000,-0.600000,-0.600000,0.600000,0.600000,-0.600000,0.999982,-0.600000,0.600000,-0.600000,-0.600000,-0.635443,-0.600000,-0.600000,0.600000
89,0.600000,-0.600000,-0.600000,1.000000,-0.600000,-0.999984,-0.600000,0.600000,0.600000,0.600000,0.600000,-0.600000,-0.600000,-0.600000,-0.600000,-0.600000,0.600000,-0.600000,-0.600000,-0.600000,0.557380,0.600000,-0.600000,-0.621416,-0.600000,-0.600000,-0.630792,0.600000,-0.600000,0.600000,0.600000,-0.600000,0.600000,-0.600000,-0.600000,-0.600000,0.600000,-0.600000,-0.600000,0.716323,-0.600000,-0.600000,0.559845,-0.600000,-0.600000,-0.600000,-0.600000,0.589158,-0.600000,-0.621416,-0.600000,-0.600000,0.600000,-0.600000,-0.600000,0.600000,-0.600000,-0.600000,-0.600000,-0.600000,0.600000,0.600000,-0.600000,0.999984,-0.600000,0.600000,-0.600000,-0.600000,-0.635443,-0.600000,-0.600000,0.600000
90,0.600000,-0.600000,-0.600000,1.000000,-0.600000,-0.999986,-0.600000,0.600000,0.600000,0.600000,0.600000,-0.600000,-0.600000,-0.600000,-0.600000,-0.600000,0.600000,-0.600000,-0.600000,-0.600000,0.557380,0.600000,-0.600000,-0.621416,-0.600000,-0.600000,-0.630792,0.600000,-0.600000,0.600000,0.600000,-0.600000,0.600000,-0.600000,-0.600000,-0.600000,0.600000,-0.600000,-0.600000,0.716323,-0.600000,-0.600000,0.559845,-0.600000,-0.600000,-0.600000,-0.600000,0.589158,-0.600000,-0.621416,-0.600000,-0.600000,0.600000,-0.600000,-0.600000,0.600000,-0.600000,-0.600000,-0.600000,-0.600000,0.600000,0.600000,-0.600000,0.999986,-0.600000,0.600000,-0.600000,-0.600000,-0.635443,-0.600000,-0.600000,0.600000
91,0.600000,-0.600000,-0.600000,1.000000,-0.600000,-0.999988,-0.600000,0.600000,0.600000,0.600000,0.600000,-0.600000,-0.600000,-0.600000,-0.600000,-0.600000,0.600000,-0.600000,-0.600000,-0.600000,0.557380,0.600000,-0.600000,-0.621416,-0.600000,-0.600000,-0.630792,0.600000,-0.600000,0.600000,0.600000,-0.600000,0.600000,-0.600000,-0.600000,-0.600000,0.600000,-0.600000,-0.600000,0.716323,-0.600000,-0.600000,0.559845,-0.600000,-0.600000,-0.600000,-0.600000,0.589158,-0.600000,-0.621416,-0.600000,-0.600000,0.600000,-0.600000,-0.600000,0.600000,-0.600000,-0.600000,-0.600000,-0.600000,0.600000,0.600000,-0.600000,0.999988,-0.600000,0.600000,-0.600000,-0.600000,-0.635443,-0.600000,-0.600000,0.600000
92,0.600000,-0.600000,-0.600000,1.000000,-0.600000,-0.999989,-0.600000,0.600000,0.600000,0.600000,0.600000,-0.600000,-0.600000,-0.600000,-0.600000,-0.600000,0.600000,-0.600000,-0.600000,-0.600000,0.557380,0.600000,-0.600000,-0.621416,-0.600000,-0.600000,-0.630792,0.600000,-0.600000,0.600000,0.600000,-0.600000,0.600000,-0.600000,-0.600000,-0.600000,0.600000,-0.600000,-0.600000,0.716323,-0.600000,-0.600000,0.559845,-0.600000,-0.600000,-0.600000,-0.600000,0.589158,-0.600000,-0.621416,-0.600000,-0.600000,0.600000,-0.600000,-0.600000,0.600000,-0.600000,-0.600000,-0.600000,-0.600000,0.600000,0.600000,-0.600000,0.999989,-0.600000,0.600000,-0.600000,-0.600000,-0.635443,-0.600000,-0.600000,0.600000
93,0.600000,-0.600000,-0.600000,1.000000,-0.600000,-0.999990,-0.600000,0.600000,0.600000,0.600000,0.600000,-0.600000,-0.600000,-0.600000,-0.600000,-0.600000,0.600000,-0.600000,-0.600000,-0.600000,0.557380,0.600000,-0.600000,-0.621416,-0.600000,-0.600000,-0.630792,0.600000,-0.600000,0.600000,0.600000,-0.600000,0.600000,-0.600000,-0.600000,-0.600000,0.600000,-0.600000,-0.600000,0.716323,-0.600000,-0.600000,0.559845,-0.600000,-0.600000,-0.600000,-0.600000,0.589158,-0.600000,-0.621416,-0.600000,-0.600000,0.600000,-0.600000,-0.600000,0.600000,-0.600000,-0.600000,-0.600000,-0.600000,0.600000,0.600000,-0.600000,0.999990,-0.600000,0.600000,-0.600000,-0.600000,-0.635443,-0.600000,-0.600000,0.600000
94,0.600000,-0.600000,-0.600000,1.000000,-0.600000,-0.999991,-0.600000,0.600000,0.600000,0.600000,0.600000,-0.600000,-0.600000,-0.600000,-0.600000,-0.600000,0.600000,-0.600000,-0.600000,-0.600000,0.557380,0.600000,-0.600000,-0.621416,-0.600000,-0.600000,-0.630792,0.600000,-0.600000,0.600000,0.600000,-0.600000,0.600000,-0.600000,-0.600000,-0.600000,0.600000,-0.600000,-0.600000,0.716323,-0.600000,-0.600000,0.559845,-0.600000,-0.600000,-0.600000,-0.600000,0.589158,-0.600000,-0.621416,-0.600000,-0.600000,0.600000,-0.600000,-0.600000,0.600000,-0.600000,-0.600000,-0.600000,-0.600000,0.600000,0.600000,-0.600000,0.999991,-0.600000,0.600000,-0.600000,-0.600000,-0.635443,-0.600000,-0.600000,0.600000
95,0.600000,-0.600000,-0.600000,1.000000,-0.600000,-0.999992,-0.600000,0.600000,0.600000,0.600000,0.600000,-0.600000,-0.600000,-0.600000,-0.600000,-0.600000,0.600000,-0.600000,-0.600000,-0.600000,0.557380,0.600000,-0.600000,-0.621416,-0.600000,-0.600000,-0.630792,0.600000,-0.600000,0.600000,0.600000,-0.600000,0.600000,-0.600000,-0.600000,-0.600000,0.600000,-0.600000,-0.600000,0.716323,-0.600000,-0.600000,0.559845,-0.600000,-0.600000,-0.600000,-0.600000,0.589158,-0.600000,-0.621416,-0.600000,-0.600000,0.600000,-0.600000,-0.600000,0.600000,-0.600000,-0.600000,-0.600000,-0.600000,0.600000,0.600000,-0.600000,0.999992,-0.600000,0.600000,-0.600000,-0.600000,-0.635443,-0.600000,-0.600000,0.600000
96,0.600000,-0.600000,-0.600000,1.000000,-0.600000,-0.999993,-0.600000,0.600000,0.600000,0.600000,0.600000,-0.600000,-0.600000,-0.600000,-0.600000,-0.600000,0.600000,-0.600000,-0.600000,-0.600000,0.557380,0.600000,-0.600000,-0.621416,-0.600000,-0.600000,-0.630792,0.600000,-0.600000,0.600000,0.600000,-0.600000,0.600000,-0.600000,-0.600000,-0.600000,0.600000,-0.600000,-0.600000,0.716323,-0.600000,-0.600000,0.559845,-0.600000,-0.600000,-0.600000,-0.600000,0.589158,-0.600000,-0.621416,-0.600000,-0.600000,0.600000,-0.600000,-0.600000,0.600000,-0.600000,-0.600000,-0.600000,-0.600000,0.600000,0.600000,-0.600000,0.999993,-0.600000,0.600000,-0.600000,-0.600000,-0.635443,-0.600000,-0.600000,0.600000
97,0.600000,-0.600000,-0.600000,1.000000,-0.600000,-0.999994,-0.600000,0.600000,0.600000,0.600000,0.600000,-0.600000,-0.600000,-0.600000,-0.600000,-0.600000,0.600000,-0.600000,-0.600000,-0.600000,0.557380,0.600000,-0.600000,-0.621416,-0.600000,-0.600000,-0.630792,0.600000,-0.600000,0.600000,0.600000,-0.600000,0.600000,-0.600000,-0.600000,-0.600000,0.600000,-0.600000,-0.600000,0.716323,-0.600000,-0.600000,0.559845,-0.600000,-0.600000,-0.600000,-0.600000,0.589158,-0.600000,-0.621416,-0.600000,-0.600000,0.600000,-0.600000,-0.600000,0.600000,-0.600000,-0.600000,-0.600000,-0.600000,0.600000,0.600000,-0.600000,0.999994,-0.600000,0.600000,-0.600000,-0.600000,-0.635443,-0.600000,-0.600000,0.600000
98,0.600000,-0.600000,-0.600000,1.000000,-0.600000,-0.999995,-0.600000,0.600000,0.600000,0.600000,0.600000,-0.600000,-0.600000,-0.600000,-0.600000,-0.600000,0.600000,-0.600000,-0.600000,-0.600000,0.557380,0.600000,-0.600000,-0.621416,-0.600000,-0.600000,-0.630792,0.600000,-0.600000,0.600000,0.600000,-0.600000,0.600000,-0.600000,-0.600000,-0.600000,0.600000,-0.600000,-0.600000,0.716323,-0.600000,-0.600000,0.559845,-0.600000,-0.600000,-0.600000,-0.600000,0.589158,-0.600000,-0.621416,-0.600000,-0.600000,0.600000,-0.600000,-0.600000,0.600000,-0.600000,-0.600000,-0.600000,-0.600000,0.600000,0.600000,-0.600000,0.999995,-0.600000,0.600000,-0.600000,-0.600000,-0.635443,-0.600000,-0.600000,0.600000
99,0.600000,-0.600000,-0.600000,1.000000,-0.600000,-0.999995,-0.600000,0.600000,0.600000,0.600000,0.600000,-0.600000,-0.600000,-0.600000,-0.600000,-0.600000,0.600000,-0.600000,-0.600000,-0.600000,0.557380,0.600000,-0.600000,-0.621416,-0.600000,-0.600000,-0.630792,0.600000,-0.600000,0.600000,0.600000,-0.600000,0.600000,-0.600000,-0.600000,-0.600000,0.600000,-0.600000,-0.600000,0.716323,-0.600000,-0.600000,0.559845,-0.600000,-0.600000,-0.600000,-0.600000,0.589158,-0.600000,-0.621416,-0.600000,-0.600000,0.600000,-0.600000,-0.600000,0.600000,-0.600000,-0.600000,-0.600000,-0.600000,0.600000,0.600000,-0.600000,0.999995,-0.600000,0.600000,-0.600000,-0.600000,-0.635443,-0.600000,-0.600000,0.600000
100,0.600000,-0.600000,-0.600000,1.000000,-0.600000,-0.999996,-0.600000,0.600000,0.600000,0.600000,0.600000,-0.600000,-0.600000,-0.600000,-0.600000,-0.600000,0.600000,-0.600000,-0.600000,-0.600000,0.557380,0.600000,-0.600000,-0.621416,-0.600000,-0.600000,-0.630792,0.600000,-0.600000,0.600000,0.600000,-0.600000,0.600000,-0.600000,-0.600000,-0.600000,0.600000,-0.600000,-0.600000,0.716323,-0.600000,-0.600000,0.559845,-0.600000,-0.600000,-0.600000,-0.600000,0.589158,-0.600000,-0.621416,-0.600000,-0.600000,0.600000,-0.600000,-0.600000,0.600000,-0.600000,-0.600000,-0.600000,-0.600000,0.600000,0.600000,-0.600000,0.999996,-0.600000,0.600000,-0.600000,-0.600000,-0.635443,-0.600000,-0.600000,0.600000
101,0.600000,-0.600000,-0.600000,1.000000,-0.600000,-0.999996,-0.600000,0.600000,0.600000,0.600000,0.600000,-0.600000,-0.600000,-0.600000,-0.600000,-0.600000,0.600000,-0.600000,-0.600000,-0.600000,0.557380,0.600000,-0.600000,-0.621416,-0.600000,-0.600000,-0.630792,0.600000,-0.600000,0.600000,0.600000,-0.600000,0.600000,-0.600000,-0.600000,-0.600000,0.600000,-0.600000,-0.600000,0.716323,-0.600000,-0.600000,0.559845,-0.600000,-0.600000,-0.600000,-0.600000,0.589158,-0.600000,-0.621416,-0.600000,-0.600000,0.600000,-0.600000,-0.600000,0.600000,-0.600000,-0.600000,-0.600000,-0.600000,0.600000,0.600000,-0.600000,0.999996,-0.600000,0.600000,-0.600000,-0.600000,-0.635443,-0.600000,-0.600000,0.600000
102,0.600000,-0.600000,-0.600000,1.000000,-0.600000,-0.999997,-0.600000,0.600000,0.600000,0.600000,0.600000,-0.600000,-0.600000,-0.600000,-0.600000,-0.600000,0.600000,-0.600000,-0.600000,-0.600000,0.557380,0.600000,-0.600000,-0.621416,-0.600000,-0.600000,-0.630792,0.600000,-0.600000,0.600000,0.600000,-0.600000,0.600000,-0.600000,-0.600000,-0.600000,0.600000,-0.600000,-0.600000,0.716323,-0.600000,-0.600000,0.559845,-0.600000,-0.600000,-0.600000,-0.600000,0.589158,-0.600000,-0.621416,-0.600000,-0.600000,0.600000,-0.600000,-0.600000,0.600000,-0.600000,-0.600000,-0.600000,-0.600000,0.600000,0.600000,-0.600000,0.999997,-0.600000,0.600000,-0.600000,-0.600000,-0.635443,-0.600000,-0.600000,0.600000
103,0.600000,-0.600000,-0.600000,1.000000,-0.600000,-0.999997,-0.600000,0.600000,0.600000,0.600000,0.600000,-0.600000,-0.600000,-0.600000,-0.600000,-0.600000,0.600000,-0.600000,-0.600000,-0.600000,0.557380,0.600000,-0.600000,-0.621416,-0.600000,-0.600000,-0.630792,0.600000,-0.600000,0.600000,0.600000,-0.600000,0.600000,-0.600000,-0.600000,-0.600000,0.600000,-0.600000,-0.600000,0.716323,-0.600000,-0.600000,0.559845,-0.600000,-0.600000,-0.600000,-0.600000,0.589158,-0.600000,-0.621416,-0.600000,-0.600000,0.600000,-0.600000,-0.600000,0.600000,-0.600000,-0.600000,-0.600000,-0.600000,0.600000,0.600000,-0.600000,0.999997,-0.600000,0.600000,-0.600000,-0.600000,-0.635443,-0.600000,-0.600000,0.600000
104,0.600000,-0.600000,-0.600000,1.000000,-0.600000,-0.999997,-0.600000,0.600000,0.600000,0.600000,0.600000,-0.600000,-0.600000,-0.600000,-0.600000,-0.600000,0.600000,-0.600000,-0.600000,-0.600000,0.557380,0.600000,-0.600000,-0.621416,-0.600000,-0.600000,-0.630792,0.600000,-0.600000,0.600000,0.600000,-0.600000,0.600000,-0.600000,-0.600000,-0.600000,0.600000,-0.600000,-0.600000,0.716323,-0.600000,-0.600000,0.559845,-0.600000,-0.600000,-0.600000,-0.600000,0.589158,-0.600000,-0.621416,-0.600000,-0.600000,0.600000,-0.600000,-0.600000,0.600000,-0.600000,-0.600000,-0.600000,-0.600000,0.600000,0.600000,-0.600000,0.999997,-0.600000,0.600000,-0.600000,-0.600000,-0.635443,-0.600000,-0.600000,0.600000
105,0.600000,-0.600000,-0.600000,1.000000,-0.600000,-0.999998,-0.600000,0.600000,0.600000,0.600000,0.600000,-0.600000,-0.600000,-0.600000,-0.600000,-0.600000,0.600000,-0.600000,-0.600000,-0.600000,0.557380,0.600000,-0.600000,-0.621416,-0.600000,-0.600000,-0.630792,0.600000,-0.600000,0.600000,0.600000,-0.600000,0.600000,-0.600000,-0.600000,-0.600000,0.600000,-0.600000,-0.600000,0.716323,-0.600000,-0.600000,0.559845,-0.600000,-0.600000,-0.600000,-0.600000,0.589158,-0.600000,-0.621416,-0.600000,-0.600000,0.600000,-0.600000,-0.600000,0.600000,-0.600000,-0.600000,-0.600000,-0.600000,0.600000,0.600000,-0.600000,0.999998,-0.600000,0.600000,-0.600000,-0.600000,-0.635443,-0.600000,-0.600000,0.600000
106,0.600000,-0.600000,-0.600000,1.000000,-0.600000,-0.999998,-0.600000,0.600000,0.600000,0.600000,0.600000,-0.600000,-0.600000,-0.600000,-0.600000,-0.600000,0.600000,-0.600000,-0.600000,-0.600000,0.557380,0.600000,-0.600000,-0.621416,-0.600000,-0.600000,-0.630792,0.600000,-0.600000,0.600000,0.600000,-0.600000,0.600000,-0.600000,-0.600000,-0.600000,0.600000,-0.600000,-0.600000,0.716323,-0.600000,-0.600000,0.559845,-0.600000,-0.600000,-0.600000,-0.600000,0.589158,-0.600000,-0.621416,-0.600000,-0.600000,0.600000,-0.600000,-0.600000,0.600000,-0.600000,-0.600000,-0.600000,-0.600000,0.600000,0.600000,-0.600000,0.999998,-0.600000,0.600000,-0.600000,-0.600000,-0.635443,-0.600000,-0.600000,0.600000
107,0.600000,-0.600000,-0.600000,1.000000,-0.600000,-0.999998,-0.600000,0.600000,0.600000,0.600000,0.600000,-0.600000,-0.600000,-0.600000,-0.600000,-0.600000,0.600000,-0.600000,-0.600000,-0.600000,0.557380,0.600000,-0.600000,-0.621416,-0.600000,-0.600000,-0.630792,0.600000,-0.600000,0.600000,0.600000,-0.600000,0.600000,-0.600000,-0.600000,-0.600000,0.600000,-0.600000,-0.600000,0.716323,-0.600000,-0.600000,0.559845,-0.600000,-0.600000,-0.600000,-0.600000,0.589158,-0.600000,-0.621416,-0.600000,-0.600000,0.600000,-0.600000,-0.600000,0.600000,-0.600000,-0.600000,-0.600000,-0.600000,0.600000,0.600000,-0.600000,0.999998,-0.600000,0.600000,-0.600000,-0.600000,-0.635443,-0.600000,-0.600000,0.600000
108,0.600000,-0.600000,-0.600000,1.000000,-0.600000,-0.999998,-0.600000,0.600000,0.600000,0.600000,0.600000,-0.600000,-0.600000,-0.600000,-0.600000,-0.600000,0.600000,-0.600000,-0.600000,-0.600000,0.557380,0.600000,-0.600000,-0.621416,-0.600000,-0.600000,-0.630792,0.600000,-0.600000,0.600000,0.600000,-0.600000,0.600000,-0.600000,-0.600000,-0.600000,0.600000,-0.600000,-0.600000,0.716323,-0.600000,-0.600000,0.559845,-0.600000,-0.600000,-0.600000,-0.600000,0.589158,-0.600000,-0.621416,-0.600000,-0.600000,0.600000,-0.600000,-0.600000,0.600000,-0.600000,-0.600000,-0.600000,-0.600000,0.600000,0.600000,-0.600000,0.999998,-0.600000,0.600000,-0.600000,-0.600000,-0.635443,-0.600000,-0.600000,0.600000
109,0.600000,-0.600000,-0.600000,1.000000,-0.600000,-0.999999,-0.600000,0.600000,0.600000,0.600000,0.600000,-0.600000,-0.600000,-0.600000,-0.600000,-0.600000,0.600000,-0.600000,-0.600000,-0.600000,0.557380,0.600000,-0.600000,-0.621416,-0.600000,-0.600000,-0.630792,0.600000,-0.600000,0.600000,0.600000,-0.600000,0.600000,-0.600000,-0.600000,-0.600000,0.600000,-0.600000,-0.600000,0.716323,-0.600000,-0.600000,0.559845,-0.600000,-0.600000,-0.600000,-0.600000,0.589158,-0.600000,-0.621416,-0.600000,-0.600000,0.600000,-0.600000,-0.600000,0.600000,-0.600000,-0.600000,-0.600000,-0.600000,0.600000,0.600000,-0.600000,0.999999,-0.600000,0.600000,-0.600000,-0.600000,-0.635443,-0.600000,-0.600000,0.600000
110,0.600000,-0.600000,-0.600000,1.000000,-0.600000,-0.999999,-0.600000,0.600000,0.600000,0.600000,0.600000,-0.600000,-0.600000,-0.600000,-0.600000,-0.600000,0.600000,-0.600000,-0.600000,-0.600000,0.557380,0.600000,-0.600000,-0.621416,-0.600000,-0.600000,-0.630792,0.600000,-0.600000,0.600000,0.600000,-0.600000,0.600000,-0.600000,-0.600000,-0.600000,0.600000,-0.600000,-0.600000,0.716323,-0.600000,-0.600000,0.559845,-0.600000,-0.600000,-0.600000,-0.600000,0.589158,-0.600000,-0.621416,-0.600000,-0.600000,0.600000,-0.600000,-0.600000,0.600000,-0.600000,-0.600000,-0.600000,-0.600000,0.600000,0.600000,-0.600000,0.999999,-0.600000,0.600000,-0.600000,-0.600000,-0.635443,-0.600000,-0.600000,0.600000
111,0.600000,-0.600000,-0.600000,1.000000,-0.600000,-0.999999,-0.600000,0.600000,0.600000,0.600000,0.600000,-0.600000,-0.600000,-0.600000,-0.600000,-0.600000,0.600000,-0.600000,-0.600000,-0.600000,0.557380,0.600000,-0.600000,-0.621416,-0.600000,-0.600000,-0.630792,0.600000,-0.600000,0.600000,0.600000,-0.600000,0.600000,-0.600000,-0.600000,-0.600000,0.600000,-0.600000,-0.600000,0.716323,-0.600000,-0.600000,0.559845,-0.600000,-0.600000,-0.600000,-0.600000,0.589158,-0.600000,-0.621416,-0.600000,-0.600000,0.600000,-0.600000,-0.600000,0.600000,-0.600000,-0.600000,-0.600000,-0.600000,0.600000,0.600000,-0.600000,0.999999,-0.600000,0.600000,-0.600000,-0.600000,-0.635443,-0.600000,-0.600000,0.600000
112,0.600000,-0.600000,-0.600000,1.000000,-0.600000,-0.999999,-0.600000,0.600000,0.600000,0.600000,0.600000,-0.600000,-0.600000,-0.600000,-0.600000,-0.600000,0.600000,-0.600000,-0.600000,-0.600000,0.557380,0.600000,-0.600000,-0.621416,-0.600000,-0.600000,-0.630792,0.600000,-0.600000,0.600000,0.600000,-0.600000,0.600000,-0.600000,-0.600000,-0.600000,0.600000,-0.600000,-0.600000,0.716323,-0.600000,-0.600000,0.559845,-0.600000,-0.600000,-0.600000,-0.600000,0.589158,-0.600000,-0.621416,-0.600000,-0.600000,0.600000,-0.600000,-0.600000,0.600000,-0.600000,-0.600000,-0.600000,-0.600000,0.600000,0.600000,-0.600000,0.999999,-0.600000,0.600000,-0.600000,-0.600000,-0.635443,-0.600000,-0.600000,0.600000
113,0.600000,-0.600000,-0.600000,1.000000,-0.600000,-0.999999,-0.600000,0.600000,0.600000,0.600000,0.600000,-0.600000,-0.600000,-0.600000,-0.600000,-0.600000,0.600000,-0.600000,-0.600000,-0.600000,0.557380,0.600000,-0.600000,-0.621416,-0.600000,-0.600000,-0.630792,0.600000,-0.600000,0.600000,0.600000,-0.600000,0.600000,-0.600000,-0.600000,-0.600000,0.600000,-0.600000,-0.600000,0.716323,-0.600000,-0.600000,0.559845,-0.600000,-0.600000,-0.600000,-0.600000,0.589158,-0.600000,-0.621416,-0.600000,-0.600000,0.600000,-0.600000,-0.600000,0.600000,-0.600000,-0.600000,-0.600000,-0.600000,0.600000,0.600000,-0.600000,0.999999,-0.600000,0.600000,-0.600000,-0.600000,-0.635443,-0.600000,-0.600000,0.600000
114,0.600000,-0.600000,-0.600000,1.000000,-0.600000,-0.999999,-0.600000,0.600000,0.600000,0.600000,0.600000,-0.600000,-0.600000,-0.600000,-0.600000,-0.600000,0.600000,-0.600000,-0.600000,-0.600000,0.557380,0.600000,-0.600000,-0.621416,-0.600000,-0.600000,-0.630792,0.600000,-0.600000,0.600000,0.600000,-0.600000,0.600000,-0.600000,-0.600000,-0.600000,0.600000,-0.600000,-0.600000,0.716323,-0.600000,-0.600000,0.559845,-0.600000,-0.600000,-0.600000,-0.600000,0.589158,-0.600000,-0.621416,-0.600000,-0.600000,0.600000,-0.600000,-0.600000,0.600000,-0.600000,-0.600000,-0.600000,-0.600000,0.600000,0.600000,-0.600000,0.999999,-0.600000,0.600000,-0.600000,-0.600000,-0.635443,-0.600000,-0.600000,0.600000
115,0.600000,-0.600000,-0.600000,1.000000,-0.600000,-0.999999,-0.600000,0.600000,0.600000,0.600000,0.600000,-0.600000,-0.600000,-0.600000,-0.600000,-0.600000,0.600000,-0.600000,-0.600000,-0.600000,0.557380,0.600000,-0.600000,-0.621416,-0.600000,-0.600000,-0.630792,0.600000,-0.600000,0.600000,0.600000,-0.600000,0.600000,-0.600000,-0.600000,-0.600000,0.600000,-0.600000,-0.600000,0.716323,-0.600000,-0.600000,0.559845,-0.600000,-0.600000,-0.600000,-0.600000,0.589158,-0.600000,-0.621416,-0.600000,-0.600000,0.600000,-0.600000,-0.600000,0.600000,-0.600000,-0.600000,-0.600000,-0.600000,0.600000,0.600000,-0.600000,0.999999,-0.600000,0.600000,-0.600000,-0.600000,-0.635443,-0.600000,-0.600000,0.600000
116,0.600000,-0.600000,-0.600000,1.000000,-0.600000,-0.999999,-0.600000,0.600000,0.600000,0.600000,0.600000,-0.600000,-0.600000,-0.600000,-0.600000,-0.600000,0.600000,-0.600000,-0.600000,-0.600000,0.557380,0.600000,-0.600000,-0.621416,-0.600000,-0.600000,-0.630792,0.600000,-0.600000,0.600000,0.600000,-0.600000,0.600000,-0.600000,-0.600000,-0.600000,0.600000,-0.600000,-0.600000,0.716323,-0.600000,-0.600000,0.559845,-0.600000,-0.600000,-0.600000,-0.600000,0.589158,-0.600000,-0.621416,-0.600000,-0.600000,0.600000,-0.600000,-0.600000,0.600000,-0.600000,-0.600000,-0.600000,-0.600000,0.600000,0.600000,-0.600000,0.999999,-0.600000,0.600000,-0.600000,-0.600000,-0.635443,-0.600000,-0.600000,0.600000
117,0.600000,-0.600000,-0.600000,1.000000,-0.600000,-0.999999,-0.600000,0.600000,0.600000,0.600000,0.600000,-0.600000,-0.600000,-0.600000,-0.600000,-0.600000,0.600000,-0.600000,-0.600000,-0.600000,0.557380,0.600000,-0.600000,-0.621416,-0.600000,-0.600000,-0.630792,0.600000,-0.600000,0.600000,0.600000,-0.600000,0.600000,-0.600000,-0.600000,-0.600000,0.600000,-0.600000,-0.600000,0.716323,-0.600000,-0.600000,0.559845,-0.600000,-0.600000,-0.600000,-0.600000,0.589158,-0.600000,-0.621416,-0.600000,-0.600000,0.600000,-0.600000,-0.600000,0.600000,-0.600000,-0.600000,-0.600000,-0.600000,0.600000,0.600000,-0.600000,0.999999,-0.600000,0.600000,-0.600000,-0.600000,-0.635443,-0.600000,-0.600000,0.600000
118,0.600000,-0.600000,-0.600000,1.000000,-0.600000,-1.000000,-0.600000,0.600000,0.600000,0.600000,0.600000,-0.600000,-0.600000,-0.600000,-0.600000,-0.600000,0.600000,-0.600000,-0.600000,-0.600000,0.557380,0.600000,-0.600000,-0.621416,-0.600000,-0.600000,-0.630792,0.600000,-0.600000,0.600000,0.600000,-0.600000,0.600000,-0.600000,-0.600000,-0.600000,0.600000,-0.600000,-0.600000,0.716323,-0.600000,-0.600000,0.559845,-0.600000,-0.600000,-0.600000,-0.600000,0.589158,-0.600000,-0.621416,-0.600000,-0.600000,0.600000,-0.600000,-0.600000,0.600000,-0.600000,-0.600000,-0.600000,-0.600000,0.600000,0.600000,-0.600000,1.000000,-0.600000,0.600000,-0.600000,-0.600000,-0.635443,-0.600000,-0.600000,0.600000
119,0.600000,-0.600000,-0.600000,1.000000,-0.600000,-1.000000,-0.600000,0.600000,0.600000,0.600000,0.600000,-0.600000,-0.600000,-0.600000,-0.600000,-0.600000,0.600000,-0.600000,-0.600000,-0.600000,0.557380,0.600000,-0.600000,-0.621416,-0.600000,-0.600000,-0.630792,0.600000,-0.600000,0.600000,0.600000,-0.600000,0.600000,-0.600000,-0.600000,-0.600000,0.600000,-0.600000,-0.600000,0.716323,-0.600000,-0.600000,0.559845,-0.600000,-0.600000,-0.600000,-0.600000,0.589158,-0.600000,-0.621416,-0.600000,-0.600000,0.600000,-0.600000,-0.600000,0.600000,-0.600000,-0.600000,-0.600000,-0.600000,0.600000,0.600000,-0.600000,1.000000,-0.600000,0.600000,-0.600000,-0.600000,-0.635443,-0.600000,-0.600000,0.600000
120,0.600000,-0.600000,-0.600000,1.000000,-0.600000,-1.000000,-0.600000,0.600000,0.600000,0.600000,0.600000,-0.600000,-0.600000,-0.600000,-0.600000,-0.600000,0.600000,-0.600000,-0.600000,-0.600000,0.557380,0.600000,-0.600000,-0.621416,-0.600000,-0.600000,-0.630792,0.600000,-0.600000,0.600000,0.600000,-0.600000,0.600000,-0.600000,-0.600000,-0.600000,0.600000,-0.600000,-0.600000,0.716323,-0.600000,-0.600000,0.559845,-0.600000,-0.600000,-0.600000,-0.600000,0.589158,-0.600000,-0.621416,-0.600000,-0.600000,0.600000,-0.600000,-0.600000,0.600000,-0.600000,-0.600000,-0.600000,-0.600000,0.600000,0.600000,-0.600000,1.000000,-0.600000,0.600000,-0.600000,-0.600000,-0.635443,-0.600000,-0.600000,0.600000
121,0.600000,-0.600000,-0.600000,1.000000,-0.600000,-1.000000,-0.600000,0.600000,0.600000,0.600000,0.600000,-0.600000,-0.600000,-0.600000,-0.600000,-0.600000,0.600000,-0.600000,-0.600000,-0.600000,0.557380,0.600000,-0.600000,-0.621416,-0.600000,-0.600000,-0.630792,0.600000,-0.600000,0.600000,0.600000,-0.600000,0.600000,-0.600000,-0.600000,-0.600000,0.600000,-0.600000,-0.600000,0.716323,-0.600000,-0.600000,0.559845,-0.600000,-0.600000,-0.600000,-0.600000,0.589158,-0.600000,-0.621416,-0.600000,-0.600000,0.600000,-0.600000,-0.600000,0.600000,-0.600000,-0.600000,-0.600000,-0.600000,0.600000,0.600000,-0.600000,1.000000,-0.600000,0.600000,-0.600000,-0.600000,-0.635443,-0.600000,-0.600000,0.600000
122,0.600000,-0.600000,-0.600000,1.000000,-0.600000,-1.000000,-0.600000,0.600000,0.600000,0.600000,0.600000,-0.600000,-0.600000,-0.600000,-0.600000,-0.600000,0.600000,-0.600000,-0.600000,-0.600000,0.557380,0.600000,-0.600000,-0.621416,-0.600000,-0.600000,-0.630792,0.600000,-0.600000,0.600000,0.600000,-0.600000,0.600000,-0.600000,-0.600000,-0.600000,0.600000,-0.600000,-0.600000,0.716323,-0.600000,-0.600000,0.559845,-0.600000,-0.600000,-0.600000,-0.600000,0.589158,-0.600000,-0.621416,-0.600000,-0.600000,0.600000,-0.600000,-0.600000,0.600000,-0.600000,-0.600000,-0.600000,-0.600000,0.600000,0.600000,-0.600000,1.000000,-0.600000,0.600000,-0.600000,-0.600000,-0.635443,-0.600000,-0.600000,0.600000
123,0.600000,-0.600000,-0.600000,1.000000,-0.600000,-1.000000,-0.600000,0.600000,0.600000,0.600000,0.600000,-0.600000,-0.600000,-0.600000,-0.600000,-0.600000,0.600000,-0.600000,-0.600000,-0.600000,0.557380,0.600000,-0.600000,-0.621416,-0.600000,-0.600000,-0.630792,0.600000,-0.600000,0.600000,0.600000,-0.600000,0.600000,-0.600000,-0.600000,-0.600000,0.600000,-0.600000,-0.600000,0.716323,-0.600000,-0.600000,0.559845,-0.600000,-0.600000,-0.600000,-0.600000,0.589158,-0.600000,-0.621416,-0.600000,-0.600000,0.600000,-0.600000,-0.600000,0.600000,-0.600000,-0.600000,-0.600000,-0.600000,0.600000,0.600000,-0.600000,1.000000,-0.600000,0.600000,-0.600000,-0.600000,-0.635443,-0.600000,-0.600000,0.600000
124,0.600000,-0.600000,-0.600000,1.000000,-0.600000,-1.000000,-0.600000,0.600000,0.600000,0.600000,0.600000,-0.600000,-0.600000,-0.600000,-0.600000,-0.600000,0.600000,-0.600000,-0.600000,-0.600000,0.557380,0.600000,-0.600000,-0.621416,-0.600000,-0.600000,-0.630792,0.600000,-0.600000,0.600000,0.600000,-0.600000,0.600000,-0.600000,-0.600000,-0.600000,0.600000,-0.600000,-0.600000,0.716323,-0.600000,-0.600000,0.559845,-0.600000,-0.600000,-0.600000,-0.600000,0.589158,-0.600000,-0.621416,-0.600000,-0.600000,0.600000,-0.600000,-0.600000,0.600000,-0.600000,-0.600000,-0.600000,-0.600000,0.600000,0.600000,-0.600000,1.000000,-0.600000,0.600000,-0.600000,-0.600000,-0.635443,-0.600000,-0.600000,0.600000
125,0.600000,-0.600000,-0.600000,1.000000,-0.600000,-1.000000,-0.600000,0.600000,0.600000,0.600000,0.600000,-0.600000,-0.600000,-0.600000,-0.600000,-0.600000,0.600000,-0.600000,-0.600000,-0.600000,0.557380,0.600000,-0.600000,-0.621416,-0.600000,-0.600000,-0.630792,0.600000,-0.600000,0.600000,0.600000,-0.600000,0.600000,-0.600000,-0.600000,-0.600000,0.600000,-0.600000,-0.600000,0.716323,-0.600000,-0.600000,0.559845,-0.600000,-0.600000,-0.600000,-0.600000,0.589158,-0.600000,-0.621416,-0.600000,-0.600000,0.600000,-0.600000,-0.600000,0.600000,-0.600000,-0.600000,-0.600000,-0.600000,0.600000,0.600000,-0.600000,1.000000,-0.600000,0.600000,-0.600000,-0.600000,-0.635443,-0.600000,-0.600000,0.600000
126,0.600000,-0.600000,-0.600000,1.000000,-0.600000,-1.000000,-0.600000,0.600000,0.600000,0.600000,0.600000,-0.600000,-0.600000,-0.600000,-0.600000,-0.600000,0.600000,-0.600000,-0.600000,-0.600000,0.557380,0.600000,-0.600000,-0.621416,-0.600000,-0.600000,-0.630792,0.600000,-0.600000,0.600000,0.600000,-0.600000,0.600000,-0.600000,-0.600000,-0.600000,0.600000,-0.600000,-0.600000,0.716323,-0.600000,-0.600000,0.559845,-0.600000,-0.600000,-0.600000,-0.600000,0.589158,-0.600000,-0.621416,-0.600000,-0.600000,0.600000,-0.600000,-0.600000,0.600000,-0.600000,-0.600000,-0.600000,-0.600000,0.600000,0.600000,-0.600000,1.000000,-0.600000,0.600000,-0.600000,-0.600000,-0.635443,-0.600000,-0.600000,0.600000
127,0.600000,-0.600000,-0.600000,1.000000,-0.600000,-1.000000,-0.600000,0.600000,0.600000,0.600000,0.600000,-0.600000,-0.600000,-0.600000,-0.600000,-0.600000,0.600000,-0.600000,-0.600000,-0.600000,0.557380,0.600000,-0.600000,-0.621416,-0.600000,-0.600000,-0.630792,0.600000,-0.600000,0.600000,0.600000,-0.600000,0.600000,-0.600000,-0.600000,-0.600000,0.600000,-0.600000,-0.600000,0.716323,-0.600000,-0.600000,0.559845,-0.600000,-0.600000,-0.600000,-0.600000,0.589158,-0.600000,-0.621416,-0.600000,-0.600000,0.600000,-0.600000,-0.600000,0.600000,-0.600000,-0.600000,-0.600000,-0.600000,0.600000,0.600000,-0.600000,1.000000,-0.600000,0.600000,-0.600000,-0.600000,-0.635443,-0.600000,-0.600000,0.600000
128,0.600000,-0.600000,-0.600000,1.000000,-0.600000,-1.000000,-0.600000,0.600000,0.600000,0.600000,0.600000,-0.600000,-0.600000,-0.600000,-0.600000,-0.600000,0.600000,-0.600000,-0.600000,-0.600000,0.557380,0.600000,-0.600000,-0.621416,-0.600000,-0.600000,-0.630792,0.600000,-0.600000,0.600000,0.600000,-0.600000,0.600000,-0.600000,-0.600000,-0.600000,0.600000,-0.600000,-0.600000,0.716323,-0.600000,-0.600000,0.559845,-0.600000,-0.600000,-0.600000,-0.600000,0.589158,-0.600000,-0.621416,-0.600000,-0.600000,0.600000,-0.600000,-0.600000,0.600000,-0.600000,-0.600000,-0.600000,-0.600000,0.600000,0.600000,-0.600000,1.000000,-0.600000,0.600000,-0.600000,-0.600000,-0.635443,-0.600000,-0.600000,0.600000
129,0.600000,-0.600000,-0.600000,1.000000,-0.600000,-1.000000,-0.600000,0.600000,0.600000,0.600000,0.600000,-0.600000,-0.600000,-0.600000,-0.600000,-0.600000,0.600000,-0.600000,-0.600000,-0.600000,0.557380,0.600000,-0.600000,-0.621416,-0.600000,-0.600000,-0.630792,0.600000,-0.600000,0.600000,0.600000,-0.600000,0.600000,-0.600000,-0.600000,-0.600000,0.600000,-0.600000,-0.600000,0.716323,-0.600000,-0.600000,0.559845,-0.600000,-0.600000,-0.600000,-0.600000,0.589158,-0.600000,-0.621416,-0.600000,-0.600000,0.600000,-0.600000,-0.600000,0.600000,-0.600000,-0.600000,-0.600000,-0.600000,0.600000,0.600000,-0.600000,1.000000,-0.600000,0.600000,-0.600000,-0.600000,-0.635443,-0.600000,-0.600000,0.600000
130,0.600000,-0.600000,-0.600000,1.000000,-0.600000,-1.000000,-0.600000,0.600000,0.600000,0.600000,0.600000,-0.600000,-0.600000,-0.600000,-0.600000,-0.600000,0.600000,-0.600000,-0.600000,-0.600000,0.557380,0.600000,-0.600000,-0.621416,-0.600000,-0.600000,-0.630792,0.600000,-0.600000,0.600000,0.600000,-0.600000,0.600000,-0.600000,-0.600000,-0.600000,0.600000,-0.600000,-0.600000,0.716323,-0.600000,-0.600000,0.559845,-0.600000,-0.600000,-0.600000,-0.600000,0.589158,-0.600000,-0.621416,-0.600000,-0.600000,0.600000,-0.600000,-0.600000,0.600000,-0.600000,-0.600000,-0.600000,-0.600000,0.600000,0.600000,-0.600000,1.000000,-0.600000,0.600000,-0.600000,-0.600000,-0.635443,-0.600000,-0.600000,0.600000
131,0.600000,-0.600000,-0.600000,1.000000,-0.600000,-1.000000,-0.600000,0.600000,0.600000,0.600000,0.600000,-0.600000,-0.600000,-0.600000,-0.600000,-0.600000,0.600000,-0.600000,-0.600000,-0.600000,0.557380,0.600000,-0.600000,-0.621416,-0.600000,-0.600000,-0.630792,0.600000,-0.600000,0.600000,0.600000,-0.600000,0.600000,-0.600000,-0.600000,-0.600000,0.600000,-0.600000,-0.600000,0.716323,-0.600000,-0.600000,0.559845,-0.600000,-0.600000,-0.600000,-0.600000,0.589158,-0.600000,-0.621416,-0.600000,-0.600000,0.600000,-0.600000,-0.600000,0.600000,-0.600000,-0.600000,-0.600000,-0.600000,0.600000,0.600000,-0.600000,1.000000,-0.600000,0.600000,-0.600000,-0.600000,-0.635443,-0.600000,-0.600000,0.600000
132,0.600000,-0.600000,-0.600000,1.000000,-0.600000,-1.000000,-0.600000,0.600000,0.600000,0.600000,0.600000,-0.600000,-0.600000,-0.600000,-0.600000,-0.600000,0.600000,-0.600000,-0.600000,-0.600000,0.557380,0.600000,-0.600000,-0.621416,-0.600000,-0.600000,-0.630792,0.600000,-0.600000,0.600000,0.600000,-0.600000,0.600000,-0.600000,-0.600000,-0.600000,0.600000,-0.600000,-0.600000,0.716323,-0.600000,-0.600000,0.559845,-0.600000,-0.600000,-0.600000,-0.600000,0.589158,-0.600000,-0.621416,-0.600000,-0.600000,0.600000,-0.600000,-0.600000,0.600000,-0.600000,-0.600000,-0.600000,-0.600000,0.600000,0.600000,-0.600000,1.000000,-0.600000,0.600000,-0.600000,-0.600000,-0.635443,-0.600000,-0.600000,0.600000
133,0.600000,-0.600000,-0.600000,1.000000,-0.600000,-1.000000,-0.600000,0.600000,0.600000,0.600000,0.600000,-0.600000,-0.600000,-0.600000,-0.600000,-0.600000,0.600000,-0.600000,-0.600000,-0.600000,0.557380,0.600000,-0.600000,-0.621416,-0.600000,-0.600000,-0.630792,0.600000,-0.600000,0.600000,0.600000,-0.600000,0.600000,-0.600000,-0.600000,-0.600000,0.600000,-0.600000,-0.600000,0.716323,-0.600000,-0.600000,0.559845,-0.600000,-0.600000,-0.600000,-0.600000,0.589158,-0.600000,-0.621416,-0.600000,-0.600000,0.600000,-0.600000,-0.600000,0.600000,-0.600000,-0.600000,-0.600000,-0.600000,0.600000,0.600000,-0.600000,1.000000,-0.600000,0.600000,-0.600000,-0.600000,-0.635443,-0.600000,-0.600000,0.600000
134,0.600000,-0.600000,-0.600000,1.000000,-0.600000,-1.000000,-0.600000,0.600000,0.600000,0.600000,0.600000,-0.600000,-0.600000,-0.600000,-0.600000,-0.600000,0.600000,-0.600000,-0.600000,-0.600000,0.557380,0.600000,-0.600000,-0.621416,-0.600000,-0.600000,-0.630792,0.600000,-0.600000,0.600000,0.600000,-0.600000,0.600000,-0.600000,-0.600000,-0.600000,0.600000,-0.600000,-0.600000,0.716323,-0.600000,-0.600000,0.559845,-0.600000,-0.600000,-0.600000,-0.600000,0.589158,-0.600000,-0.621416,-0.600000,-0.600000,0.600000,-0.600000,-0.600000,0.600000,-0.600000,-0.600000,-0.600000,-0.600000,0.600000,0.600000,-0.600000,1.000000,-0.600000,0.600000,-0.600000,-0.600000,-0.635443,-0.600000,-0.600000,0.600000
135,0.600000,-0.600000,-0.600000,1.000000,-0.600000,-1.000000,-0.600000,0.600000,0.600000,0.600000,0.600000,-0.600000,-0.600000,-0.600000,-0.600000,-0.600000,0.600000,-0.600000,-0.600000,-0.600000,0.557380,0.600000,-0.600000,-0.621416,-0.600000,-0.600000,-0.630792,0.600000,-0.600000,0.600000,0.600000,-0.600000,0.600000,-0.600000,-0.600000,-0.600000,0.600000,-0.600000,-0.600000,0.716323,-0.600000,-0.600000,0.559845,-0.600000,-0.600000,-0.600000,-0.600000,0.589158,-0.600000,-0.621416,-0.600000,-0.600000,0.600000,-0.600000,-0.600000,0.600000,-0.600000,-0.600000,-0.600000,-0.600000,0.600000,0.600000,-0.600000,1.000000,-0.600000,0.600000,-0.600000,-0.600000,-0.635443,-0.600000,-0.600000,0.600000
136,0.600000,-0.600000,-0.600000,1.000000,-0.600000,-1.000000,-0.600000,0.600000,0.600000,0.600000,0.600000,-0.600000,-0.600000,-0.600000,-0.600000,-0.600000,0.600000,-0.600000,-0.600000,-0.600000,0.557380,0.600000,-0.600000,-0.621416,-0.600000,-0.600000,-0.630792,0.600000,-0.600000,0.600000,0.600000,-0.600000,0.600000,-0.600000,-0.600000,-0.600000,0.600000,-0.600000,-0.600000,0.716323,-0.600000,-0.600000,0.559845,-0.600000,-0.600000,-0.600000,-0.600000,0.589158,-0.600000,-0.621416,-0.600000,-0.600000,0.600000,-0.600000,-0.600000,0.600000,-0.600000,-0.600000,-0.600000,-0.600000,0.600000,0.600000,-0.600000,1.000000,-0.600000,0.600000,-0.600000,-0.600000,-0.635443,-0.600000,-0.600000,0.600000
137,0.600000,-0.600000,-0.600000,1.000000,-0.600000,-1.000000,-0.600000,0.600000,0.600000,0.600000,0.600000,-0.600000,-0.600000,-0.600000,-0.600000,-0.600000,0.600000,-0.600000,-0.600000,-0.600000,0.557380,0.600000,-0.600000,-0.621416,-0.600000,-0.600000,-0.630792,0.600000,-0.600000,0.600000,0.600000,-0.600000,0.600000,-0.600000,-0.600000,-0.600000,0.600000,-0.600000,-0.600000,0.716323,-0.600000,-0.600000,0.559845,-0.600000,-0.600000,-0.600000,-0.600000,0.589158,-0.600000,-0.621416,-0.600000,-0.600000,0.600000,-0.600000,-0.600000,0.600000,-0.600000,-0.600000,-0.600000,-0.600000,0.600000,0.600000,-0.600000,1.000000,-0.600000,0.600000,-0.600000,-0.600000,-0.635443,-0.600000,-0.600000,0.600000
138,0.600000,-0.600000,-0.600000,1.000000,-0.600000,-1.000000,-0.600000,0.600000,0.600000,0.600000,0.600000,-0.600000,-0.600000,-0.600000,-0.600000,-0.600000,0.600000,-0.600000,-0.600000,-0.600000,0.557380,0.600000,-0.600000,-0.621416,-0.600000,-0.600000,-0.630792,0.600000,-0.600000,0.600000,0.600000,-0.600000,0.600000,-0.600000,-0.600000,-0.600000,0.600000,-0.600000,-0.600000,0.716323,-0.600000,-0.600000,0.559845,-0.600000,-0.600000,-0.600000,-0.600000,0.589158,-0.600000,-0.621416,-0.600000,-0.600000,0.600000,-0.600000,-0.600000,0.600000,-0.600000,-0.600000,-0.600000,-0.600000,0.600000,0.600000,-0.600000,1.000000,-0.600000,0.600000,-0.600000,-0.600000,-0.635443,-0.600000,-0.600000,0.600000
139,0.600000,-0.600000,-0.600000,1.000000,-0.600000,-1.000000,-0.600000,0.600000,0.600000,0.600000,0.600000,-0.600000,-0.600000,-0.600000,-0.600000,-0.600000,0.600000,-0.600000,-0.600000,-0.600000,0.557380,0.600000,-0.600000,-0.621416,-0.600000,-0.600000,-0.630792,0.600000,-0.600000,0.600000,0.600000,-0.600000,0.600000,-0.600000,-0.600000,-0.600000,0.600000,-0.600000,-0.600000,0.716323,-0.600000,-0.600000,0.559845,-0.600000,-0.600000,-0.600000,-0.600000,0.589158,-0.600000,-0.621416,-0.600000,-0.600000,0.600000,-0.600000,-0.600000,0.600000,-0.600000,-0.600000,-0.600000,-0.600000,0.600000,0.600000,-0.600000,1.000000,-0.600000,0.600000,-0.600000,-0.600000,-0.635443,-0.600000,-0.600000,0.600000
140,0.600000,-0.600000,-0.600000,1.000000,-0.600000,-1.000000,-0.600000,0.600000,0.600000,0.600000,0.600000,-0.600000,-0.600000,-0.600000,-0.600000,-0.600000,0.600000,-0.600000,-0.600000,-0.600000,0.557380,0.600000,-0.600000,-0.621416,-0.600000,-0.600000,-0.630792,0.600000,-0.600000,0.600000,0.600000,-0.600000,0.600000,-0.600000,-0.600000,-0.600000,0.600000,-0.600000,-0.600000,0.716323,-0.600000,-0.600000,0.559845,-0.600000,-0.600000,-0.600000,-0.600000,0.589158,-0.600000,-0.621416,-0.600000,-0.600000,0.600000,-0.600000,-0.600000,0.600000,-0.600000,-0.600000,-0.600000,-0.600000,0.600000,0.600000,-0.600000,1.000000,-0.600000,0.600000,-0.600000,-0.600000,-0.635443,-0.600000,-0.600000,0.600000
141,0.600000,-0.600000,-0.600000,1.000000,-0.600000,-1.000000,-0.600000,0.600000,0.600000,0.600000,0.600000,-0.600000,-0.600000,-0.600000,-0.600000,-0.600000,0.600000,-0.600000,-0.600000,-0.600000,0.557380,0.600000,-0.600000,-0.621416,-0.600000,-0.600000,-0.630792,0.600000,-0.600000,0.600000,0.600000,-0.600000,0.600000,-0.600000,-0.600000,-0.600000,0.600000,-0.600000,-0.600000,0.716323,-0.600000,-0.600000,0.559845,-0.600000,-0.600000,-0.600000,-0.600000,0.589158,-0.600000,-0.621416,-0.600000,-0.600000,0.600000,-0.600000,-0.600000,0.600000,-0.600000,-0.600000,-0.600000,-0.600000,0.600000,0.600000,-0.600000,1.000000,-0.600000,0.600000,-0.600000,-0.600000,-0.635443,-0.600000,-0.600000,0.600000
142,0.600000,-0.600000,-0.600000,1.000000,-0.600000,-1.000000,-0.600000,0.600000,0.600000,0.600000,0.600000,-0.600000,-0.600000,-0.600000,-0.600000,-0.600000,0.600000,-0.600000,-0.600000,-0.600000,0.557380,0.600000,-0.600000,-0.621416,-0.600000,-0.600000,-0.630792,0.600000,-0.600000,0.600000,0.600000,-0.600000,0.600000,-0.600000,-0.600000,-0.600000,0.600000,-0.600000,-0.600000,0.716323,-0.600000,-0.600000,0.559845,-0.600000,-0.600000,-0.600000,-0.600000,0.589158,-0.600000,-0.621416,-0.600000,-0.600000,0.600000,-0.600000,-0.600000,0.600000,-0.600000,-0.600000,-0.600000,-0.600000,0.600000,0.600000,-0.600000,1.000000,-0.600000,0.600000,-0.600000,-0.600000,-0.635443,-0.600000,-0.600000,0.600000
143,0.600000,-0.600000,-0.600000,1.000000,-0.600000,-1.000000,-0.600000,0.600000,0.600000,0.600000,0.600000,-0.600000,-0.600000,-0.600000,-0.600000,-0.600000,0.600000,-0.600000,-0.600000,-0.600000,0.557380,0.600000,-0.600000,-0.621416,-0.600000,-0.600000,-0.630792,0.600000,-0.600000,0.600000,0.600000,-0.600000,0.600000,-0.600000,-0.600000,-0.600000,0.600000,-0.600000,-0.600000,0.716323,-0.600000,-0.600000,0.559845,-0.600000,-0.600000,-0.600000,-0.600000,0.589158,-0.600000,-0.621416,-0.600000,-0.600000,0.600000,-0.600000,-0.600000,0.600000,-0.600000,-0.600000,-0.600000,-0.600000,0.600000,0.600000,-0.600000,1.000000,-0.600000,0.600000,-0.600000,-0.600000,-0.635443,-0.600000,-0.600000,0.600000
144,0.600000,-0.600000,-0.600000,1.000000,-0.600000,-1.000000,-0.600000,0.600000,0.600000,0.600000,0.600000,-0.600000,-0.600000,-0.600000,-0.600000,-0.600000,0.600000,-0.600000,-0.600000,-0.600000,0.557380,0.600000,-0.600000,-0.621416,-0.600000,-0.600000,-0.630792,0.600000,-0.600000,0.600000,0.600000,-0.600000,0.600000,-0.600000,-0.600000,-0.600000,0.600000,-0.600000,-0.600000,0.716323,-0.600000,-0.600000,0.559845,-0.600000,-0.600000,-0.600000,-0.600000,0.589158,-0.600000,-0.621416,-0.600000,-0.600000,0.600000,-0.600000,-0.600000,0.600000,-0.600000,-0.600000,-0.600000,-0.600000,0.600000,0.600000,-0.600000,1.000000,-0.600000,0.600000,-0.600000,-0.600000,-0.635443,-0.600000,-0.600000,0.600000
145,0.600000,-0.600000,-0.600000,1.000000,-0.600000,-1.000000,-0.600000,0.600000,0.600000,0.600000,0.600000,-0.600000,-0.600000,-0.600000,-0.600000,-0.600000,0.600000,-0.600000,-0.600000,-0.600000,0.557380,0.600000,-0.600000,-0.621416,-0.600000,-0.600000,-0.630792,0.600000,-0.600000,0.600000,0.600000,-0.600000,0.600000,-0.600000,-0.600000,-0.600000,0.600000,-0.600000,-0.600000,0.716323,-0.600000,-0.600000,0.559845,-0.600000,-0.600000,-0.600000,-0.600000,0.589158,-0.600000,-0.621416,-0.600000,-0.600000,0.600000,-0.600000,-0.600000,0.600000,-0.600000,-0.600000,-0.600000,-0.600000,0.600000,0.600000,-0.600000,1.000000,-0.600000,0.600000,-0.600000,-0.600000,-0.635443,-0.600000,-0.600000,0.600000
146,0.600000,-0.600000,-0.600000,1.000000,-0.600000,-1.000000,-0.600000,0.600000,0.600000,0.600000,0.600000,-0.600000,-0.600000,-0.600000,-0.600000,-0.600000,0.600000,-0.600000,-0.600000,-0.600000,0.557380,0.600000,-0.600000,-0.621416,-0.600000,-0.600000,-0.630792,0.600000,-0.600000,0.600000,0.600000,-0.600000,0.600000,-0.600000,-0.600000,-0.600000,0.600000,-0.600000,-0.600000,0.716323,-0.600000,-0.600000,0.559845,-0.600000,-0.600000,-0.600000,-0.600000,0.589158,-0.600000,-0.621416,-0.600000,-0.600000,0.600000,-0.600000,-0.600000,0.600000,-0.600000,-0.600000,-0.600000,-0.600000,0.600000,0.600000,-0.600000,1.000000,-0.600000,0.600000,-0.600000,-0.600000,-0.635443,-0.600000,-0.600000,0.600000
147,0.600000,-0.600000,-0.600000,1.000000,-0.600000,-1.000000,-0.600000,0.600000,0.600000,0.600000,0.600000,-0.600000,-0.600000,-0.600000,-0.600000,-0.600000,0.600000,-0.600000,-0.600000,-0.600000,0.557380,0.600000,-0.600000,-0.621416,-0.600000,-0.600000,-0.630792,0.600000,-0.600000,0.600000,0.600000,-0.600000,0.600000,-0.600000,-0.600000,-0.600000,0.600000,-0.600000,-0.600000,0.716323,-0.600000,-0.600000,0.559845,-0.600000,-0.600000,-0.600000,-0.600000,0.589158,-0.600000,-0.621416,-0.600000,-0.600000,0.600000,-0.600000,-0.600000,0.600000,-0.600000,-0.600000,-0.600000,-0.600000,0.600000,0.600000,-0.600000,1.000000,-0.600000,0.600000,-0.600000,-0.600000,-0.635443,-0.600000,-0.600000,0.600000
148,0.600000,-0.600000,-0.600000,1.000000,-0.600000,-1.000000,-0.600000,0.600000,0.600000,0.600000,0.600000,-0.600000,-0.600000,-0.600000,-0.600000,-0.600000,0.600000,-0.600000,-0.600000,-0.600000,0.557380,0.600000,-0.600000,-0.621416,-0.600000,-0.600000,-0.630792,0.600000,-0.600000,0.600000,0.600000,-0.600000,0.600000,-0.600000,-0.600000,-0.600000,0.600000,-0.600000,-0.600000,0.716323,-0.600000,-0.600000,0.559845,-0.600000,-0.600000,-0.600000,-0.600000,0.589158,-0.600000,-0.621416,-0.600000,-0.600000,0.600000,-0.600000,-0.600000,0.600000,-0.600000,-0.600000,-0.600000,-0.600000,0.600000,0.600000,-0.600000,1.000000,-0.600000,0.600000,-0.600000,-0.600000,-0.635443,-0.600000,-0.600000,0.600000
149,0.600000,-0.600000,-0.600000,1.000000,-0.600000,-1.000000,-0.600000,0.600000,0.600000,0.600000,0.600000,-0.600000,-0.600000,-0.600000,-0.600000,-0.600000,0.600000,-0.600000,-0.600000,-0.600000,0.557380,0.600000,-0.600000,-0.621416,-0.600000,-0.600000,-0.630792,0.600000,-0.600000,0.600000,0.600000,-0.600000,0.600000,-0.600000,-0.600000,-0.600000,0.600000,-0.600000,-0.600000,0.716323,-0.600000,-0.600000,0.559845,-0.600000,-0.600000,-0.600000,-0.600000,0.589158,-0.600000,-0.621416,-0.600000,-0.600000,0.600000,-0.600000,-0.600000,0.600000,-0.600000,-0.600000,-0.600000,-0.600000,0.600000,0.600000,-0.600000,1.000000,-0.600000,0.600000,-0.600000,-0.600000,-0.635443,-0.600000,-0.600000,0.600000
150,0.600000,-0.600000,-0.600000,1.000000,-0.600000,-1.000000,-0.600000,0.600000,0.600000,0.600000,0.600000,-0.600000,-0.600000,-0.600000,-0.600000,-0.600000,0.600000,-0.600000,-0.600000,-0.600000,0.557380,0.600000,-0.600000,-0.621416,-0.600000,-0.600000,-0.630792,0.600000,-0.600000,0.600000,0.600000,-0.600000,0.600000,-0.600000,-0.600000,-0.600000,0.600000,-0.600000,-0.600000,0.716323,-0.600000,-0.600000,0.559845,-0.600000,-0.600000,-0.600000,-0.600000,0.589158,-0.600000,-0.621416,-0.600000,-0.600000,0.600000,-0.600000,-0.600000,0.600000,-0.600000,-0.600000,-0.600000,-0.600000,0.600000,0.600000,-0.600000,1.000000,-0.600000,0.600000,-0.600000,-0.600000,-0.635443,-0.600000,-0.600000,0.600000
151,0.600000,-0.600000,-0.600000,1.000000,-0.600000,-1.000000,-0.600000,0.600000,0.600000,0.600000,0.600000,-0.600000,-0.600000,-0.600000,-0.600000,-0.600000,0.600000,-0.600000,-0.600000,-0.600000,0.557380,0.600000,-0.600000,-0.621416,-0.600000,-0.600000,-0.630792,0.600000,-0.600000,0.600000,0.600000,-0.600000,0.600000,-0.600000,-0.600000,-0.600000,0.600000,-0.600000,-0.600000,0.716323,-0.600000,-0.600000,0.559845,-0.600000,-0.600000,-0.600000,-0.600000,0.589158,-0.600000,-0.621416,-0.600000,-0.600000,0.600000,-0.600000,-0.600000,0.600000,-0.600000,-0.600000,-0.600000,-0.600000,0.600000,0.600000,-0.600000,1.000000,-0.600000,0.600000,-0.600000,-0.600000,-0.635443,-0.600000,-0.600000,0.600000
152,0.600000,-0.600000,-0.600000,1.000000,-0.600000,-1.000000,-0.600000,0.600000,0.600000,0.600000,0.600000,-0.600000,-0.600000,-0.600000,-0.600000,-0.600000,0.600000,-0.600000,-0.600000,-0.600000,0.557380,0.600000,-0.600000,-0.621416,-0.600000,-0.600000,-0.630792,0.600000,-0.600000,0.600000,0.600000,-0.600000,0.600000,-0.600000,-0.600000,-0.600000,0.600000,-0.600000,-0.600000,0.716323,-0.600000,-0.600000,0.559845,-0.600000,-0.600000,-0.600000,-0.600000,0.589158,-0.600000,-0.621416,-0.600000,-0.600000,0.600000,-0.600000,-0.600000,0.600000,-0.600000,-0.600000,-0.600000,-0.600000,0.600000,0.600000,-0.600000,1.000000,-0.600000,0.600000,-0.600000,-0.600000,-0.635443,-0.600000,-0.600000,0.600000
153,0.600000,-0.600000,-0.600000,1.000000,-0.600000,-1.000000,-0.600000,0.600000,0.600000,0.600000,0.600000,-0.600000,-0.600000,-0.600000,-0.600000,-0.600000,0.600000,-0.600000,-0.600000,-0.600000,0.557380,0.600000,-0.600000,-0.621416,-0.600000,-0.600000,-0.630792,0.600000,-0.600000,0.600000,0.600000,-0.600000,0.600000,-0.600000,-0.600000,-0.600000,0.600000,-0.600000,-0.600000,0.716323,-0.600000,-0.600000,0.559845,-0.600000,-0.600000,-0.600000,-0.600000,0.589158,-0.600000,-0.621416,-0.600000,-0.600000,0.600000,-0.600000,-0.600000,0.600000,-0.600000,-0.600000,-0.600000,-0.600000,0.600000,0.600000,-0.600000,1.000000,-0.600000,0.600000,-0.600000,-0.600000,-0.635443,-0.600000,-0.600000,0.600000
154,0.600000,-0.600000,-0.600000,1.000000,-0.600000,-1.000000,-0.600000,0.600000,0.600000,0.600000,0.600000,-0.600000,-0.600000,-0.600000,-0.600000,-0.600000,0.600000,-0.600000,-0.600000,-0.600000,0.557380,0.600000,-0.600000,-0.621416,-0.600000,-0.600000,-0.630792,0.600000,-0.600000,0.600000,0.600000,-0.600000,0.600000,-0.600000,-0.600000,-0.600000,0.600000,-0.600000,-0.600000,0.716323,-0.600000,-0.600000,0.559845,-0.600000,-0.600000,-0.600000,-0.600000,0.589158,-0.600000,-0.621416,-0.600000,-0.600000,0.600000,-0.600000,-0.600000,0.600000,-0.600000,-0.600000,-0.600000,-0.600000,0.600000,0.600000,-0.600000,1.000000,-0.600000,0.600000,-0.600000,-0.600000,-0.635443,-0.600000,-0.600000,0.600000
155,0.600000,-0.600000,-0.600000,1.000000,-0.600000,-1.000000,-0.600000,0.600000,0.600000,0.600000,0.600000,-0.600000,-0.600000,-0.600000,-0.600000,-0.600000,0.600000,-0.600000,-0.600000,-0.600000,0.557380,0.600000,-0.600000,-0.621416,-0.600000,-0.600000,-0.630792,0.600000,-0.600000,0.600000,0.600000,-0.600000,0.600000,-0.600000,-0.600000,-0.600000,0.600000,-0.600000,-0.600000,0.716323,-0.600000,-0.600000,0.559845,-0.600000,-0.600000,-0.600000,-0.600000,0.589158,-0.600000,-0.621416,-0.600000,-0.600000,0.600000,-0.600000,-0.600000,0.600000,-0.600000,-0.600000,-0.600000,-0.600000,0.600000,0.600000,-0.600000,1.000000,-0.600000,0.600000,-0.600000,-0.600000,-0.635443,-0.600000,-0.600000,0.600000
156,0.600000,-0.600000,-0.600000,1.000000,-0.600000,-1.000000,-0.600000,0.600000,0.600000,0.600000,0.600000,-0.600000,-0.600000,-0.600000,-0.600000,-0.600000,0.600000,-0.600000,-0.600000,-0.600000,0.557380,0.600000,-0.600000,-0.621416,-0.600000,-0.600000,-0.630792,0.600000,-0.600000,0.600000,0.600000,-0.600000,0.600000,-0.600000,-0.600000,-0.600000,0.600000,-0.600000,-0.600000,0.716323,-0.600000,-0.600000,0.559845,-0.600000,-0.600000,-0.600000,-0.600000,0.589158,-0.600000,-0.621416,-0.600000,-0.600000,0.600000,-0.600000,-0.600000,0.600000,-0.600000,-0.600000,-0.600000,-0.600000,0.600000,0.600000,-0.600000,1.000000,-0.600000,0.600000,-0.600000,-0.600000,-0.635443,-0.600000,-0.600000,0.600000
157,0.600000,-0.600000,-0.600000,1.000000,-0.600000,-1.000000,-0.600000,0.600000,0.600000,0.600000,0.600000,-0.600000,-0.600000,-0.600000,-0.600000,-0.600000,0.600000,-0.600000,-0.600000,-0.600000,0.557380,0.600000,-0.600000,-0.621416,-0.600000,-0.600000,-0.630792,0.600000,-0.600000,0.600000,0.600000,-0.600000,0.600000,-0.600000,-0.600000,-0.600000,0.600000,-0.600000,-0.600000,0.716323,-0.600000,-0.600000,0.559845,-0.600000,-0.600000,-0.600000,-0.600000,0.589158,-0.600000,-0.621416,-0.600000,-0.600000,0.600000,-0.600000,-0.600000,0.600000,-0.600000,-0.600000,-0.600000,-0.600000,0.600000,0.600000,-0.600000,1.000000,-0.600000,0.600000,-0.600000,-0.600000,-0.635443,-0.600000,-0.600000,0.600000
158,0.600000,-0.600000,-0.600000,1.000000,-0.600000,-1.000000,-0.600000,0.600000,0.600000,0.600000,0.600000,-0.600000,-0.600000,-0.600000,-0.600000,-0.600000,0.600000,-0.600000,-0.600000,-0.600000,0.557380,0.600000,-0.600000,-0.621416,-0.600000,-0.600000,-0.630792,0.600000,-0.600000,0.600000,0.600000,-0.600000,0.600000,-0.600000,-0.600000,-0.600000,0.600000,-0.600000,-0.600000,0.716323,-0.600000,-0.600000,0.559845,-0.600000,-0.600000,-0.600000,-0.600000,0.589158,-0.600000,-0.621416,-0.600000,-0.600000,0.600000,-0.600000,-0.600000,0.600000,-0.600000,-0.600000,-0.600000,-0.600000,0.600000,0.600000,-0.600000,1.000000,-0.600000,0.600000,-0.600000,-0.600000,-0.635443,-0.600000,-0.600000,0.600000
159,0.600000,-0.600000,-0.600000,1.000000,-0.600000,-1.000000,-0.600000,0.600000,0.600000,0.600000,0.600000,-0.600000,-0.600000,-0.600000,-0.600000,-0.600000,0.600000,-0.600000,-0.600000,-0.600000,0.557380,0.600000,-0.600000,-0.621416,-0.600000,-0.600000,-0.630792,0.600000,-0.600000,0.600000,0.600000,-0.600000,0.600000,-0.600000,-0.600000,-0.600000,0.600000,-0.600000,-0.600000,0.716323,-0.600000,-0.600000,0.559845,-0.600000,-0.600000,-0.600000,-0.600000,0.589158,-0.600000,-0.621416,-0.600000,-0.600000,0.600000,-0.600000,-0.600000,0.600000,-0.600000,-0.600000,-0.600000,-0.600000,0.600000,0.600000,-0.600000,1.000000,-0.600000,0.600000,-0.600000,-0.600000,-0.635443,-0.600000,-0.600000,0.600000
160,0.600000,-0.600000,-0.600000,1.000000,-0.600000,-1.000000,-0.600000,0.600000,0.600000,0.600000,0.600000,-0.600000,-0.600000,-0.600000,-0.600000,-0.600000,0.600000,-0.600000,-0.600000,-0.600000,0.557380,0.600000,-0.600000,-0.621416,-0.600000,-0.600000,-0.630792,0.600000,-0.600000,0.600000,0.600000,-0.600000,0.600000,-0.600000,-0.600000,-0.600000,0.600000,-0.600000,-0.600000,0.716323,-0.600000,-0.600000,0.559845,-0.600000,-0.600000,-0.600000,-0.600000,0.589158,-0.600000,-0.621416,-0.600000,-0.600000,0.600000,-0.600000,-0.600000,0.600000,-0.600000,-0.600000,-0.600000,-0.600000,0.600000,0.600000,-0.600000,1.000000,-0.600000,0.600000,-0.600000,-0.600000,-0.635443,-0.600000,-0.600000,0.600000
161,0.600000,-0.600000,-0.600000,1.000000,-0.600000,-1.000000,-0.600000,0.600000,0.600000,0.600000,0.600000,-0.600000,-0.600000,-0.600000,-0.600000,-0.600000,0.600000,-0.600000,-0.600000,-0.600000,0.557380,0.600000,-0.600000,-0.621416,-0.600000,-0.600000,-0.630792,0.600000,-0.600000,0.600000,0.600000,-0.600000,0.600000,-0.600000,-0.600000,-0.600000,0.600000,-0.600000,-0.600000,0.716323,-0.600000,-0.600000,0.559845,-0.600000,-0.600000,-0.600000,-0.600000,0.589158,-0.600000,-0.621416,-0.600000,-0.600000,0.600000,-0.600000,-0.600000,0.600000,-0.600000,-0.600000,-0.600000,-0.600000,0.600000,0.600000,-0.600000,1.000000,-0.600000,0.600000,-0.600000,-0.600000,-0.635443,-0.600000,-0.600000,0.600000
162,0.600000,-0.600000,-0.600000,1.000000,-0.600000,-1.000000,-0.600000,0.600000,0.600000,0.600000,0.600000,-0.600000,-0.600000,-0.600000,-0.600000,-0.600000,0.600000,-0.600000,-0.600000,-0.600000,0.557380,0.600000,-0.600000,-0.621416,-0.600000,-0.600000,-0.630792,0.600000,-0.600000,0.600000,0.600000,-0.600000,0.600000,-0.600000,-0.600000,-0.600000,0.600000,-0.600000,-0.600000,0.716323,-0.600000,-0.600000,0.559845,-0.600000,-0.600000,-0.600000,-0.600000,0.589158,-0.600000,-0.621416,-0.600000,-0.600000,0.600000,-0.600000,-0.600000,0.600000,-0.600000,-0.600000,-0.600000,-0.600000,0.600000,0.600000,-0.600000,1.000000,-0.600000,0.600000,-0.600000,-0.600000,-0.635443,-0.600000,-0.600000,0.600000
163,0.600000,-0.600000,-0.600000,1.000000,-0.600000,-1.000000,-0.600000,0.600000,0.600000,0.600000,0.600000,-0.600000,-0.600000,-0.600000,-0.600000,-0.600000,0.600000,-0.600000,-0.600000,-0.600000,0.557380,0.600000,-0.600000,-0.621416,-0.600000,-0.600000,-0.630792,0.600000,-0.600000,0.600000,0.600000,-0.600000,0.600000,-0.600000,-0.600000,-0.600000,0.600000,-0.600000,-0.600000,0.716323,-0.600000,-0.600000,0.559845,-0.600000,-0.600000,-0.600000,-0.600000,0.589158,-0.600000,-0.621416,-0.600000,-0.600000,0.600000,-0.600000,-0.600000,0.600000,-0.600000,-0.600000,-0.600000,-0.600000,0.600000,0.600000,-0.600000,1.000000,-0.600000,0.600000,-0.600000,-0.600000,-0.635443,-0.600000,-0.600000,0.600000
164,0.600000,-0.600000,-0.600000,1.000000,-0.600000,-1.000000,-0.600000,0.600000,0.600000,0.600000,0.600000,-0.600000,-0.600000,-0.600000,-0.600000,-0.600000,0.600000,-0.600000,-0.600000,-0.600000,0.557380,0.600000,-0.600000,-0.621416,-0.600000,-0.600000,-0.630792,0.600000,-0.600000,0.600000,0.600000,-0.600000,0.600000,-0.600000,-0.600000,-0.600000,0.600000,-0.600000,-0.600000,0.716323,-0.600000,-0.600000,0.559845,-0.600000,-0.600000,-0.600000,-0.600000,0.589158,-0.600000,-0.621416,-0.600000,-0.600000,0.600000,-0.600000,-0.600000,0.600000,-0.600000,-0.600000,-0.600000,-0.600000,0.600000,0.600000,-0.600000,1.000000,-0.600000,0.600000,-0.600000,-0.600000,-0.635443,-0.600000,-0.600000,0.600000
165,0.600000,-0.600000,-0.600000,1.000000,-0.600000,-1.000000,-0.600000,0.600000,0.600000,0.600000,0.600000,-0.600000,-0.600000,-0.600000,-0.600000,-0.600000,0.600000,-0.600000,-0.600000,-0.600000,0.557380,0.600000,-0.600000,-0.621416,-0.600000,-0.600000,-0.630792,0.600000,-0.600000,0.600000,0.600000,-0.600000,0.600000,-0.600000,-0.600000,-0.600000,0.600000,-0.600000,-0.600000,0.716323,-0.600000,-0.600000,0.559845,-0.600000,-0.600000,-0.600000,-0.600000,0.589158,-0.600000,-0.621416,-0.600000,-0.600000,0.600000,-0.600000,-0.600000,0.600000,-0.600000,-0.600000,-0.600000,-0.600000,0.600000,0.600000,-0.600000,1.000000,-0.600000,0.600000,-0.600000,-0.600000,-0.635443,-0.600000,-0.600000,0.600000
166,0.600000,-0.600000,-0.600000,1.000000,-0.600000,-1.000000,-0.600000,0.600000,0.600000,0.600000,0.600000,-0.600000,-0.600000,-0.600000,-0.600000,-0.600000,0.600000,-0.600000,-0.600000,-0.600000,0.557380,0.600000,-0.600000,-0.621416,-0.600000,-0.600000,-0.630792,0.600000,-0.600000,0.600000,0.600000,-0.600000,0.600000,-0.600000,-0.600000,-0.600000,0.600000,-0.600000,-0.600000,0.716323,-0.600000,-0.600000,0.559845,-0.600000,-0.600000,-0.600000,-0.600000,0.589158,-0.600000,-0.621416,-0.600000,-0.600000,0.600000,-0.600000,-0.600000,0.600000,-0.600000,-0.600000,-0.600000,-0.600000,0.600000,0.600000,-0.600000,1.000000,-0.600000,0.600000,-0.600000,-0.600000,-0.635443,-0.600000,-0.600000,0.600000
167,0.600000,-0.600000,-0.600000,1.000000,-0.600000,-1.000000,-0.600000,0.600000,0.600000,0.600000,0.600000,-0.600000,-0.600000,-0.600000,-0.600000,-0.600000,0.600000,-0.600000,-0.600000,-0.600000,0.557380,0.600000,-0.600000,-0.621416,-0.600000,-0.600000,-0.630792,0.600000,-0.600000,0.600000,0.600000,-0.600000,0.600000,-0.600000,-0.600000,-0.600000,0.600000,-0.600000,-0.600000,0.716323,-0.600000,-0.600000,0.559845,-0.600000,-0.600000,-0.600000,-0.600000,0.589158,-0.600000,-0.621416,-0.600000,-0.600000,0.600000,-0.600000,-0.600000,0.600000,-0.600000,-0.600000,-0.600000,-0.600000,0.600000,0.600000,-0.600000,1.000000,-0.600000,0.600000,-0.600000,-0.600000,-0.635443,-0.600000,-0.600000,0.600000
168,0.600000,-0.600000,-0.600000,1.000000,-0.600000,-1.000000,-0.600000,0.600000,0.600000,0.600000,0.600000,-0.600000,-0.600000,-0.600000,-0.600000,-0.600000,0.600000,-0.600000,-0.600000,-0.600000,0.557380,0.600000,-0.600000,-0.621416,-0.600000,-0.600000,-0.630792,0.600000,-0.600000,0.600000,0.600000,-0.600000,0.600000,-0.600000,-0.600000,-0.600000,0.600000,-0.600000,-0.600000,0.716323,-0.600000,-0.600000,0.559845,-0.600000,-0.600000,-0.600000,-0.600000,0.589158,-0.600000,-0.621416,-0.600000,-0.600000,0.600000,-0.600000,-0.600000,0.600000,-0.600000,-0.600000,-0.600000,-0.600000,0.600000,0.600000,-0.600000,1.000000,-0.600000,0.600000,-0.600000,-0.600000,-0.635443,-0.600000,-0.600000,0.600000
169,0.600000,-0.600000,-0.600000,1.000000,-0.600000,-1.000000,-0.600000,0.600000,0.600000,0.600000,0.600000,-0.600000,-0.600000,-0.600000,-0.600000,-0.600000,0.600000,-0.600000,-0.600000,-0.600000,0.557380,0.600000,-0.600000,-0.621416,-0.600000,-0.600000,-0.630792,0.600000,-0.600000,0.600000,0.600000,-0.600000,0.600000,-0.600000,-0.600000,-0.600000,0.600000,-0.600000,-0.600000,0.716323,-0.600000,-0.600000,0.559845,-0.600000,-0.600000,-0.600000,-0.600000,0.589158,-0.600000,-0.621416,-0.600000,-0.600000,0.600000,-0.600000,-0.600000,0.600000,-0.600000,-0.600000,-0.600000,-0.600000,0.600000,0.600000,-0.600000,1.000000,-0.600000,0.600000,-0.600000,-0.600000,-0.635443,-0.600000,-0.600000,0.600000
170,0.600000,-0.600000,-0.600000,1.000000,-0.600000,-1.000000,-0.600000,0.600000,0.600000,0.600000,0.600000,-0.600000,-0.600000,-0.600000,-0.600000,-0.600000,0.600000,-0.600000,-0.600000,-0.600000,0.557380,0.600000,-0.600000,-0.621416,-0.600000,-0.600000,-0.630792,0.600000,-0.600000,0.600000,0.600000,-0.600000,0.600000,-0.600000,-0.600000,-0.600000,0.600000,-0.600000,-0.600000,0.716323,-0.600000,-0.600000,0.559845,-0.600000,-0.600000,-0.600000,-0.600000,0.589158,-0.600000,-0.621416,-0.600000,-0.600000,0.600000,-0.600000,-0.600000,0.600000,-0.600000,-0.600000,-0.600000,-0.600000,0.600000,0.600000,-0.600000,1.000000,-0.600000,0.600000,-0.600000,-0.600000,-0.635443,-0.600000,-0.600000,0.600000
171,0.600000,-0.600000,-0.600000,1.000000,-0.600000,-1.000000,-0.600000,0.600000,0.600000,0.600000,0.600000,-0.600000,-0.600000,-0.600000,-0.600000,-0.600000,0.600000,-0.600000,-0.600000,-0.600000,0.557380,0.600000,-0.600000,-0.621416,-0.600000,-0.600000,-0.630792,0.600000,-0.600000,0.600000,0.600000,-0.600000,0.600000,-0.600000,-0.600000,-0.600000,0.600000,-0.600000,-0.600000,0.716323,-0.600000,-0.600000,0.559845,-0.600000,-0.600000,-0.600000,-0.600000,0.589158,-0.600000,-0.621416,-0.600000,-0.600000,0.600000,-0.600000,-0.600000,0.600000,-0.600000,-0.600000,-0.600000,-0.600000,0.600000,0.600000,-0.600000,1.000000,-0.600000,0.600000,-0.600000,-0.600000,-0.635443,-0.600000,-0.600000,0.600000
172,0.600000,-0.600000,-0.600000,1.000000,-0.600000,-1.000000,-0.600000,0.600000,0.600000,0.600000,0.600000,-0.600000,-0.600000,-0.600000,-0.600000,-0.600000,0.600000,-0.600000,-0.600000,-0.600000,0.557380,0.600000,-0.600000,-0.621416,-0.600000,-0.600000,-0.630792,0.600000,-0.600000,0.600000,0.600000,-0.600000,0.600000,-0.600000,-0.600000,-0.600000,0.600000,-0.600000,-0.600000,0.716323,-0.600000,-0.600000,0.559845,-0.600000,-0.600000,-0.600000,-0.600000,0.589158,-0.600000,-0.621416,-0.600000,-0.600000,0.600000,-0.600000,-0.600000,0.600000,-0.600000,-0.600000,-0.600000,-0.600000,0.600000,0.600000,-0.600000,1.000000,-0.600000,0.600000,-0.600000,-0.600000,-0.635443,-0.600000,-0.600000,0.600000
173,0.600000,-0.600000,-0.600000,1.000000,-0.600000,-1.000000,-0.600000,0.600000,0.600000,0.600000,0.600000,-0.600000,-0.600000,-0.600000,-0.600000,-0.600000,0.600000,-0.600000,-0.600000,-0.600000,0.557380,0.600000,-0.600000,-0.621416,-0.600000,-0.600000,-0.630792,0.600000,-0.600000,0.600000,0.600000,-0.600000,0.600000,-0.600000,-0.600000,-0.600000,0.600000,-0.600000,-0.600000,0.716323,-0.600000,-0.600000,0.559845,-0.600000,-0.600000,-0.600000,-0.600000,0.589158,-0.600000,-0.621416,-0.600000,-0.600000,0.600000,-0.600000,-0.600000,0.600000,-0.600000,-0.600000,-0.600000,-0.600000,0.600000,0.600000,-0.600000,1.000000,-0.600000,0.600000,-0.600000,-0.600000,-0.635443,-0.600000,-0.600000,0.600000
174,0.600000,-0.600000,-0.600000,1.000000,-0.600000,-1.000000,-0.600000,0.600000,0.600000,0.600000,0.600000,-0.600000,-0.600000,-0.600000,-0.600000,-0.600000,0.600000,-0.600000,-0.600000,-0.600000,0.557380,0.600000,-0.600000,-0.621416,-0.600000,-0.600000,-0.630792,0.600000,-0.600000,0.600000,0.600000,-0.600000,0.600000,-0.600000,-0.600000,-0.600000,0.600000,-0.600000,-0.600000,0.716323,-0.600000,-0.600000,0.559845,-0.600000,-0.600000,-0.600000,-0.600000,0.589158,-0.600000,-0.621416,-0.600000,-0.600000,0.600000,-0.600000,-0.600000,0.600000,-0.600000,-0.600000,-0.600000,-0.600000,0.600000,0.600000,-0.600000,1.000000,-0.600000,0.600000,-0.600000,-0.600000,-0.635443,-0.600000,-0.600000,0.600000
175,0.600000,-0.600000,-0.600000,1.000000,-0.600000,-1.000000,-0.600000,0.600000,0.600000,0.600000,0.600000,-0.600000,-0.600000,-0.600000,-0.600000,-0.600000,0.600000,-0.600000,-0.600000,-0.600000,0.557380,0.600000,-0.600000,-0.621416,-0.600000,-0.600000,-0.630792,0.600000,-0.600000,0.600000,0.600000,-0.600000,0.600000,-0.600000,-0.600000,-0.600000,0.600000,-0.600000,-0.600000,0.716323,-0.600000,-0.600000,0.559845,-0.600000,-0.600000,-0.600000,-0.600000,0.589158,-0.600000,-0.621416,-0.600000,-0.600000,0.600000,-0.600000,-0.600000,0.600000,-0.600000,-0.600000,-0.600000,-0.600000,0.600000,0.600000,-0.600000,1.000000,-0.600000,0.600000,-0.600000,-0.600000,-0.635443,-0.600000,-0.600000,0.600000
176,0.600000,-0.600000,-0.600000,1.000000,-0.600000,-1.000000,-0.600000,0.600000,0.600000,0.600000,0.600000,-0.600000,-0.600000,-0.600000,-0.600000,-0.600000,0.600000,-0.600000,-0.600000,-0.600000,0.557380,0.600000,-0.600000,-0.621416,-0.600000,-0.600000,-0.630792,0.600000,-0.600000,0.600000,0.600000,-0.600000,0.600000,-0.600000,-0.600000,-0.600000,0.600000,-0.600000,-0.600000,0.716323,-0.600000,-0.600000,0.559845,-0.600000,-0.600000,-0.600000,-0.600000,0.589158,-0.600000,-0.621416,-0.600000,-0.600000,0.600000,-0.600000,-0.600000,0.600000,-0.600000,-0.600000,-0.600000,-0.600000,0.600000,0.600000,-0.600000,1.000000,-0.600000,0.600000,-0.600000,-0.600000,-0.635443,-0.600000,-0.600000,0.600000
177,0.600000,-0.600000,-0.600000,1.000000,-0.600000,-1.000000,-0.600000,0.600000,0.600000,0.600000,0.600000,-0.600000,-0.600000,-0.600000,-0.600000,-0.600000,0.600000,-0.600000,-0.600000,-0.600000,0.557380,0.600000,-0.600000,-0.621416,-0.600000,-0.600000,-0.630792,0.600000,-0.600000,0.600000,0.600000,-0.600000,0.600000,-0.600000,-0.600000,-0.600000,0.600000,-0.600000,-0.600000,0.716323,-0.600000,-0.600000,0.559845,-0.600000,-0.600000,-0.600000,-0.600000,0.589158,-0.600000,-0.621416,-0.600000,-0.600000,0.600000,-0.600000,-0.600000,0.600000,-0.600000,-0.600000,-0.600000,-0.600000,0.600000,0.600000,-0.600000,1.000000,-0.600000,0.600000,-0.600000,-0.600000,-0.635443,-0.600000,-0.600000,0.600000
178,0.600000,-0.600000,-0.600000,1.000000,-0.600000,-1.000000,-0.600000,0.600000,0.600000,0.600000,0.600000,-0.600000,-0.600000,-0.600000,-0.600000,-0.600000,0.600000,-0.600000,-0.600000,-0.600000,0.557380,0.600000,-0.600000,-0.621416,-0.600000,-0.600000,-0.630792,0.600000,-0.600000,0.600000,0.600000,-0.600000,0.600000,-0.600000,-0.600000,-0.600000,0.600000,-0.600000,-0.600000,0.716323,-0.600000,-0.600000,0.559845,-0.600000,-0.600000,-0.600000,-0.600000,0.589158,-0.600000,-0.621416,-0.600000,-0.600000,0.600000,-0.600000,-0.600000,0.600000,-0.600000,-0.600000,-0.600000,-0.600000,0.600000,0.600000,-0.600000,1.000000,-0.600000,0.600000,-0.600000,-0.600000,-0.635443,-0.600000,-0.600000,0.600000
179,0.600000,-0.600000,-0.600000,1.000000,-0.600000,-1.000000,-0.600000,0.600000,0.600000,0.600000,0.600000,-0.600000,-0.600000,-0.600000,-0.600000,-0.600000,0.600000,-0.600000,-0.600000,-0.600000,0.557380,0.600000,-0.600000,-0.621416,-0.600000,-0.600000,-0.630792,0.600000,-0.600000,0.600000,0.600000,-0.600000,0.600000,-0.600000,-0.600000,-0.600000,0.600000,-0.600000,-0.600000,0.716323,-0.600000,-0.600000,0.559845,-0.600000,-0.600000,-0.600000,-0.600000,0.589158,-0.600000,-0.621416,-0.600000,-0.600000,0.600000,-0.600000,-0.600000,0.600000,-0.600000,-0.600000,-0.600000,-0.600000,0.600000,0.600000,-0.600000,1.000000,-0.600000,0.600000,-0.600000,-0.600000,-0.635443,-0.600000,-0.600000,0.600000
180,0.600000,-0.600000,-0.600000,1.000000,-0.600000,-1.000000,-0.600000,0.600000,0.600000,0.600000,0.600000,-0.600000,-0.600000,-0.600000,-0.600000,-0.600000,0.600000,-0.600000,-0.600000,-0.600000,0.557380,0.600000,-0.600000,-0.621416,-0.600000,-0.600000,-0.630792,0.600000,-0.600000,0.600000,0.600000,-0.600000,0.600000,-0.600000,-0.600000,-0.600000,0.600000,-0.600000,-0.600000,0.716323,-0.600000,-0.600000,0.559845,-0.600000,-0.600000,-0.600000,-0.600000,0.589158,-0.600000,-0.621416,-0.600000,-0.600000,0.600000,-0.600000,-0.600000,0.600000,-0.600000,-0.600000,-0.600000,-0.600000,0.600000,0.600000,-0.600000,1.000000,-0.600000,0.600000,-0.600000,-0.600000,-0.635443,-0.600000,-0.600000,0.600000
181,0.600000,-0.600000,-0.600000,1.000000,-0.600000,-1.000000,-0.600000,0.600000,0.600000,0.600000,0.600000,-0.600000,-0.600000,-0.600000,-0.600000,-0.600000,0.600000,-0.600000,-0.600000,-0.600000,0.557380,0.600000,-0.600000,-0.621416,-0.600000,-0.600000,-0.630792,0.600000,-0.600000,0.600000,0.600000,-0.600000,0.600000,-0.600000,-0.600000,-0.600000,0.600000,-0.600000,-0.600000,0.716323,-0.600000,-0.600000,0.559845,-0.600000,-0.600000,-0.600000,-0.600000,0.589158,-0.600000,-0.621416,-0.600000,-0.600000,0.600000,-0.600000,-0.600000,0.600000,-0.600000,-0.600000,-0.600000,-0.600000,0.600000,0.600000,-0.600000,1.000000,-0.600000,0.600000,-0.600000,-0.600000,-0.635443,-0.600000,-0.600000,0.600000
182,0.600000,-0.600000,-0.600000,1.000000,-0.600000,-1.000000,-0.600000,0.600000,0.600000,0.600000,0.600000,-0.600000,-0.600000,-0.600000,-0.600000,-0.600000,0.600000,-0.600000,-0.600000,-0.600000,0.557380,0.600000,-0.600000,-0.621416,-0.600000,-0.600000,-0.630792,0.600000,-0.600000,0.600000,0.600000,-0.600000,0.600000,-0.600000,-0.600000,-0.600000,0.600000,-0.600000,-0.600000,0.716323,-0.600000,-0.600000,0.559845,-0.600000,-0.600000,-0.600000,-0.600000,0.589158,-0.600000,-0.621416,-0.600000,-0.600000,0.600000,-0.600000,-0.600000,0.600000,-0.600000,-0.600000,-0.600000,-0.600000,0.600000,0.600000,-0.600000,1.000000,-0.600000,0.600000,-0.600000,-0.600000,-0.635443,-0.600000,-0.600000,0.600000
183,0.600000,-0.600000,-0.600000,1.000000,-0.600000,-1.000000,-0.600000,0.600000,0.600000,0.600000,0.600000,-0.600000,-0.600000,-0.600000,-0.600000,-0.600000,0.600000,-0.600000,-0.600000,-0.600000,0.557380,0.600000,-0.600000,-0.621416,-0.600000,-0.600000,-0.630792,0.600000,-0.600000,0.600000,0.600000,-0.600000,0.600000,-0.600000,-0.600000,-0.600000,0.600000,-0.600000,-0.600000,0.716323,-0.600000,-0.600000,0.559845,-0.600000,-0.600000,-0.600000,-0.600000,0.589158,-0.600000,-0.621416,-0.600000,-0.600000,0.600000,-0.600000,-0.600000,0.600000,-0.600000,-0.600000,-0.600000,-0.600000,0.600000,0.600000,-0.600000,1.000000,-0.600000,0.600000,-0.600000,-0.600000,-0.635443,-0.600000,-0.600000,0.600000
184,0.600000,-0.600000,-0.600000,1.000000,-0.600000,-1.000000,-0.600000,0.600000,0.600000,0.600000,0.600000,-0.600000,-0.600000,-0.600000,-0.600000,-0.600000,0.600000,-0.600000,-0.600000,-0.600000,0.557380,0.600000,-0.600000,-0.621416,-0.600000,-0.600000,-0.630792,0.600000,-0.600000,0.600000,0.600000,-0.600000,0.600000,-0.600000,-0.600000,-0.600000,0.600000,-0.600000,-0.600000,0.716323,-0.600000,-0.600000,0.559845,-0.600000,-0.600000,-0.600000,-0.600000,0.589158,-0.600000,-0.621416,-0.600000,-0.600000,0.600000,-0.600000,-0.600000,0.600000,-0.600000,-0.600000,-0.600000,-0.600000,0.600000,0.600000,-0.600000,1.000000,-0.600000,0.600000,-0.600000,-0.600000,-0.635443,-0.600000,-0.600000,0.600000
185,0.600000,-0.600000,-0.600000,1.000000,-0.600000,-1.000000,-0.600000,0.600000,0.600000,0.600000,0.600000,-0.600000,-0.600000,-0.600000,-0.600000,-0.600000,0.600000,-0.600000,-0.600000,-0.600000,0.557380,0.600000,-0.600000,-0.621416,-0.600000,-0.600000,-0.630792,0.600000,-0.600000,0.600000,0.600000,-0.600000,0.600000,-0.600000,-0.600000,-0.600000,0.600000,-0.600000,-0.600000,0.716323,-0.600000,-0.600000,0.559845,-0.600000,-0.600000,-0.600000,-0.600000,0.589158,-0.600000,-0.621416,-0.600000,-0.600000,0.600000,-0.600000,-0.600000,0.600000,-0.600000,-0.600000,-0.600000,-0.600000,0.600000,0.600000,-0.600000,1.000000,-0.600000,0.600000,-0.600000,-0.600000,-0.635443,-0.600000,-0.600000,0.600000
186,0.600000,-0.600000,-0.600000,1.000000,-0.600000,-1.000000,-0.600000,0.600000,0.600000,0.600000,0.600000,-0.600000,-0.600000,-0.600000,-0.600000,-0.600000,0.600000,-0.600000,-0.600000,-0.600000,0.557380,0.600000,-0.600000,-0.621416,-0.600000,-0.600000,-0.630792,0.600000,-0.600000,0.600000,0.600000,-0.600000,0.600000,-0.600000,-0.600000,-0.600000,0.600000,-0.600000,-0.600000,0.716323,-0.600000,-0.600000,0.559845,-0.600000,-0.600000,-0.600000,-0.600000,0.589158,-0.600000,-0.621416,-0.600000,-0.600000,0.600000,-0.600000,-0.600000,0.600000,-0.600000,-0.600000,-0.600000,-0.600000,0.600000,0.600000,-0.600000,1.000000,-0.600000,0.600000,-0.600000,-0.600000,-0.635443,-0.600000,-0.600000,0.600000
187,0.600000,-0.600000,-0.600000,1.000000,-0.600000,-1.000000,-0.600000,0.600000,0.600000,0.600000,0.600000,-0.600000,-0.600000,-0.600000,-0.600000,-0.600000,0.600000,-0.600000,-0.600000,-0.600000,0.557380,0.600000,-0.600000,-0.621416,-0.600000,-0.600000,-0.630792,0.600000,-0.600000,0.600000,0.600000,-0.600000,0.600000,-0.600000,-0.600000,-0.600000,0.600000,-0.600000,-0.600000,0.716323,-0.600000,-0.600000,0.559845,-0.600000,-0.600000,-0.600000,-0.600000,0.589158,-0.600000,-0.621416,-0.600000,-0.600000,0.600000,-0.600000,-0.600000,0.600000,-0.600000,-0.600000,-0.600000,-0.600000,0.600000,0.600000,-0.600000,1.000000,-0.600000,0.600000,-0.600000,-0.600000,-0.635443,-0.600000,-0.600000,0.600000
188,0.600000,-0.600000,-0.600000,1.000000,-0.600000,-1.000000,-0.600000,0.600000,0.600000,0.600000,0.600000,-0.600000,-0.600000,-0.600000,-0.600000,-0.600000,0.600000,-0.600000,-0.600000,-0.600000,0.557380,0.600000,-0.600000,-0.621416,-0.600000,-0.600000,-0.630792,0.600000,-0.600000,0.600000,0.600000,-0.600000,0.600000,-0.600000,-0.600000,-0.600000,0.600000,-0.600000,-0.600000,0.716323,-0.600000,-0.600000,0.559845,-0.600000,-0.600000,-0.600000,-0.600000,0.589158,-0.600000,-0.621416,-0.600000,-0.600000,0.600000,-0.600000,-0.600000,0.600000,-0.600000,-0.600000,-0.600000,-0.600000,0.600000,0.600000,-0.600000,1.000000,-0.600000,0.600000,-0.600000,-0.600000,-0.635443,-0.600000,-0.600000,0.600000
189,0.600000,-0.600000,-0.600000,1.000000,-0.600000,-1.000000,-0.600000,0.600000,0.600000,0.600000,0.600000,-0.600000,-0.600000,-0.600000,-0.600000,-0.600000,0.600000,-0.600000,-0.600000,-0.600000,0.557380,0.600000,-0.600000,-0.621416,-0.600000,-0.600000,-0.630792,0.600000,-0.600000,0.600000,0.600000,-0.600000,0.600000,-0.600000,-0.600000,-0.600000,0.600000,-0.600000,-0.600000,0.716323,-0.600000,-0.600000,0.559845,-0.600000,-0.600000,-0.600000,-0.600000,0.589158,-0.600000,-0.621416,-0.600000,-0.600000,0.600000,-0.600000,-0.600000,0.600000,-0.600000,-0.600000,-0.600000,-0.600000,0.600000,0.600000,-0.600000,1.000000,-0.600000,0.600000,-0.600000,-0.600000,-0.635443,-0.600000,-0.600000,0.600000
190,0.600000,-0.600000,-0.600000,1.000000,-0.600000,-1.000000,-0.600000,0.600000,0.600000,0.600000,0.600000,-0.600000,-0.600000,-0.600000,-0.600000,-0.600000,0.600000,-0.600000,-0.600000,-0.600000,0.557380,0.600000,-0.600000,-0.621416,-0.600000,-0.600000,-0.630792,0.600000,-0.600000,0.600000,0.600000,-0.600000,0.600000,-0.600000,-0.600000,-0.600000,0.600000,-0.600000,-0.600000,0.716323,-0.600000,-0.600000,0.559845,-0.600000,-0.600000,-0.600000,-0.600000,0.589158,-0.600000,-0.621416,-0.600000,-0.600000,0.600000,-0.600000,-0.600000,0.600000,-0.600000,-0.600000,-0.600000,-0.600000,0.600000,0.600000,-0.600000,1.000000,-0.600000,0.600000,-0.600000,-0.600000,-0.635443,-0.600000,-0.600000,0.600000
191,0.600000,-0.600000,-0.600000,1.000000,-0.600000,-1.000000,-0.600000,0.600000,0.600000,0.600000,0.600000,-0.600000,-0.600000,-0.600000,-0.600000,-0.600000,0.600000,-0.600000,-0.600000,-0.600000,0.557380,0.600000,-0.600000,-0.621416,-0.600000,-0.600000,-0.630792,0.600000,-0.600000,0.600000,0.600000,-0.600000,0.600000,-0.600000,-0.600000,-0.600000,0.600000,-0.600000,-0.600000,0.716323,-0.600000,-0.600000,0.559845,-0.600000,-0.600000,-0.600000,-0.600000,0.589158,-0.600000,-0.621416,-0.600000,-0.600000,0.600000,-0.600000,-0.600000,0.600000,-0.600000,-0.600000,-0.600000,-0.600000,0.600000,0.600000,-0.600000,1.000000,-0.600000,0.600000,-0.600000,-0.600000,-0.635443,-0.600000,-0.600000,0.600000
192,0.600000,-0.600000,-0.600000,1.000000,-0.600000,-1.000000,-0.600000,0.600000,0.600000,0.600000,0.600000,-0.600000,-0.600000,-0.600000,-0.600000,-0.600000,0.600000,-0.600000,-0.600000,-0.600000,0.557380,0.600000,-0.600000,-0.621416,-0.600000,-0.600000,-0.630792,0.600000,-0.600000,0.600000,0.600000,-0.600000,0.600000,-0.600000,-0.600000,-0.600000,0.600000,-0.600000,-0.600000,0.716323,-0.600000,-0.600000,0.559845,-0.600000,-0.600000,-0.600000,-0.600000,0.589158,-0.600000,-0.621416,-0.600000,-0.600000,0.600000,-0.600000,-0.600000,0.600000,-0.600000,-0.600000,-0.600000,-0.600000,0.600000,0.600000,-0.600000,1.000000,-0.600000,0.600000,-0.600000,-0.600000,-0.635443,-0.600000,-0.600000,0.600000
193,0.600000,-0.600000,-0.600000,1.000000,-0.600000,-1.000000,-0.600000,0.600000,0.600000,0.600000,0.600000,-0.600000,-0.600000,-0.600000,-0.600000,-0.600000,0.600000,-0.600000,-0.600000,-0.600000,0.557380,0.600000,-0.600000,-0.621416,-0.600000,-0.600000,-0.630792,0.600000,-0.600000,0.600000,0.600000,-0.600000,0.600000,-0.600000,-0.600000,-0.600000,0.600000,-0.600000,-0.600000,0.716323,-0.600000,-0.600000,0.559845,-0.600000,-0.600000,-0.600000,-0.600000,0.589158,-0.600000,-0.621416,-0.600000,-0.600000,0.600000,-0.600000,-0.600000,0.600000,-0.600000,-0.600000,-0.600000,-0.600000,0.600000,0.600000,-0.600000,1.000000,-0.600000,0.600000,-0.600000,-0.600000,-0.635443,-0.600000,-0.600000,0.600000
194,0.600000,-0.600000,-0.600000,1.000000,-0.600000,-1.000000,-0.600000,0.600000,0.600000,0.600000,0.600000,-0.600000,-0.600000,-0.600000,-0.600000,-0.600000,0.600000,-0.600000,-0.600000,-0.600000,0.557380,0.600000,-0.600000,-0.621416,-0.600000,-0.600000,-0.630792,0.600000,-0.600000,0.600000,0.600000,-0.600000,0.600000,-0.600000,-0.600000,-0.600000,0.600000,-0.600000,-0.600000,0.716323,-0.600000,-0.600000,0.559845,-0.600000,-0.600000,-0.600000,-0.600000,0.589158,-0.600000,-0.621416,-0.600000,-0.600000,0.600000,-0.600000,-0.600000,0.600000,-0.600000,-0.600000,-0.600000,-0.600000,0.600000,0.600000,-0.600000,1.000000,-0.600000,0.600000,-0.600000,-0.600000,-0.635443,-0.600000,-0.600000,0.600000
195,0.600000,-0.600000,-0.600000,1.000000,-0.600000,-1.000000,-0.600000,0.600000,0.600000,0.600000,0.600000,-0.600000,-0.600000,-0.600000,-0.600000,-0.600000,0.600000,-0.600000,-0.600000,-0.600000,0.557380,0.600000,-0.600000,-0.621416,-0.600000,-0.600000,-0.630792,0.600000,-0.600000,0.600000,0.600000,-0.600000,0.600000,-0.600000,-0.600000,-0.600000,0.600000,-0.600000,-0.600000,0.716323,-0.600000,-0.600000,0.559845,-0.600000,-0.600000,-0.600000,-0.600000,0.589158,-0.600000,-0.621416,-0.600000,-0.600000,0.600000,-0.600000,-0.600000,0.600000,-0.600000,-0.600000,-0.600000,-0.600000,0.600000,0.600000,-0.600000,1.000000,-0.600000,0.600000,-0.600000,-0.600000,-0.635443,-0.600000,-0.600000,0.600000
196,0.600000,-0.600000,-0.600000,1.000000,-0.600000,-1.000000,-0.600000,0.600000,0.600000,0.600000,0.600000,-0.600000,-0.600000,-0.600000,-0.600000,-0.600000,0.600000,-0.600000,-0.600000,-0.600000,0.557380,0.600000,-0.600000,-0.621416,-0.600000,-0.600000,-0.630792,0.600000,-0.600000,0.600000,0.600000,-0.600000,0.600000,-0.600000,-0.600000,-0.600000,0.600000,-0.600000,-0.600000,0.716323,-0.600000,-0.600000,0.559845,-0.600000,-0.600000,-0.600000,-0.600000,0.589158,-0.600000,-0.621416,-0.600000,-0.600000,0.600000,-0.600000,-0.600000,0.600000,-0.600000,-0.600000,-0.600000,-0.600000,0.600000,0.600000,-0.600000,1.000000,-0.600000,0.600000,-0.600000,-0.600000,-0.635443,-0.600000,-0.600000,0.600000
197,0.600000,-0.600000,-0.600000,1.000000,-0.600000,-1.000000,-0.600000,0.600000,0.600000,0.600000,0.600000,-0.600000,-0.600000,-0.600000,-0.600000,-0.600000,0.600000,-0.600000,-0.600000,-0.600000,0.557380,0.600000,-0.600000,-0.621416,-0.600000,-0.600000,-0.630792,0.600000,-0.600000,0.600000,0.600000,-0.600000,0.600000,-0.600000,-0.600000,-0.600000,0.600000,-0.600000,-0.600000,0.716323,-0.600000,-0.600000,0.559845,-0.600000,-0.600000,-0.600000,-0.600000,0.589158,-0.600000,-0.621416,-0.600000,-0.600000,0.600000,-0.600000,-0.600000,0.600000,-0.600000,-0.600000,-0.600000,-0.600000,0.600000,0.600000,-0.600000,1.000000,-0.600000,0.600000,-0.600000,-0.600000,-0.635443,-0.600000,-0.600000,0.600000
198,0.600000,-0.600000,-0.600000,1.000000,-0.600000,-1.000000,-0.600000,0.600000,0.600000,0.600000,0.600000,-0.600000,-0.600000,-0.600000,-0.600000,-0.600000,0.600000,-0.600000,-0.600000,-0.600000,0.557380,0.600000,-0.600000,-0.621416,-0.600000,-0.600000,-0.630792,0.600000,-0.600000,0.600000,0.600000,-0.600000,0.600000,-0.600000,-0.600000,-0.600000,0.600000,-0.600000,-0.600000,0.716323,-0.600000,-0.600000,0.559845,-0.600000,-0.600000,-0.600000,-0.600000,0.589158,-0.600000,-0.621416,-0.600000,-0.600000,0.600000,-0.600000,-0.600000,0.600000,-0.600000,-0.600000,-0.600000,-0.600000,0.600000,0.600000,-0.600000,1.000000,-0.600000,0.600000,-0.600000,-0.600000,-0.635443,-0.600000,-0.600000,0.600000
199,0.600000,-0.600000,-0.600000,1.000000,-0.600000,-1.000000,-0.600000,0.600000,0.600000,0.600000,0.600000,-0.600000,-0.600000,-0.600000,-0.600000,-0.600000,0.600000,-0.600000,-0.600000,-0.600000,0.557380,0.600000,-0.600000,-0.621416,-0.600000,-0.600000,-0.630792,0.600000,-0.600000,0.600000,0.600000,-0.600000,0.600000,-0.600000,-0.600000,-0.600000,0.600000,-0.600000,-0.600000,0.716323,-0.600000,-0.600000,0.559845,-0.600000,-0.600000,-0.600000,-0.600000,0.589158,-0.600000,-0.621416,-0.600000,-0.600000,0.600000,-0.600000,-0.600000,0.600000,-0.600000,-0.600000,-0.600000,-0.600000,0.600000,0.600000,-0.600000,1.000000,-0.600000,0.600000,-0.600000,-0.600000,-0.635443,-0.600000,-0.600000,0.600000
200,0.600000,-0.600000,-0.600000,1.000000,-0.600000,-1.000000,-0.600000,0.600000,0.600000,0.600000,0.600000,-0.600000,-0.600000,-0.600000,-0.600000,-0.600000,0.600000,-0.600000,-0.600000,-0.600000,0.557380,0.600000,-0.600000,-0.621416,-0.600000,-0.600000,-0.630792,0.600000,-0.600000,0.600000,0.600000,-0.600000,0.600000,-0.600000,-0.600000,-0.600000,0.600000,-0.600000,-0.600000,0.716323,-0.600000,-0.600000,0.559845,-0.600000,-0.600000,-0.600000,-0.600000,0.589158,-0.600000,-0.621416,-0.600000,-0.600000,0.600000,-0.600000,-0.600000,0.600000,-0.600000,-0.600000,-0.600000,-0.600000,0.600000,0.600000,-0.600000,1.000000,-0.600000,0.600000,-0.600000,-0.600000,-0.635443,-0.600000,-0.600000,0.600000
201,0.600000,-0.600000,-0.600000,1.000000,-0.600000,-1.000000,-0.600000,0.600000,0.600000,0.600000,0.600000,-0.600000,-0.600000,-0.600000,-0.600000,-0.600000,0.600000,-0.600000,-0.600000,-0.600000,0.557380,0.600000,-0.600000,-0.621416,-0.600000,-0.600000,-0.630792,0.600000,-0.600000,0.600000,0.600000,-0.600000,0.600000,-0.600000,-0.600000,-0.600000,0.600000,-0.600000,-0.600000,0.716323,-0.600000,-0.600000,0.559845,-0.600000,-0.600000,-0.600000,-0.600000,0.589158,-0.600000,-0.621416,-0.600000,-0.600000,0.600000,-0.600000,-0.600000,0.600000,-0.600000,-0.600000,-0.600000,-0.600000,0.600000,0.600000,-0.600000,1.000000,-0.600000,0.600000,-0.600000,-0.600000,-0.635443,-0.600000,-0.600000,0.600000
202,0.600000,-0.600000,-0.600000,1.000000,-0.600000,-1.000000,-0.600000,0.600000,0.600000,0.600000,0.600000,-0.600000,-0.600000,-0.600000,-0.600000,-0.600000,0.600000,-0.600000,-0.600000,-0.600000,0.557380,0.600000,-0.600000,-0.621416,-0.600000,-0.600000,-0.630792,0.600000,-0.600000,0.600000,0.600000,-0.600000,0.600000,-0.600000,-0.600000,-0.600000,0.600000,-0.600000,-0.600000,0.716323,-0.600000,-0.600000,0.559845,-0.600000,-0.600000,-0.600000,-0.600000,0.589158,-0.600000,-0.621416,-0.600000,-0.600000,0.600000,-0.600000,-0.600000,0.600000,-0.600000,-0.600000,-0.600000,-0.600000,0.600000,0.600000,-0.600000,1.000000,-0.600000,0.600000,-0.600000,-0.600000,-0.635443,-0.600000,-0.600000,0.600000
203,0.600000,-0.600000,-0.600000,1.000000,-0.600000,-1.000000,-0.600000,0.600000,0.600000,0.600000,0.600000,-0.600000,-0.600000,-0.600000,-0.600000,-0.600000,0.600000,-0.600000,-0.600000,-0.600000,0.557380,0.600000,-0.600000,-0.621416,-0.600000,-0.600000,-0.630792,0.600000,-0.600000,0.600000,0.600000,-0.600000,0.600000,-0.600000,-0.600000,-0.600000,0.600000,-0.600000,-0.600000,0.716323,-0.600000,-0.600000,0.559845,-0.600000,-0.600000,-0.600000,-0.600000,0.589158,-0.600000,-0.621416,-0.600000,-0.600000,0.600000,-0.600000,-0.600000,0.600000,-0.600000,-0.600000,-0.600000,-0.600000,0.600000,0.600000,-0.600000,1.000000,-0.600000,0.600000,-0.600000,-0.600000,-0.635443,-0.600000,-0.600000,0.600000
204,0.600000,-0.600000,-0.600000,1.000000,-0.600000,-1.000000,-0.600000,0.600000,0.600000,0.600000,0.600000,-0.600000,-0.600000,-0.600000,-0.600000,-0.600000,0.600000,-0.600000,-0.600000,-0.600000,0.557380,0.600000,-0.600000,-0.621416,-0.600000,-0.600000,-0.630792,0.600000,-0.600000,0.600000,0.600000,-0.600000,0.600000,-0.600000,-0.600000,-0.600000,0.600000,-0.600000,-0.600000,0.716323,-0.600000,-0.600000,0.559845,-0.600000,-0.600000,-0.600000,-0.600000,0.589158,-0.600000,-0.621416,-0.600000,-0.600000,0.600000,-0.600000,-0.600000,0.600000,-0.600000,-0.600000,-0.600000,-0.600000,0.600000,0.600000,-0.600000,1.000000,-0.600000,0.600000,-0.600000,-0.600000,-0.635443,-0.600000,-0.600000,0.600000
205,0.600000,-0.600000,-0.600000,1.000000,-0.600000,-1.000000,-0.600000,0.600000,0.600000,0.600000,0.600000,-0.600000,-0.600000,-0.600000,-0.600000,-0.600000,0.600000,-0.600000,-0.600000,-0.600000,0.557380,0.600000,-0.600000,-0.621416,-0.600000,-0.600000,-0.630792,0.600000,-0.600000,0.600000,0.600000,-0.600000,0.600000,-0.600000,-0.600000,-0.600000,0.600000,-0.600000,-0.600000,0.716323,-0.600000,-0.600000,0.559845,-0.600000,-0.600000,-0.600000,-0.600000,0.589158,-0.600000,-0.621416,-0.600000,-0.600000,0.600000,-0.600000,-0.600000,0.600000,-0.600000,-0.600000,-0.600000,-0.600000,0.600000,0.600000,-0.600000,1.000000,-0.600000,0.600000,-0.600000,-0.600000,-0.635443,-0.600000,-0.600000,0.600000
206,0.600000,-0.600000,-0.600000,1.000000,-0.600000,-1.000000,-0.600000,0.600000,0.600000,0.600000,0.600000,-0.600000,-0.600000,-0.600000,-0.600000,-0.600000,0.600000,-0.600000,-0.600000,-0.600000,0.557380,0.600000,-0.600000,-0.621416,-0.600000,-0.600000,-0.630792,0.600000,-0.600000,0.600000,0.600000,-0.600000,0.600000,-0.600000,-0.600000,-0.600000,0.600000,-0.600000,-0.600000,0.716323,-0.600000,-0.600000,0.559845,-0.600000,-0.600000,-0.600000,-0.600000,0.589158,-0.600000,-0.621416,-0.600000,-0.600000,0.600000,-0.600000,-0.600000,0.600000,-0.600000,-0.600000,-0.600000,-0.600000,0.600000,0.600000,-0.600000,1.000000,-0.600000,0.600000,-0.600000,-0.600000,-0.635443,-0.600000,-0.600000,0.600000
207,0.600000,-0.600000,-0.600000,1.000000,-0.600000,-1.000000,-0.600000,0.600000,0.600000,0.600000,0.600000,-0.600000,-0.600000,-0.600000,-0.600000,-0.600000,0.600000,-0.600000,-0.600000,-0.600000,0.557380,0.600000,-0.600000,-0.621416,-0.600000,-0.600000,-0.630792,0.600000,-0.600000,0.600000,0.600000,-0.600000,0.600000,-0.600000,-0.600000,-0.600000,0.600000,-0.600000,-0.600000,0.716323,-0.600000,-0.600000,0.559845,-0.600000,-0.600000,-0.600000,-0.600000,0.589158,-0.600000,-0.621416,-0.600000,-0.600000,0.600000,-0.600000,-0.600000,0.600000,-0.600000,-0.600000,-0.600000,-0.600000,0.600000,0.600000,-0.600000,1.000000,-0.600000,0.600000,-0.600000,-0.600000,-0.635443,-0.600000,-0.600000,0.600000
208,0.600000,-0.600000,-0.600000,1.000000,-0.600000,-1.000000,-0.600000,0.600000,0.600000,0.600000,0.600000,-0.600000,-0.600000,-0.600000,-0.600000,-0.600000,0.600000,-0.600000,-0.600000,-0.600000,0.557380,0.600000,-0.600000,-0.621416,-0.600000,-0.600000,-0.630792,0.600000,-0.600000,0.600000,0.600000,-0.600000,0.600000,-0.600000,-0.600000,-0.600000,0.600000,-0.600000,-0.600000,0.716323,-0.600000,-0.600000,0.559845,-0.600000,-0.600000,-0.600000,-0.600000,0.589158,-0.600000,-0.621416,-0.600000,-0.600000,0.600000,-0.600000,-0.600000,0.600000,-0.600000,-0.600000,-0.600000,-0.600000,0.600000,0.600000,-0.600000,1.000000,-0.600000,0.600000,-0.600000,-0.600000,-0.635443,-0.600000,-0.600000,0.600000
209,0.600000,-0.600000,-0.600000,1.000000,-0.600000,-1.000000,-0.600000,0.600000,0.600000,0.600000,0.600000,-0.600000,-0.600000,-0.600000,-0.600000,-0.600000,0.600000,-0.600000,-0.600000,-0.600000,0.557380,0.600000,-0.600000,-0.621416,-0.600000,-0.600000,-0.630792,0.600000,-0.600000,0.600000,0.600000,-0.600000,0.600000,-0.600000,-0.600000,-0.600000,0.600000,-0.600000,-0.600000,0.716323,-0.600000,-0.600000,0.559845,-0.600000,-0.600000,-0.600000,-0.600000,0.589158,-0.600000,-0.621416,-0.600000,-0.600000,0.600000,-0.600000,-0.600000,0.600000,-0.600000,-0.600000,-0.600000,-0.600000,0.600000,0.600000,-0.600000,1.000000,-0.600000,0.600000,-0.600000,-0.600000,-0.635443,-0.600000,-0.600000,0.600000
210,0.600000,-0.600000,-0.600000,1.000000,-0.600000,-1.000000,-0.600000,0.600000,0.600000,0.600000,0.600000,-0.600000,-0.600000,-0.600000,-0.600000,-0.600000,0.600000,-0.600000,-0.600000,-0.600000,0.557380,0.600000,-0.600000,-0.621416,-0.600000,-0.600000,-0.630792,0.600000,-0.600000,0.600000,0.600000,-0.600000,0.600000,-0.600000,-0.600000,-0.600000,0.600000,-0.600000,-0.600000,0.716323,-0.600000,-0.600000,0.559845,-0.600000,-0.600000,-0.600000,-0.600000,0.589158,-0.600000,-0.621416,-0.600000,-0.600000,0.600000,-0.600000,-0.600000,0.600000,-0.600000,-0.600000,-0.600000,-0.600000,0.600000,0.600000,-0.600000,1.000000,-0.600000,0.600000,-0.600000,-0.600000,-0.635443,-0.600000,-0.600000,0.600000
211,0.600000,-0.600000,-0.600000,1.000000,-0.600000,-1.000000,-0.600000,0.600000,0.600000,0.600000,0.600000,-0.600000,-0.600000,-0.600000,-0.600000,-0.600000,0.600000,-0.600000,-0.600000,-0.600000,0.557380,0.600000,-0.600000,-0.621416,-0.600000,-0.600000,-0.630792,0.600000,-0.600000,0.600000,0.600000,-0.600000,0.600000,-0.600000,-0.600000,-0.600000,0.600000,-0.600000,-0.600000,0.716323,-0.600000,-0.600000,0.559845,-0.600000,-0.600000,-0.600000,-0.600000,0.589158,-0.600000,-0.621416,-0.600000,-0.600000,0.600000,-0.600000,-0.600000,0.600000,-0.600000,-0.600000,-0.600000,-0.600000,0.600000,0.600000,-0.600000,1.000000,-0.600000,0.600000,-0.600000,-0.600000,-0.635443,-0.600000,-0.600000,0.600000
212,0.600000,-0.600000,-0.600000,1.000000,-0.600000,-1.000000,-0.600000,0.600000,0.600000,0.600000,0.600000,-0.600000,-0.600000,-0.600000,-0.600000,-0.600000,0.600000,-0.600000,-0.600000,-0.600000,0.557380,0.600000,-0.600000,-0.621416,-0.600000,-0.600000,-0.630792,0.600000,-0.600000,0.600000,0.600000,-0.600000,0.600000,-0.600000,-0.600000,-0.600000,0.600000,-0.600000,-0.600000,0.716323,-0.600000,-0.600000,0.559845,-0.600000,-0.600000,-0.600000,-0.600000,0.589158,-0.600000,-0.621416,-0.600000,-0.600000,0.600000,-0.600000,-0.600000,0.600000,-0.600000,-0.600000,-0.600000,-0.600000,0.600000,0.600000,-0.600000,1.000000,-0.600000,0.600000,-0.600000,-0.600000,-0.635443,-0.600000,-0.600000,0.600000
213,0.600000,-0.600000,-0.600000,1.000000,-0.600000,-1.000000,-0.600000,0.600000,0.600000,0.600000,0.600000,-0.600000,-0.600000,-0.600000,-0.600000,-0.600000,0.600000,-0.600000,-0.600000,-0.600000,0.557380,0.600000,-0.600000,-0.621416,-0.600000,-0.600000,-0.630792,0.600000,-0.600000,0.600000,0.600000,-0.600000,0.600000,-0.600000,-0.600000,-0.600000,0.600000,-0.600000,-0.600000,0.716323,-0.600000,-0.600000,0.559845,-0.600000,-0.600000,-0.600000,-0.600000,0.589158,-0.600000,-0.621416,-0.600000,-0.600000,0.600000,-0.600000,-0.600000,0.600000,-0.600000,-0.600000,-0.600000,-0.600000,0.600000,0.600000,-0.600000,1.000000,-0.600000,0.600000,-0.600000,-0.600000,-0.635443,-0.600000,-0.600000,0.600000
214,0.600000,-0.600000,-0.600000,1.000000,-0.600000,-1.000000,-0.600000,0.600000,0.600000,0.600000,0.600000,-0.600000,-0.600000,-0.600000,-0.600000,-0.600000,0.600000,-0.600000,-0.600000,-0.600000,0.557380,0.600000,-0.600000,-0.621416,-0.600000,-0.600000,-0.630792,0.600000,-0.600000,0.600000,0.600000,-0.600000,0.600000,-0.600000,-0.600000,-0.600000,0.600000,-0.600000,-0.600000,0.716323,-0.600000,-0.600000,0.559845,-0.600000,-0.600000,-0.600000,-0.600000,0.589158,-0.600000,-0.621416,-0.600000,-0.600000,0.600000,-0.600000,-0.600000,0.600000,-0.600000,-0.600000,-0.600000,-0.600000,0.600000,0.600000,-0.600000,1.000000,-0.600000,0.600000,-0.600000,-0.600000,-0.635443,-0.600000,-0.600000,0.600000
215,0.600000,-0.600000,-0.600000,1.000000,-0.600000,-1.000000,-0.600000,0.600000,0.600000,0.600000,0.600000,-0.600000,-0.600000,-0.600000,-0.600000,-0.600000,0.600000,-0.600000,-0.600000,-0.600000,0.557380,0.600000,-0.600000,-0.621416,-0.600000,-0.600000,-0.630792,0.600000,-0.600000,0.600000,0.600000,-0.600000,0.600000,-0.600000,-0.600000,-0.600000,0.600000,-0.600000,-0.600000,0.716323,-0.600000,-0.600000,0.559845,-0.600000,-0.600000,-0.600000,-0.600000,0.589158,-0.600000,-0.621416,-0.600000,-0.600000,0.600000,-0.600000,-0.600000,0.600000,-0.600000,-0.600000,-0.600000,-0.600000,0.600000,0.600000,-0.600000,1.000000,-0.600000,0.600000,-0.600000,-0.600000,-0.635443,-0.600000,-0.600000,0.600000
216,0.600000,-0.600000,-0.600000,1.000000,-0.600000,-1.000000,-0.600000,0.600000,0.600000,0.600000,0.600000,-0.600000,-0.600000,-0.600000,-0.600000,-0.600000,0.600000,-0.600000,-0.600000,-0.600000,0.557380,0.600000,-0.600000,-0.621416,-0.600000,-0.600000,-0.630792,0.600000,-0.600000,0.600000,0.600000,-0.600000,0.600000,-0.600000,-0.600000,-0.600000,0.600000,-0.600000,-0.600000,0.716323,-0.600000,-0.600000,0.559845,-0.600000,-0.600000,-0.600000,-0.600000,0.589158,-0.600000,-0.621416,-0.600000,-0.600000,0.600000,-0.600000,-0.600000,0.600000,-0.600000,-0.600000,-0.600000,-0.600000,0.600000,0.600000,-0.600000,1.000000,-0.600000,0.600000,-0.600000,-0.600000,-0.635443,-0.600000,-0.600000,0.600000
217,0.600000,-0.600000,-0.600000,1.000000,-0.600000,-1.000000,-0.600000,0.600000,0.600000,0.600000,0.600000,-0.600000,-0.600000,-0.600000,-0.600000,-0.600000,0.600000,-0.600000,-0.600000,-0.600000,0.557380,0.600000,-0.600000,-0.621416,-0.600000,-0.600000,-0.630792,0.600000,-0.600000,0.600000,0.600000,-0.600000,0.600000,-0.600000,-0.600000,-0.600000,0.600000,-0.600000,-0.600000,0.716323,-0.600000,-0.600000,0.559845,-0.600000,-0.600000,-0.600000,-0.600000,0.589158,-0.600000,-0.621416,-0.600000,-0.600000,0.600000,-0.600000,-0.600000,0.600000,-0.600000,-0.600000,-0.600000,-0.600000,0.600000,0.600000,-0.600000,1.000000,-0.600000,0.600000,-0.600000,-0.600000,-0.635443,-0.600000,-0.600000,0.600000
218,0.600000,-0.600000,-0.600000,1.000000,-0.600000,-1.000000,-0.600000,0.600000,0.600000,0.600000,0.600000,-0.600000,-0.600000,-0.600000,-0.600000,-0.600000,0.600000,-0.600000,-0.600000,-0.600000,0.557380,0.600000,-0.600000,-0.621416,-0.600000,-0.600000,-0.630792,0.600000,-0.600000,0.600000,0.600000,-0.600000,0.600000,-0.600000,-0.600000,-0.600000,0.600000,-0.600000,-0.600000,0.716323,-0.600000,-0.600000,0.559845,-0.600000,-0.600000,-0.600000,-0.600000,0.589158,-0.600000,-0.621416,-0.600000,-0.600000,0.600000,-0.600000,-0.600000,0.600000,-0.600000,-0.600000,-0.600000,-0.600000,0.600000,0.600000,-0.600000,1.000000,-0.600000,0.600000,-0.600000,-0.600000,-0.635443,-0.600000,-0.600000,0.600000
219,0.600000,-0.600000,-0.600000,1.000000,-0.600000,-1.000000,-0.600000,0.600000,0.600000,0.600000,0.600000,-0.600000,-0.600000,-0.600000,-0.600000,-0.600000,0.600000,-0.600000,-0.600000,-0.600000,0.557380,0.600000,-0.600000,-0.621416,-0.600000,-0.600000,-0.630792,0.600000,-0.600000,0.600000,0.600000,-0.600000,0.600000,-0.600000,-0.600000,-0.600000,0.600000,-0.600000,-0.600000,0.716323,-0.600000,-0.600000,0.559845,-0.600000,-0.600000,-0.600000,-0.600000,0.589158,-0.600000,-0.621416,-0.600000,-0.600000,0.600000,-0.600000,-0.600000,0.600000,-0.600000,-0.600000,-0.600000,-0.600000,0.600000,0.600000,-0.600000,1.000000,-0.600000,0.600000,-0.600000,-0.600000,-0.635443,-0.600000,-0.600000,0.600000
220,0.600000,-0.600000,-0.600000,1.000000,-0.600000,-1.000000,-0.600000,0.600000,0.600000,0.600000,0.600000,-0.600000,-0.600000,-0.600000,-0.600000,-0.600000,0.600000,-0.600000,-0.600000,-0.600000,0.557380,0.600000,-0.600000,-0.621416,-0.600000,-0.600000,-0.630792,0.600000,-0.600000,0.600000,0.600000,-0.600000,0.600000,-0.600000,-0.600000,-0.600000,0.600000,-0.600000,-0.600000,0.716323,-0.600000,-0.600000,0.559845,-0.600000,-0.600000,-0.600000,-0.600000,0.589158,-0.600000,-0.621416,-0.600000,-0.600000,0.600000,-0.600000,-0.600000,0.600000,-0.600000,-0.600000,-0.600000,-0.600000,0.600000,0.600000,-0.600000,1.000000,-0.600000,0.600000,-0.600000,-0.600000,-0.635443,-0.600000,-0.600000,0.600000
221,0.600000,-0.600000,-0.600000,1.000000,-0.600000,-1.000000,-0.600000,0.600000,0.600000,0.600000,0.600000,-0.600000,-0.600000,-0.600000,-0.600000,-0.600000,0.600000,-0.600000,-0.600000,-0.600000,0.557380,0.600000,-0.600000,-0.621416,-0.600000,-0.600000,-0.630792,0.600000,-0.600000,0.600000,0.600000,-0.600000,0.600000,-0.600000,-0.600000,-0.600000,0.600000,-0.600000,-0.600000,0.716323,-0.600000,-0.600000,0.559845,-0.600000,-0.600000,-0.600000,-0.600000,0.589158,-0.600000,-0.621416,-0.600000,-0.600000,0.600000,-0.600000,-0.600000,0.600000,-0.600000,-0.600000,-0.600000,-0.600000,0.600000,0.600000,-0.600000,1.000000,-0.600000,0.600000,-0.600000,-0.600000,-0.635443,-0.600000,-0.600000,0.600000
222,0.600000,-0.600000,-0.600000,1.000000,-0.600000,-1.000000,-0.600000,0.600000,0.600000,0.600000,0.600000,-0.600000,-0.600000,-0.600000,-0.600000,-0.600000,0.600000,-0.600000,-0.600000,-0.600000,0.557380,0.600000,-0.600000,-0.621416,-0.600000,-0.600000,-0.630792,0.600000,-0.600000,0.600000,0.600000,-0.600000,0.600000,-0.600000,-0.600000,-0.600000,0.600000,-0.600000,-0.600000,0.716323,-0.600000,-0.600000,0.559845,-0.600000,-0.600000,-0.600000,-0.600000,0.589158,-0.600000,-0.621416,-0.600000,-0.600000,0.600000,-0.600000,-0.600000,0.600000,-0.600000,-0.600000,-0.600000,-0.600000,0.600000,0.600000,-0.600000,1.000000,-0.600000,0.600000,-0.600000,-0.600000,-0.635443,-0.600000,-0.600000,0.600000
223,0.600000,-0.600000,-0.600000,1.000000,-0.600000,-1.000000,-0.600000,0.600000,0.600000,0.600000,0.600000,-0.600000,-0.600000,-0.600000,-0.600000,-0.600000,0.600000,-0.600000,-0.600000,-0.600000,0.557380,0.600000,-0.600000,-0.621416,-0.600000,-0.600000,-0.630792,0.600000,-0.600000,0.600000,0.600000,-0.600000,0.600000,-0.600000,-0.600000,-0.600000,0.600000,-0.600000,-0.600000,0.716323,-0.600000,-0.600000,0.559845,-0.600000,-0.600000,-0.600000,-0.600000,0.589158,-0.600000,-0.621416,-0.600000,-0.600000,0.600000,-0.600000,-0.600000,0.600000,-0.600000,-0.600000,-0.600000,-0.600000,0.600000,0.600000,-0.600000,1.000000,-0.600000,0.600000,-0.600000,-0.600000,-0.635443,-0.600000,-0.600000,0.600000
224,0.600000,-0.600000,-0.600000,1.000000,-0.600000,-1.000000,-0.600000,0.600000,0.600000,0.600000,0.600000,-0.600000,-0.600000,-0.600000,-0.600000,-0.600000,0.600000,-0.600000,-0.600000,-0.600000,0.557380,0.600000,-0.600000,-0.621416,-0.600000,-0.600000,-0.630792,0.600000,-0.600000,0.600000,0.600000,-0.600000,0.600000,-0.600000,-0.600000,-0.600000,0.600000,-0.600000,-0.600000,0.716323,-0.600000,-0.600000,0.559845,-0.600000,-0.600000,-0.600000,-0.600000,0.589158,-0.600000,-0.621416,-0.600000,-0.600000,0.600000,-0.600000,-0.600000,0.600000,-0.600000,-0.600000,-0.600000,-0.600000,0.600000,0.600000,-0.600000,1.000000,-0.600000,0.600000,-0.600000,-0.600000,-0.635443,-0.600000,-0.600000,0.600000
225,0.600000,-0.600000,-0.600000,1.000000,-0.600000,-1.000000,-0.600000,0.600000,0.600000,0.600000,0.600000,-0.600000,-0.600000,-0.600000,-0.600000,-0.600000,0.600000,-0.600000,-0.600000,-0.600000,0.557380,0.600000,-0.600000,-0.621416,-0.600000,-0.600000,-0.630792,0.600000,-0.600000,0.600000,0.600000,-0.600000,0.600000,-0.600000,-0.600000,-0.600000,0.600000,-0.600000,-0.600000,0.716323,-0.600000,-0.600000,0.559845,-0.600000,-0.600000,-0.600000,-0.600000,0.589158,-0.600000,-0.621416,-0.600000,-0.600000,0.600000,-0.600000,-0.600000,0.600000,-0.600000,-0.600000,-0.600000,-0.600000,0.600000,0.600000,-0.600000,1.000000,-0.600000,0.600000,-0.600000,-0.600000,-0.635443,-0.600000,-0.600000,0.600000
226,0.600000,-0.600000,-0.600000,1.000000,-0.600000,-1.000000,-0.600000,0.600000,0.600000,0.600000,0.600000,-0.600000,-0.600000,-0.600000,-0.600000,-0.600000,0.600000,-0.600000,-0.600000,-0.600000,0.557380,0.600000,-0.600000,-0.621416,-0.600000,-0.600000,-0.630792,0.600000,-0.600000,0.600000,0.600000,-0.600000,0.600000,-0.600000,-0.600000,-0.600000,0.600000,-0.600000,-0.600000,0.716323,-0.600000,-0.600000,0.559845,-0.600000,-0.600000,-0.600000,-0.600000,0.589158,-0.600000,-0.621416,-0.600000,-0.600000,0.600000,-0.600000,-0.600000,0.600000,-0.600000,-0.600000,-0.600000,-0.600000,0.600000,0.600000,-0.600000,1.000000,-0.600000,0.600000,-0.600000,-0.600000,-0.635443,-0.600000,-0.600000,0.600000
227,0.600000,-0.600000,-0.600000,1.000000,-0.600000,-1.000000,-0.600000,0.600000,0.600000,0.600000,0.600000,-0.600000,-0.600000,-0.600000,-0.600000,-0.600000,0.600000,-0.600000,-0.600000,-0.600000,0.557380,0.600000,-0.600000,-0.621416,-0.600000,-0.600000,-0.630792,0.600000,-0.600000,0.600000,0.600000,-0.600000,0.600000,-0.600000,-0.600000,-0.600000,0.600000,-0.600000,-0.600000,0.716323,-0.600000,-0.600000,0.559845,-0.600000,-0.600000,-0.600000,-0.600000,0.589158,-0.600000,-0.621416,-0.600000,-0.600000,0.600000,-0.600000,-0.600000,0.600000,-0.600000,-0.600000,-0.600000,-0.600000,0.600000,0.600000,-0.600000,1.000000,-0.600000,0.600000,-0.600000,-0.600000,-0.635443,-0.600000,-0.600000,0.600000
228,0.600000,-0.600000,-0.600000,1.000000,-0.600000,-1.000000,-0.600000,0.600000,0.600000,0.600000,0.600000,-0.600000,-0.600000,-0.600000,-0.600000,-0.600000,0.600000,-0.600000,-0.600000,-0.600000,0.557380,0.600000,-0.600000,-0.621416,-0.600000,-0.600000,-0.630792,0.600000,-0.600000,0.600000,0.600000,-0.600000,0.600000,-0.600000,-0.600000,-0.600000,0.600000,-0.600000,-0.600000,0.716323,-0.600000,-0.600000,0.559845,-0.600000,-0.600000,-0.600000,-0.600000,0.589158,-0.600000,-0.621416,-0.600000,-0.600000,0.600000,-0.600000,-0.600000,0.600000,-0.600000,-0.600000,-0.600000,-0.600000,0.600000,0.600000,-0.600000,1.000000,-0.600000,0.600000,-0.600000,-0.600000,-0.635443,-0.600000,-0.600000,0.600000
229,0.600000,-0.600000,-0.600000,1.000000,-0.600000,-1.000000,-0.600000,0.600000,0.600000,0.600000,0.600000,-0.600000,-0.600000,-0.600000,-0.600000,-0.600000,0.600000,-0.600000,-0.600000,-0.600000,0.557380,0.600000,-0.600000,-0.621416,-0.600000,-0.600000,-0.630792,0.600000,-0.600000,0.600000,0.600000,-0.600000,0.600000,-0.600000,-0.600000,-0.600000,0.600000,-0.600000,-0.600000,0.716323,-0.600000,-0.600000,0.559845,-0.600000,-0.600000,-0.600000,-0.600000,0.589158,-0.600000,-0.621416,-0.600000,-0.600000,0.600000,-0.600000,-0.600000,0.600000,-0.600000,-0.600000,-0.600000,-0.600000,0.600000,0.600000,-0.600000,1.000000,-0.600000,0.600000,-0.600000,-0.600000,-0.635443,-0.600000,-0.600000,0.600000
230,0.600000,-0.600000,-0.600000,1.000000,-0.600000,-1.000000,-0.600000,0.600000,0.600000,0.600000,0.600000,-0.600000,-0.600000,-0.600000,-0.600000,-0.600000,0.600000,-0.600000,-0.600000,-0.600000,0.557380,0.600000,-0.600000,-0.621416,-0.600000,-0.600000,-0.630792,0.600000,-0.600000,0.600000,0.600000,-0.600000,0.600000,-0.600000,-0.600000,-0.600000,0.600000,-0.600000,-0.600000,0.716323,-0.600000,-0.600000,0.559845,-0.600000,-0.600000,-0.600000,-0.600000,0.589158,-0.600000,-0.621416,-0.600000,-0.600000,0.600000,-0.600000,-0.600000,0.600000,-0.600000,-0.600000,-0.600000,-0.600000,0.600000,0.600000,-0.600000,1.000000,-0.600000,0.600000,-0.600000,-0.600000,-0.635443,-0.600000,-0.600000,0.600000
231,0.600000,-0.600000,-0.600000,1.000000,-0.600000,-1.000000,-0.600000,0.600000,0.600000,0.600000,0.600000,-0.600000,-0.600000,-0.600000,-0.600000,-0.600000,0.600000,-0.600000,-0.600000,-0.600000,0.557380,0.600000,-0.600000,-0.621416,-0.600000,-0.600000,-0.630792,0.600000,-0.600000,0.600000,0.600000,-0.600000,0.600000,-0.600000,-0.600000,-0.600000,0.600000,-0.600000,-0.600000,0.716323,-0.600000,-0.600000,0.559845,-0.600000,-0.600000,-0.600000,-0.600000,0.589158,-0.600000,-0.621416,-0.600000,-0.600000,0.600000,-0.600000,-0.600000,0.600000,-0.600000,-0.600000,-0.600000,-0.600000,0.600000,0.600000,-0.600000,1.000000,-0.600000,0.600000,-0.600000,-0.600000,-0.635443,-0.600000,-0.600000,0.600000
232,0.600000,-0.600000,-0.600000,1.000000,-0.600000,-1.000000,-0.600000,0.600000,0.600000,0.600000,0.600000,-0.600000,-0.600000,-0.600000,-0.600000,-0.600000,0.600000,-0.600000,-0.600000,-0.600000,0.557380,0.600000,-0.600000,-0.621416,-0.600000,-0.600000,-0.630792,0.600000,-0.600000,0.600000,0.600000,-0.600000,0.600000,-0.600000,-0.600000,-0.600000,0.600000,-0.600000,-0.600000,0.716323,-0.600000,-0.600000,0.559845,-0.600000,-0.600000,-0.600000,-0.600000,0.589158,-0.600000,-0.621416,-0.600000,-0.600000,0.600000,-0.600000,-0.600000,0.600000,-0.600000,-0.600000,-0.600000,-0.600000,0.600000,0.600000,-0.600000,1.000000,-0.600000,0.600000,-0.600000,-0.600000,-0.635443,-0.600000,-0.600000,0.600000
233,0.600000,-0.600000,-0.600000,1.000000,-0.600000,-1.000000,-0.600000,0.600000,0.600000,0.600000,0.600000,-0.600000,-0.600000,-0.600000,-0.600000,-0.600000,0.600000,-0.600000,-0.600000,-0.600000,0.557380,0.600000,-0.600000,-0.621416,-0.600000,-0.600000,-0.630792,0.600000,-0.600000,0.600000,0.600000,-0.600000,0.600000,-0.600000,-0.600000,-0.600000,0.600000,-0.600000,-0.600000,0.716323,-0.600000,-0.600000,0.559845,-0.600000,-0.600000,-0.600000,-0.600000,0.589158,-0.600000,-0.621416,-0.600000,-0.600000,0.600000,-0.600000,-0.600000,0.600000,-0.600000,-0.600000,-0.600000,-0.600000,0.600000,0.600000,-0.600000,1.000000,-0.600000,0.600000,-0.600000,-0.600000,-0.635443,-0.600000,-0.600000,0.600000
234,0.600000,-0.600000,-0.600000,1.000000,-0.600000,-1.000000,-0.600000,0.600000,0.600000,0.600000,0.600000,-0.600000,-0.600000,-0.600000,-0.600000,-0.600000,0.600000,-0.600000,-0.600000,-0.600000,0.557380,0.600000,-0.600000,-0.621416,-0.600000,-0.600000,-0.630792,0.600000,-0.600000,0.600000,0.600000,-0.600000,0.600000,-0.600000,-0.600000,-0.600000,0.600000,-0.600000,-0.600000,0.716323,-0.600000,-0.600000,0.559845,-0.600000,-0.600000,-0.600000,-0.600000,0.589158,-0.600000,-0.621416,-0.600000,-0.600000,0.600000,-0.600000,-0.600000,0.600000,-0.600000,-0.600000,-0.600000,-0.600000,0.600000,0.600000,-0.600000,1.000000,-0.600000,0.600000,-0.600000,-0.600000,-0.635443,-0.600000,-0.600000,0.600000
235,0.600000,-0.600000,-0.600000,1.000000,-0.600000,-1.000000,-0.600000,0.600000,0.600000,0.600000,0.600000,-0.600000,-0.600000,-0.600000,-0.600000,-0.600000,0.600000,-0.600000,-0.600000,-0.600000,0.557380,0.600000,-0.600000,-0.621416,-0.600000,-0.600000,-0.630792,0.600000,-0.600000,0.600000,0.600000,-0.600000,0.600000,-0.600000,-0.600000,-0.600000,0.600000,-0.600000,-0.600000,0.716323,-0.600000,-0.600000,0.559845,-0.600000,-0.600000,-0.600000,-0.600000,0.589158,-0.600000,-0.621416,-0.600000,-0.600000,0.600000,-0.600000,-0.600000,0.600000,-0.600000,-0.600000,-0.600000,-0.600000,0.600000,0.600000,-0.600000,1.000000,-0.600000,0.600000,-0.600000,-0.600000,-0.635443,-0.600000,-0.600000,0.600000
236,0.600000,-0.600000,-0.600000,1.000000,-0.600000,-1.000000,-0.600000,0.600000,0.600000,0.600000,0.600000,-0.600000,-0.600000,-0.600000,-0.600000,-0.600000,0.600000,-0.600000,-0.600000,-0.600000,0.557380,0.600000,-0.600000,-0.621416,-0.600000,-0.600000,-0.630792,0.600000,-0.600000,0.600000,0.600000,-0.600000,0.600000,-0.600000,-0.600000,-0.600000,0.600000,-0.600000,-0.600000,0.716323,-0.600000,-0.600000,0.559845,-0.600000,-0.600000,-0.600000,-0.600000,0.589158,-0.600000,-0.621416,-0.600000,-0.600000,0.600000,-0.600000,-0.600000,0.600000,-0.600000,-0.600000,-0.600000,-0.600000,0.600000,0.600000,-0.600000,1.000000,-0.600000,0.600000,-0.600000,-0.600000,-0.635443,-0.600000,-0.600000,0.600000
237,0.600000,-0.600000,-0.600000,1.000000,-0.600000,-1.000000,-0.600000,0.600000,0.600000,0.600000,0.600000,-0.600000,-0.600000,-0.600000,-0.600000,-0.600000,0.600000,-0.600000,-0.600000,-0.600000,0.557380,0.600000,-0.600000,-0.621416,-0.600000,-0.600000,-0.630792,0.600000,-0.600000,0.600000,0.600000,-0.600000,0.600000,-0.600000,-0.600000,-0.600000,0.600000,-0.600000,-0.600000,0.716323,-0.600000,-0.600000,0.559845,-0.600000,-0.600000,-0.600000,-0.600000,0.589158,-0.600000,-0.621416,-0.600000,-0.600000,0.600000,-0.600000,-0.600000,0.600000,-0.600000,-0.600000,-0.600000,-0.600000,0.600000,0.600000,-0.600000,1.000000,-0.600000,0.600000,-0.600000,-0.600000,-0.635443,-0.600000,-0.600000,0.600000
238,0.600000,-0.600000,-0.600000,1.000000,-0.600000,-1.000000,-0.600000,0.600000,0.600000,0.600000,0.600000,-0.600000,-0.600000,-0.600000,-0.600000,-0.600000,0.600000,-0.600000,-0.600000,-0.600000,0.557380,0.600000,-0.600000,-0.621416,-0.600000,-0.600000,-0.630792,0.600000,-0.600000,0.600000,0.600000,-0.600000,0.600000,-0.600000,-0.600000,-0.600000,0.600000,-0.600000,-0.600000,0.716323,-0.600000,-0.600000,0.559845,-0.600000,-0.600000,-0.600000,-0.600000,0.589158,-0.600000,-0.621416,-0.600000,-0.600000,0.600000,-0.600000,-0.600000,0.600000,-0.600000,-0.600000,-0.600000,-0.600000,0.600000,0.600000,-0.600000,1.000000,-0.600000,0.600000,-0.600000,-0.600000,-0.635443,-0.600000,-0.600000,0.600000
239,0.600000,-0.600000,-0.600000,1.000000,-0.600000,-1.000000,-0.600000,0.600000,0.600000,0.600000,0.600000,-0.600000,-0.600000,-0.600000,-0.600000,-0.600000,0.600000,-0.600000,-0.600000,-0.600000,0.557380,0.600000,-0.600000,-0.621416,-0.600000,-0.600000,-0.630792,0.600000,-0.600000,0.600000,0.600000,-0.600000,0.600000,-0.600000,-0.600000,-0.600000,0.600000,-0.600000,-0.600000,0.716323,-0.600000,-0.600000,0.559845,-0.600000,-0.600000,-0.600000,-0.600000,0.589158,-0.600000,-0.621416,-0.600000,-0.600000,0.600000,-0.600000,-0.600000,0.600000,-0.600000,-0.600000,-0.600000,-0.600000,0.600000,0.600000,-0.600000,1.000000,-0.600000,0.600000,-0.600000,-0.600000,-0.635443,-0.600000,-0.600000,0.600000
240,0.600000,-0.600000,-0.600000,1.000000,-0.600000,-1.000000,-0.600000,0.600000,0.600000,0.600000,0.600000,-0.600000,-0.600000,-0.600000,-0.600000,-0.600000,0.600000,-0.600000,-0.600000,-0.600000,0.557380,0.600000,-0.600000,-0.621416,-0.600000,-0.600000,-0.630792,0.600000,-0.600000,0.600000,0.600000,-0.600000,0.600000,-0.600000,-0.600000,-0.600000,0.600000,-0.600000,-0.600000,0.716323,-0.600000,-0.600000,0.559845,-0.600000,-0.600000,-0.600000,-0.600000,0.589158,-0.600000,-0.621416,-0.600000,-0.600000,0.600000,-0.600000,-0.600000,0.600000,-0.600000,-0.600000,-0.600000,-0.600000,0.600000,0.600000,-0.600000,1.000000,-0.600000,0.600000,-0.600000,-0.600000,-0.635443,-0.600000,-0.600000,0.600000
241,0.600000,-0.600000,-0.600000,1.000000,-0.600000,-1.000000,-0.600000,0.600000,0.600000,0.600000,0.600000,-0.600000,-0.600000,-0.600000,-0.600000,-0.600000,0.600000,-0.600000,-0.600000,-0.600000,0.557380,0.600000,-0.600000,-0.621416,-0.600000,-0.600000,-0.630792,0.600000,-0.600000,0.600000,0.600000,-0.600000,0.600000,-0.600000,-0.600000,-0.600000,0.600000,-0.600000,-0.600000,0.716323,-0.600000,-0.600000,0.559845,-0.600000,-0.600000,-0.600000,-0.600000,0.589158,-0.600000,-0.621416,-0.600000,-0.600000,0.600000,-0.600000,-0.600000,0.600000,-0.600000,-0.600000,-0.600000,-0.600000,0.600000,0.600000,-0.600000,1.000000,-0.600000,0.600000,-0.600000,-0.600000,-0.635443,-0.600000,-0.600000,0.600000
242,0.600000,-0.600000,-0.600000,1.000000,-0.600000,-1.000000,-0.600000,0.600000,0.600000,0.600000,0.600000,-0.600000,-0.600000,-0.600000,-0.600000,-0.600000,0.600000,-0.600000,-0.600000,-0.600000,0.557380,0.600000,-0.600000,-0.621416,-0.600000,-0.600000,-0.630792,0.600000,-0.600000,0.600000,0.600000,-0.600000,0.600000,-0.600000,-0.600000,-0.600000,0.600000,-0.600000,-0.600000,0.716323,-0.600000,-0.600000,0.559845,-0.600000,-0.600000,-0.600000,-0.600000,0.589158,-0.600000,-0.621416,-0.600000,-0.600000,0.600000,-0.600000,-0.600000,0.600000,-0.600000,-0.600000,-0.600000,-0.600000,0.600000,0.600000,-0.600000,1.000000,-0.600000,0.600000,-0.600000,-0.600000,-0.635443,-0.600000,-0.600000,0.600000
243,0.600000,-0.600000,-0.600000,1.000000,-0.600000,-1.000000,-0.600000,0.600000,0.600000,0.600000,0.600000,-0.600000,-0.600000,-0.600000,-0.600000,-0.600000,0.600000,-0.600000,-0.600000,-0.600000,0.557380,0.600000,-0.600000,-0.621416,-0.600000,-0.600000,-0.630792,0.600000,-0.600000,0.600000,0.600000,-0.600000,0.600000,-0.600000,-0.600000,-0.600000,0.600000,-0.600000,-0.600000,0.716323,-0.600000,-0.600000,0.559845,-0.600000,-0.600000,-0.600000,-0.600000,0.589158,-0.600000,-0.621416,-0.600000,-0.600000,0.600000,-0.600000,-0.600000,0.600000,-0.600000,-0.600000,-0.600000,-0.600000,0.600000,0.600000,-0.600000,1.000000,-0.600000,0.600000,-0.600000,-0.600000,-0.635443,-0.600000,-0.600000,0.600000
244,0.600000,-0.600000,-0.600000,1.000000,-0.600000,-1.000000,-0.600000,0.600000,0.600000,0.600000,0.600000,-0.600000,-0.600000,-0.600000,-0.600000,-0.600000,0.600000,-0.600000,-0.600000,-0.600000,0.557380,0.600000,-0.600000,-0.621416,-0.600000,-0.600000,-0.630792,0.600000,-0.600000,0.600000,0.600000,-0.600000,0.600000,-0.600000,-0.600000,-0.600000,0.600000,-0.600000,-0.600000,0.716323,-0.600000,-0.600000,0.559845,-0.600000,-0.600000,-0.600000,-0.600000,0.589158,-0.600000,-0.621416,-0.600000,-0.600000,0.600000,-0.600000,-0.600000,0.600000,-0.600000,-0.600000,-0.600000,-0.600000,0.600000,0.600000,-0.600000,1.000000,-0.600000,0.600000,-0.600000,-0.600000,-0.635443,-0.600000,-0.600000,0.600000
245,0.600000,-0.600000,-0.600000,1.000000,-0.600000,-1.000000,-0.600000,0.600000,0.600000,0.600000,0.600000,-0.600000,-0.600000,-0.600000,-0.600000,-0.600000,0.600000,-0.600000,-0.600000,-0.600000,0.557380,0.600000,-0.600000,-0.621416,-0.600000,-0.600000,-0.630792,0.600000,-0.600000,0.600000,0.600000,-0.600000,0.600000,-0.600000,-0.600000,-0.600000,0.600000,-0.600000,-0.600000,0.716323,-0.600000,-0.600000,0.559845,-0.600000,-0.600000,-0.600000,-0.600000,0.589158,-0.600000,-0.621416,-0.600000,-0.600000,0.600000,-0.600000,-0.600000,0.600000,-0.600000,-0.600000,-0.600000,-0.600000,0.600000,0.600000,-0.600000,1.000000,-0.600000,0.600000,-0.600000,-0.600000,-0.635443,-0.600000,-0.600000,0.600000
246,0.600000,-0.600000,-0.600000,1.000000,-0.600000,-1.000000,-0.600000,0.600000,0.600000,0.600000,0.600000,-0.600000,-0.600000,-0.600000,-0.600000,-0.600000,0.600000,-0.600000,-0.600000,-0.600000,0.557380,0.600000,-0.600000,-0.621416,-0.600000,-0.600000,-0.630792,0.600000,-0.600000,0.600000,0.600000,-0.600000,0.600000,-0.600000,-0.600000,-0.600000,0.600000,-0.600000,-0.600000,0.716323,-0.600000,-0.600000,0.559845,-0.600000,-0.600000,-0.600000,-0.600000,0.589158,-0.600000,-0.621416,-0.600000,-0.600000,0.600000,-0.600000,-0.600000,0.600000,-0.600000,-0.600000,-0.600000,-0.600000,0.600000,0.600000,-0.600000,1.000000,-0.600000,0.600000,-0.600000,-0.600000,-0.635443,-0.600000,-0.600000,0.600000
247,0.600000,-0.600000,-0.600000,1.000000,-0.600000,-1.000000,-0.600000,0.600000,0.600000,0.600000,0.600000,-0.600000,-0.600000,-0.600000,-0.600000,-0.600000,0.600000,-0.600000,-0.600000,-0.600000,0.557380,0.600000,-0.600000,-0.621416,-0.600000,-0.600000,-0.630792,0.600000,-0.600000,0.600000,0.600000,-0.600000,0.600000,-0.600000,-0.600000,-0.600000,0.600000,-0.600000,-0.600000,0.716323,-0.600000,-0.600000,0.559845,-0.600000,-0.600000,-0.600000,-0.600000,0.589158,-0.600000,-0.621416,-0.600000,-0.600000,0.600000,-0.600000,-0.600000,0.600000,-0.600000,-0.600000,-0.600000,-0.600000,0.600000,0.600000,-0.600000,1.000000,-0.600000,0.600000,-0.600000,-0.600000,-0.635443,-0.600000,-0.600000,0.600000
248,0.600000,-0.600000,-0.600000,1.000000,-0.600000,-1.000000,-0.600000,0.600000,0.600000,0.600000,0.600000,-0.600000,-0.600000,-0.600000,-0.600000,-0.600000,0.600000,-0.600000,-0.600000,-0.600000,0.557380,0.600000,-0.600000,-0.621416,-0.600000,-0.600000,-0.630792,0.600000,-0.600000,0.600000,0.600000,-0.600000,0.600000,-0.600000,-0.600000,-0.600000,0.600000,-0.600000,-0.600000,0.716323,-0.600000,-0.600000,0.559845,-0.600000,-0.600000,-0.600000,-0.600000,0.589158,-0.600000,-0.621416,-0.600000,-0.600000,0.600000,-0.600000,-0.600000,0.600000,-0.600000,-0.600000,-0.600000,-0.600000,0.600000,0.600000,-0.600000,1.000000,-0.600000,0.600000,-0.600000,-0.600000,-0.635443,-0.600000,-0.600000,0.600000
249,0.600000,-0.600000,-0.600000,1.000000,-0.600000,-1.000000,-0.600000,0.600000,0.600000,0.600000,0.600000,-0.600000,-0.600000,-0.600000,-0.600000,-0.600000,0.600000,-0.600000,-0.600000,-0.600000,0.557380,0.600000,-0.600000,-0.621416,-0.600000,-0.600000,-0.630792,0.600000,-0.600000,0.600000,0.600000,-0.600000,0.600000,-0.600000,-0.600000,-0.600000,0.600000,-0.600000,-0.600000,0.716323,-0.600000,-0.600000,0.559845,-0.600000,-0.600000,-0.600000,-0.600000,0.589158,-0.600000,-0.621416,-0.600000,-0.600000,0.600000,-0.600000,-0.600000,0.600000,-0.600000,-0.600000,-0.600000,-0.600000,0.600000,0.600000,-0.600000,1.000000,-0.600000,0.600000,-0.600000,-0.600000,-0.635443,-0.600000,-0.600000,0.600000
250,0.600000,-0.600000,-0.600000,1.000000,-0.600000,-1.000000,-0.600000,0.600000,0.600000,0.600000,0.600000,-0.600000,-0.600000,-0.600000,-0.600000,-0.600000,0.600000,-0.600000,-0.600000,-0.600000,0.557380,0.600000,-0.600000,-0.621416,-0.600000,-0.600000,-0.630792,0.600000,-0.600000,0.600000,0.600000,-0.600000,0.600000,-0.600000,-0.600000,-0.600000,0.600000,-0.600000,-0.600000,0.716323,-0.600000,-0.600000,0.559845,-0.600000,-0.600000,-0.600000,-0.600000,0.589158,-0.600000,-0.621416,-0.600000,-0.600000,0.600000,-0.600000,-0.600000,0.600000,-0.600000,-0.600000,-0.600000,-0.600000,0.600000,0.600000,-0.600000,1.000000,-0.600000,0.600000,-0.600000,-0.600000,-0.635443,-0.600000,-0.600000,0.600000
251,0.600000,-0.600000,-0.600000,1.000000,-0.600000,-1.000000,-0.600000,0.600000,0.600000,0.600000,0.600000,-0.600000,-0.600000,-0.600000,-0.600000,-0.600000,0.600000,-0.600000,-0.600000,-0.600000,0.557380,0.600000,-0.600000,-0.621416,-0.600000,-0.600000,-0.630792,0.600000,-0.600000,0.600000,0.600000,-0.600000,0.600000,-0.600000,-0.600000,-0.600000,0.600000,-0.600000,-0.600000,0.716323,-0.600000,-0.600000,0.559845,-0.600000,-0.600000,-0.600000,-0.600000,0.589158,-0.600000,-0.621416,-0.600000,-0.600000,0.600000,-0.600000,-0.600000,0.600000,-0.600000,-0.600000,-0.600000,-0.600000,0.600000,0.600000,-0.600000,1.000000,-0.600000,0.600000,-0.600000,-0.600000,-0.635443,-0.600000,-0.600000,0.600000
252,0.600000,-0.600000,-0.600000,1.000000,-0.600000,-1.000000,-0.600000,0.600000,0.600000,0.600000,0.600000,-0.600000,-0.600000,-0.600000,-0.600000,-0.600000,0.600000,-0.600000,-0.600000,-0.600000,0.557380,0.600000,-0.600000,-0.621416,-0.600000,-0.600000,-0.630792,0.600000,-0.600000,0.600000,0.600000,-0.600000,0.600000,-0.600000,-0.600000,-0.600000,0.600000,-0.600000,-0.600000,0.716323,-0.600000,-0.600000,0.559845,-0.600000,-0.600000,-0.600000,-0.600000,0.589158,-0.600000,-0.621416,-0.600000,-0.600000,0.600000,-0.600000,-0.600000,0.600000,-0.600000,-0.600000,-0.600000,-0.600000,0.600000,0.600000,-0.600000,1.000000,-0.600000,0.600000,-0.600000,-0.600000,-0.635443,-0.600000,-0.600000,0.600000
253,0.600000,-0.600000,-0.600000,1.000000,-0.600000,-1.000000,-0.600000,0.600000,0.600000,0.600000,0.600000,-0.600000,-0.600000,-0.600000,-0.600000,-0.600000,0.600000,-0.600000,-0.600000,-0.600000,0.557380,0.600000,-0.600000,-0.621416,-0.600000,-0.600000,-0.630792,0.600000,-0.600000,0.600000,0.600000,-0.600000,0.600000,-0.600000,-0.600000,-0.600000,0.600000,-0.600000,-0.600000,0.716323,-0.600000,-0.600000,0.559845,-0.600000,-0.600000,-0.600000,-0.600000,0.589158,-0.600000,-0.621416,-0.600000,-0.600000,0.600000,-0.600000,-0.600000,0.600000,-0.600000,-0.600000,-0.600000,-0.600000,0.600000,0.600000,-0.600000,1.000000,-0.600000,0.600000,-0.600000,-0.600000,-0.635443,-0.600000,-0.600000,0.600000
254,0.600000,-0.600000,-0.600000,1.000000,-0.600000,-1.000000,-0.600000,0.600000,0.600000,0.600000,0.600000,-0.600000,-0.600000,-0.600000,-0.600000,-0.600000,0.600000,-0.600000,-0.600000,-0.600000,0.557380,0.600000,-0.600000,-0.621416,-0.600000,-0.600000,-0.630792,0.600000,-0.600000,0.600000,0.600000,-0.600000,0.600000,-0.600000,-0.600000,-0.600000,0.600000,-0.600000,-0.600000,0.716323,-0.600000,-0.600000,0.559845,-0.600000,-0.600000,-0.600000,-0.600000,0.589158,-0.600000,-0.621416,-0.600000,-0.600000,0.600000,-0.600000,-0.600000,0.600000,-0.600000,-0.600000,-0.600000,-0.600000,0.600000,0.600000,-0.600000,1.000000,-0.600000,0.600000,-0.600000,-0.600000,-0.635443,-0.600000,-0.600000,0.600000
255,0.600000,-0.600000,-0.600000,1.000000,-0.600000,-1.000000,-0.600000,0.600000,0.600000,0.600000,0.600000,-0.600000,-0.600000,-0.600000,-0.600000,-0.600000,0.600000,-0.600000,-0.600000,-0.600000,0.557380,0.600000,-0.600000,-0.621416,-0.600000,-0.600000,-0.630792,0.600000,-0.600000,0.600000,0.600000,-0.600000,0.600000,-0.600000,-0.600000,-0.600000,0.600000,-0.600000,-0.600000,0.716323,-0.600000,-0.600000,0.559845,-0.600000,-0.600000,-0.600000,-0.600000,0.589158,-0.600000,-0.621416,-0.600000,-0.600000,0.600000,-0.600000,-0.600000,0.600000,-0.600000,-0.600000,-0.600000,-0.600000,0.600000,0.600000,-0.600000,1.000000,-0.600000,0.600000,-0.600000,-0.600000,-0.635443,-0.600000,-0.600000,0.600000
256,0.600000,-0.600000,-0.600000,1.000000,-0.600000,-1.000000,-0.600000,0.600000,0.600000,0.600000,0.600000,-0.600000,-0.600000,-0.600000,-0.600000,-0.600000,0.600000,-0.600000,-0.600000,-0.600000,0.557380,0.600000,-0.600000,-0.621416,-0.600000,-0.600000,-0.630792,0.600000,-0.600000,0.600000,0.600000,-0.600000,0.600000,-0.600000,-0.600000,-0.600000,0.600000,-0.600000,-0.600000,0.716323,-0.600000,-0.600000,0.559845,-0.600000,-0.600000,-0.600000,-0.600000,0.589158,-0.600000,-0.621416,-0.600000,-0.600000,0.600000,-0.600000,-0.600000,0.600000,-0.600000,-0.600000,-0.600000,-0.600000,0.600000,0.600000,-0.600000,1.000000,-0.600000,0.600000,-0.600000,-0.600000,-0.635443,-0.600000,-0.600000,0.600000
257,0.600000,-0.600000,-0.600000,1.000000,-0.600000,-1.000000,-0.600000,0.600000,0.600000,0.600000,0.600000,-0.600000,-0.600000,-0.600000,-0.600000,-0.600000,0.600000,-0.600000,-0.600000,-0.600000,0.557380,0.600000,-0.600000,-0.621416,-0.600000,-0.600000,-0.630792,0.600000,-0.600000,0.600000,0.600000,-0.600000,0.600000,-0.600000,-0.600000,-0.600000,0.600000,-0.600000,-0.600000,0.716323,-0.600000,-0.600000,0.559845,-0.600000,-0.600000,-0.600000,-0.600000,0.589158,-0.600000,-0.621416,-0.600000,-0.600000,0.600000,-0.600000,-0.600000,0.600000,-0.600000,-0.600000,-0.600000,-0.600000,0.600000,0.600000,-0.600000,1.000000,-0.600000,0.600000,-0.600000,-0.600000,-0.635443,-0.600000,-0.600000,0.600000
258,0.600000,-0.600000,-0.600000,1.000000,-0.600000,-1.000000,-0.600000,0.600000,0.600000,0.600000,0.600000,-0.600000,-0.600000,-0.600000,-0.600000,-0.600000,0.600000,-0.600000,-0.600000,-0.600000,0.557380,0.600000,-0.600000,-0.621416,-0.600000,-0.600000,-0.630792,0.600000,-0.600000,0.600000,0.600000,-0.600000,0.600000,-0.600000,-0.600000,-0.600000,0.600000,-0.600000,-0.600000,0.716323,-0.600000,-0.600000,0.559845,-0.600000,-0.600000,-0.600000,-0.600000,0.589158,-0.600000,-0.621416,-0.600000,-0.600000,0.600000,-0.600000,-0.600000,0.600000,-0.600000,-0.600000,-0.600000,-0.600000,0.600000,0.600000,-0.600000,1.000000,-0.600000,0.600000,-0.600000,-0.600000,-0.635443,-0.600000,-0.600000,0.600000
259,0.600000,-0.600000,-0.600000,1.000000,-0.600000,-1.000000,-0.600000,0.600000,0.600000,0.600000,0.600000,-0.600000,-0.600000,-0.600000,-0.600000,-0.600000,0.600000,-0.600000,-0.600000,-0.600000,0.557380,0.600000,-0.600000,-0.621416,-0.600000,-0.600000,-0.630792,0.600000,-0.600000,0.600000,0.600000,-0.600000,0.600000,-0.600000,-0.600000,-0.600000,0.600000,-0.600000,-0.600000,0.716323,-0.600000,-0.600000,0.559845,-0.600000,-0.600000,-0.600000,-0.600000,0.589158,-0.600000,-0.621416,-0.600000,-0.600000,0.600000,-0.600000,-0.600000,0.600000,-0.600000,-0.600000,-0.600000,-0.600000,0.600000,0.600000,-0.600000,1.000000,-0.600000,0.600000,-0.600000,-0.600000,-0.635443,-0.600000,-0.600000,0.600000
260,0.600000,-0.600000,-0.600000,1.000000,-0.600000,-1.000000,-0.600000,0.600000,0.600000,0.600000,0.600000,-0.600000,-0.600000,-0.600000,-0.600000,-0.600000,0.600000,-0.600000,-0.600000,-0.600000,0.557380,0.600000,-0.600000,-0.621416,-0.600000,-0.600000,-0.630792,0.600000,-0.600000,0.600000,0.600000,-0.600000,0.600000,-0.600000,-0.600000,-0.600000,0.600000,-0.600000,-0.600000,0.716323,-0.600000,-0.600000,0.559845,-0.600000,-0.600000,-0.600000,-0.600000,0.589158,-0.600000,-0.621416,-0.600000,-0.600000,0.600000,-0.600000,-0.600000,0.600000,-0.600000,-0.600000,-0.600000,-0.600000,0.600000,0.600000,-0.600000,1.000000,-0.600000,0.600000,-0.600000,-0.600000,-0.635443,-0.600000,-0.600000,0.600000
261,0.600000,-0.600000,-0.600000,1.000000,-0.600000,-1.000000,-0.600000,0.600000,0.600000,0.600000,0.600000,-0.600000,-0.600000,-0.600000,-0.600000,-0.600000,0.600000,-0.600000,-0.600000,-0.600000,0.557380,0.600000,-0.600000,-0.621416,-0.600000,-0.600000,-0.630792,0.600000,-0.600000,0.600000,0.600000,-0.600000,0.600000,-0.600000,-0.600000,-0.600000,0.600000,-0.600000,-0.600000,0.716323,-0.600000,-0.600000,0.559845,-0.600000,-0.600000,-0.600000,-0.600000,0.589158,-0.600000,-0.621416,-0.600000,-0.600000,0.600000,-0.600000,-0.600000,0.600000,-0.600000,-0.600000,-0.600000,-0.600000,0.600000,0.600000,-0.600000,1.000000,-0.600000,0.600000,-0.600000,-0.600000,-0.635443,-0.600000,-0.600000,0.600000
262,0.600000,-0.600000,-0.600000,1.000000,-0.600000,-1.000000,-0.600000,0.600000,0.600000,0.600000,0.600000,-0.600000,-0.600000,-0.600000,-0.600000,-0.600000,0.600000,-0.600000,-0.600000,-0.600000,0.557380,0.600000,-0.600000,-0.621416,-0.600000,-0.600000,-0.630792,0.600000,-0.600000,0.600000,0.600000,-0.600000,0.600000,-0.600000,-0.600000,-0.600000,0.600000,-0.600000,-0.600000,0.716323,-0.600000,-0.600000,0.559845,-0.600000,-0.600000,-0.600000,-0.600000,0.589158,-0.600000,-0.621416,-0.600000,-0.600000,0.600000,-0.600000,-0.600000,0.600000,-0.600000,-0.600000,-0.600000,-0.600000,0.600000,0.600000,-0.600000,1.000000,-0.600000,0.600000,-0.600000,-0.600000,-0.635443,-0.600000,-0.600000,0.600000
263,0.600000,-0.600000,-0.600000,1.000000,-0.600000,-1.000000,-0.600000,0.600000,0.600000,0.600000,0.600000,-0.600000,-0.600000,-0.600000,-0.600000,-0.600000,0.600000,-0.600000,-0.600000,-0.600000,0.557380,0.600000,-0.600000,-0.621416,-0.600000,-0.600000,-0.630792,0.600000,-0.600000,0.600000,0.600000,-0.600000,0.600000,-0.600000,-0.600000,-0.600000,0.600000,-0.600000,-0.600000,0.716323,-0.600000,-0.600000,0.559845,-0.600000,-0.600000,-0.600000,-0.600000,0.589158,-0.600000,-0.621416,-0.600000,-0.600000,0.600000,-0.600000,-0.600000,0.600000,-0.600000,-0.600000,-0.600000,-0.600000,0.600000,0.600000,-0.600000,1.000000,-0.600000,0.600000,-0.600000,-0.600000,-0.635443,-0.600000,-0.600000,0.600000
264,0.600000,-0.600000,-0.600000,1.000000,-0.600000,-1.000000,-0.600000,0.600000,0.600000,0.600000,0.600000,-0.600000,-0.600000,-0.600000,-0.600000,-0.600000,0.600000,-0.600000,-0.600000,-0.600000,0.557380,0.600000,-0.600000,-0.621416,-0.600000,-0.600000,-0.630792,0.600000,-0.600000,0.600000,0.600000,-0.600000,0.600000,-0.600000,-0.600000,-0.600000,0.600000,-0.600000,-0.600000,0.716323,-0.600000,-0.600000,0.559845,-0.600000,-0.600000,-0.600000,-0.600000,0.589158,-0.600000,-0.621416,-0.600000,-0.600000,0.600000,-0.600000,-0.600000,0.600000,-0.600000,-0.600000,-0.600000,-0.600000,0.600000,0.600000,-0.600000,1.000000,-0.600000,0.600000,-0.600000,-0.600000,-0.635443,-0.600000,-0.600000,0.600000
265,0.600000,-0.600000,-0.600000,1.000000,-0.600000,-1.000000,-0.600000,0.600000,0.600000,0.600000,0.600000,-0.600000,-0.600000,-0.600000,-0.600000,-0.600000,0.600000,-0.600000,-0.600000,-0.600000,0.557380,0.600000,-0.600000,-0.621416,-0.600000,-0.600000,-0.630792,0.600000,-0.600000,0.600000,0.600000,-0.600000,0.600000,-0.600000,-0.600000,-0.600000,0.600000,-0.600000,-0.600000,0.716323,-0.600000,-0.600000,0.559845,-0.600000,-0.600000,-0.600000,-0.600000,0.589158,-0.600000,-0.621416,-0.600000,-0.600000,0.600000,-0.600000,-0.600000,0.600000,-0.600000,-0.600000,-0.600000,-0.600000,0.600000,0.600000,-0.600000,1.000000,-0.600000,0.600000,-0.600000,-0.600000,-0.635443,-0.600000,-0.600000,0.600000
266,0.600000,-0.600000,-0.600000,1.000000,-0.600000,-1.000000,-0.600000,0.600000,0.600000,0.600000,0.600000,-0.600000,-0.600000,-0.600000,-0.600000,-0.600000,0.600000,-0.600000,-0.600000,-0.600000,0.557380,0.600000,-0.600000,-0.621416,-0.600000,-0.600000,-0.630792,0.600000,-0.600000,0.600000,0.600000,-0.600000,0.600000,-0.600000,-0.600000,-0.600000,0.600000,-0.600000,-0.600000,0.716323,-0.600000,-0.600000,0.559845,-0.600000,-0.600000,-0.600000,-0.600000,0.589158,-0.600000,-0.621416,-0.600000,-0.600000,0.600000,-0.600000,-0.600000,0.600000,-0.600000,-0.600000,-0.600000,-0.600000,0.600000,0.600000,-0.600000,1.000000,-0.600000,0.600000,-0.600000,-0.600000,-0.635443,-0.600000,-0.600000,0.600000
267,0.600000,-0.600000,-0.600000,1.000000,-0.600000,-1.000000,-0.600000,0.600000,0.600000,0.600000,0.600000,-0.600000,-0.600000,-0.600000,-0.600000,-0.600000,0.600000,-0.600000,-0.600000,-0.600000,0.557380,0.600000,-0.600000,-0.621416,-0.600000,-0.600000,-0.630792,0.600000,-0.600000,0.600000,0.600000,-0.600000,0.600000,-0.600000,-0.600000,-0.600000,0.600000,-0.600000,-0.600000,0.716323,-0.600000,-0.600000,0.559845,-0.600000,-0.600000,-0.600000,-0.600000,0.589158,-0.600000,-0.621416,-0.600000,-0.600000,0.600000,-0.600000,-0.600000,0.600000,-0.600000,-0.600000,-0.600000,-0.600000,0.600000,0.600000,-0.600000,1.000000,-0.600000,0.600000,-0.600000,-0.600000,-0.635443,-0.600000,-0.600000,0.600000
268,0.600000,-0.600000,-0.600000,1.000000,-0.600000,-1.000000,-0.600000,0.600000,0.600000,0.600000,0.600000,-0.600000,-0.600000,-0.600000,-0.600000,-0.600000,0.600000,-0.600000,-0.600000,-0.600000,0.557380,0.600000,-0.600000,-0.621416,-0.600000,-0.600000,-0.630792,0.600000,-0.600000,0.600000,0.600000,-0.600000,0.600000,-0.600000,-0.600000,-0.600000,0.600000,-0.600000,-0.600000,0.716323,-0.600000,-0.600000,0.559845,-0.600000,-0.600000,-0.600000,-0.600000,0.589158,-0.600000,-0.621416,-0.600000,-0.600000,0.600000,-0.600000,-0.600000,0.600000,-0.600000,-0.600000,-0.600000,-0.600000,0.600000,0.600000,-0.600000,1.000000,-0.600000,0.600000,-0.600000,-0.600000,-0.635443,-0.600000,-0.600000,0.600000
269,0.600000,-0.600000,-0.600000,1.000000,-0.600000,-1.000000,-0.600000,0.600000,0.600000,0.600000,0.600000,-0.600000,-0.600000,-0.600000,-0.600000,-0.600000,0.600000,-0.600000,-0.600000,-0.600000,0.557380,0.600000,-0.600000,-0.621416,-0.600000,-0.600000,-0.630792,0.600000,-0.600000,0.600000,0.600000,-0.600000,0.600000,-0.600000,-0.600000,-0.600000,0.600000,-0.600000,-0.600000,0.716323,-0.600000,-0.600000,0.559845,-0.600000,-0.600000,-0.600000,-0.600000,0.589158,-0.600000,-0.621416,-0.600000,-0.600000,0.600000,-0.600000,-0.600000,0.600000,-0.600000,-0.600000,-0.600000,-0.600000,0.600000,0.600000,-0.600000,1.000000,-0.600000,0.600000,-0.600000,-0.600000,-0.635443,-0.600000,-0.600000,0.600000
270,0.600000,-0.600000,-0.600000,1.000000,-0.600000,-1.000000,-0.600000,0.600000,0.600000,0.600000,0.600000,-0.600000,-0.600000,-0.600000,-0.600000,-0.600000,0.600000,-0.600000,-0.600000,-0.600000,0.557380,0.600000,-0.600000,-0.621416,-0.600000,-0.600000,-0.630792,0.600000,-0.600000,0.600000,0.600000,-0.600000,0.600000,-0.600000,-0.600000,-0.600000,0.600000,-0.600000,-0.600000,0.716323,-0.600000,-0.600000,0.559845,-0.600000,-0.600000,-0.600000,-0.600000,0.589158,-0.600000,-0.621416,-0.600000,-0.600000,0.600000,-0.600000,-0.600000,0.600000,-0.600000,-0.600000,-0.600000,-0.600000,0.600000,0.600000,-0.600000,1.000000,-0.600000,0.600000,-0.600000,-0.600000,-0.635443,-0.600000,-0.600000,0.600000
271,0.600000,-0.600000,-0.600000,1.000000,-0.600000,-1.000000,-0.600000,0.600000,0.600000,0.600000,0.600000,-0.600000,-0.600000,-0.600000,-0.600000,-0.600000,0.600000,-0.600000,-0.600000,-0.600000,0.557380,0.600000,-0.600000,-0.621416,-0.600000,-0.600000,-0.630792,0.600000,-0.600000,0.600000,0.600000,-0.600000,0.600000,-0.600000,-0.600000,-0.600000,0.600000,-0.600000,-0.600000,0.716323,-0.600000,-0.600000,0.559845,-0.600000,-0.600000,-0.600000,-0.600000,0.589158,-0.600000,-0.621416,-0.600000,-0.600000,0.600000,-0.600000,-0.600000,0.600000,-0.600000,-0.600000,-0.600000,-0.600000,0.600000,0.600000,-0.600000,1.000000,-0.600000,0.600000,-0.600000,-0.600000,-0.635443,-0.600000,-0.600000,0.600000
272,0.600000,-0.600000,-0.600000,1.000000,-0.600000,-1.000000,-0.600000,0.600000,0.600000,0.600000,0.600000,-0.600000,-0.600000,-0.600000,-0.600000,-0.600000,0.600000,-0.600000,-0.600000,-0.600000,0.557380,0.600000,-0.600000,-0.621416,-0.600000,-0.600000,-0.630792,0.600000,-0.600000,0.600000,0.600000,-0.600000,0.600000,-0.600000,-0.600000,-0.600000,0.600000,-0.600000,-0.600000,0.716323,-0.600000,-0.600000,0.559845,-0.600000,-0.600000,-0.600000,-0.600000,0.589158,-0.600000,-0.621416,-0.600000,-0.600000,0.600000,-0.600000,-0.600000,0.600000,-0.600000,-0.600000,-0.600000,-0.600000,0.600000,0.600000,-0.600000,1.000000,-0.600000,0.600000,-0.600000,-0.600000,-0.635443,-0.600000,-0.600000,0.600000
273,0.600000,-0.600000,-0.600000,1.000000,-0.600000,-1.000000,-0.600000,0.600000,0.600000,0.600000,0.600000,-0.600000,-0.600000,-0.600000,-0.600000,-0.600000,0.600000,-0.600000,-0.600000,-0.600000,0.557380,0.600000,-0.600000,-0.621416,-0.600000,-0.600000,-0.630792,0.600000,-0.600000,0.600000,0.600000,-0.600000,0.600000,-0.600000,-0.600000,-0.600000,0.600000,-0.600000,-0.600000,0.716323,-0.600000,-0.600000,0.559845,-0.600000,-0.600000,-0.600000,-0.600000,0.589158,-0.600000,-0.621416,-0.600000,-0.600000,0.600000,-0.600000,-0.600000,0.600000,-0.600000,-0.600000,-0.600000,-0.600000,0.600000,0.600000,-0.600000,1.000000,-0.600000,0.600000,-0.600000,-0.600000,-0.635443,-0.600000,-0.600000,0.600000
274,0.600000,-0.600000,-0.600000,1.000000,-0.600000,-1.000000,-0.600000,0.600000,0.600000,0.600000,0.600000,-0.600000,-0.600000,-0.600000,-0.600000,-0.600000,0.600000,-0.600000,-0.600000,-0.600000,0.557380,0.600000,-0.600000,-0.621416,-0.600000,-0.600000,-0.630792,0.600000,-0.600000,0.600000,0.600000,-0.600000,0.600000,-0.600000,-0.600000,-0.600000,0.600000,-0.600000,-0.600000,0.716323,-0.600000,-0.600000,0.559845,-0.600000,-0.600000,-0.600000,-0.600000,0.589158,-0.600000,-0.621416,-0.600000,-0.600000,0.600000,-0.600000,-0.600000,0.600000,-0.600000,-0.600000,-0.600000,-0.600000,0.600000,0.600000,-0.600000,1.000000,-0.600000,0.600000,-0.600000,-0.600000,-0.635443,-0.600000,-0.600000,0.600000
275,0.600000,-0.600000,-0.600000,1.000000,-0.600000,-1.000000,-0.600000,0.600000,0.600000,0.600000,0.600000,-0.600000,-0.600000,-0.600000,-0.600000,-0.600000,0.600000,-0.600000,-0.600000,-0.600000,0.557380,0.600000,-0.600000,-0.621416,-0.600000,-0.600000,-0.630792,0.600000,-0.600000,0.600000,0.600000,-0.600000,0.600000,-0.600000,-0.600000,-0.600000,0.600000,-0.600000,-0.600000,0.716323,-0.600000,-0.600000,0.559845,-0.600000,-0.600000,-0.600000,-0.600000,0.589158,-0.600000,-0.621416,-0.600000,-0.600000,0.600000,-0.600000,-0.600000,0.600000,-0.600000,-0.600000,-0.600000,-0.600000,0.600000,0.600000,-0.600000,1.000000,-0.600000,0.600000,-0.600000,-0.600000,-0.635443,-0.600000,-0.600000,0.600000
276,0.600000,-0.600000,-0.600000,1.000000,-0.600000,-1.000000,-0.600000,0.600000,0.600000,0.600000,0.600000,-0.600000,-0.600000,-0.600000,-0.600000,-0.600000,0.600000,-0.600000,-0.600000,-0.600000,0.557380,0.600000,-0.600000,-0.621416,-0.600000,-0.600000,-0.630792,0.600000,-0.600000,0.600000,0.600000,-0.600000,0.600000,-0.600000,-0.600000,-0.600000,0.600000,-0.600000,-0.600000,0.716323,-0.600000,-0.600000,0.559845,-0.600000,-0.600000,-0.600000,-0.600000,0.589158,-0.600000,-0.621416,-0.600000,-0.600000,0.600000,-0.600000,-0.600000,0.600000,-0.600000,-0.600000,-0.600000,-0.600000,0.600000,0.600000,-0.600000,1.000000,-0.600000,0.600000,-0.600000,-0.600000,-0.635443,-0.600000,-0.600000,0.600000
277,0.600000,-0.600000,-0.600000,1.000000,-0.600000,-1.000000,-0.600000,0.600000,0.600000,0.600000,0.600000,-0.600000,-0.600000,-0.600000,-0.600000,-0.600000,0.600000,-0.600000,-0.600000,-0.600000,0.557380,0.600000,-0.600000,-0.621416,-0.600000,-0.600000,-0.630792,0.600000,-0.600000,0.600000,0.600000,-0.600000,0.600000,-0.600000,-0.600000,-0.600000,0.600000,-0.600000,-0.600000,0.716323,-0.600000,-0.600000,0.559845,-0.600000,-0.600000,-0.600000,-0.600000,0.589158,-0.600000,-0.621416,-0.600000,-0.600000,0.600000,-0.600000,-0.600000,0.600000,-0.600000,-0.600000,-0.600000,-0.600000,0.600000,0.600000,-0.600000,1.000000,-0.600000,0.600000,-0.600000,-0.600000,-0.635443,-0.600000,-0.600000,0.600000
278,0.600000,-0.600000,-0.600000,1.000000,-0.600000,-1.000000,-0.600000,0.600000,0.600000,0.600000,0.600000,-0.600000,-0.600000,-0.600000,-0.600000,-0.600000,0.600000,-0.600000,-0.600000,-0.600000,0.557380,0.600000,-0.600000,-0.621416,-0.600000,-0.600000,-0.630792,0.600000,-0.600000,0.600000,0.600000,-0.600000,0.600000,-0.600000,-0.600000,-0.600000,0.600000,-0.600000,-0.600000,0.716323,-0.600000,-0.600000,0.559845,-0.600000,-0.600000,-0.600000,-0.600000,0.589158,-0.600000,-0.621416,-0.600000,-0.600000,0.600000,-0.600000,-0.600000,0.600000,-0.600000,-0.600000,-0.600000,-0.600000,0.600000,0.600000,-0.600000,1.000000,-0.600000,0.600000,-0.600000,-0.600000,-0.635443,-0.600000,-0.600000,0.600000
279,0.600000,-0.600000,-0.600000,1.000000,-0.600000,-1.000000,-0.600000,0.600000,0.600000,0.600000,0.600000,-0.600000,-0.600000,-0.600000,-0.600000,-0.600000,0.600000,-0.600000,-0.600000,-0.600000,0.557380,0.600000,-0.600000,-0.621416,-0.600000,-0.600000,-0.630792,0.600000,-0.600000,0.600000,0.600000,-0.600000,0.600000,-0.600000,-0.600000,-0.600000,0.600000,-0.600000,-0.600000,0.716323,-0.600000,-0.600000,0.559845,-0.600000,-0.600000,-0.600000,-0.600000,0.589158,-0.600000,-0.621416,-0.600000,-0.600000,0.600000,-0.600000,-0.600000,0.600000,-0.600000,-0.600000,-0.600000,-0.600000,0.600000,0.600000,-0.600000,1.000000,-0.600000,0.600000,-0.600000,-0.600000,-0.635443,-0.600000,-0.600000,0.600000
280,0.600000,-0.600000,-0.600000,1.000000,-0.600000,-1.000000,-0.600000,0.600000,0.600000,0.600000,0.600000,-0.600000,-0.600000,-0.600000,-0.600000,-0.600000,0.600000,-0.600000,-0.600000,-0.600000,0.557380,0.600000,-0.600000,-0.621416,-0.600000,-0.600000,-0.630792,0.600000,-0.600000,0.600000,0.600000,-0.600000,0.600000,-0.600000,-0.600000,-0.600000,0.600000,-0.600000,-0.600000,0.716323,-0.600000,-0.600000,0.559845,-0.600000,-0.600000,-0.600000,-0.600000,0.589158,-0.600000,-0.621416,-0.600000,-0.600000,0.600000,-0.600000,-0.600000,0.600000,-0.600000,-0.600000,-0.600000,-0.600000,0.600000,0.600000,-0.600000,1.000000,-0.600000,0.600000,-0.600000,-0.600000,-0.635443,-0.600000,-0.600000,0.600000
281,0.600000,-0.600000,-0.600000,1.000000,-0.600000,-1.000000,-0.600000,0.600000,0.600000,0.600000,0.600000,-0.600000,-0.600000,-0.600000,-0.600000,-0.600000,0.600000,-0.600000,-0.600000,-0.600000,0.557380,0.600000,-0.600000,-0.621416,-0.600000,-0.600000,-0.630792,0.600000,-0.600000,0.600000,0.600000,-0.600000,0.600000,-0.600000,-0.600000,-0.600000,0.600000,-0.600000,-0.600000,0.716323,-0.600000,-0.600000,0.559845,-0.600000,-0.600000,-0.600000,-0.600000,0.589158,-0.600000,-0.621416,-0.600000,-0.600000,0.600000,-0.600000,-0.600000,0.600000,-0.600000,-0.600000,-0.600000,-0.600000,0.600000,0.600000,-0.600000,1.000000,-0.600000,0.600000,-0.600000,-0.600000,-0.635443,-0.600000,-0.600000,0.600000
282,0.600000,-0.600000,-0.600000,1.000000,-0.600000,-1.000000,-0.600000,0.600000,0.600000,0.600000,0.600000,-0.600000,-0.600000,-0.600000,-0.600000,-0.600000,0.600000,-0.600000,-0.600000,-0.600000,0.557380,0.600000,-0.600000,-0.621416,-0.600000,-0.600000,-0.630792,0.600000,-0.600000,0.600000,0.600000,-0.600000,0.600000,-0.600000,-0.600000,-0.600000,0.600000,-0.600000,-0.600000,0.716323,-0.600000,-0.600000,0.559845,-0.600000,-0.600000,-0.600000,-0.600000,0.589158,-0.600000,-0.621416,-0.600000,-0.600000,0.600000,-0.600000,-0.600000,0.600000,-0.600000,-0.600000,-0.600000,-0.600000,0.600000,0.600000,-0.600000,1.000000,-0.600000,0.600000,-0.600000,-0.600000,-0.635443,-0.600000,-0.600000,0.600000
283,0.600000,-0.600000,-0.600000,1.000000,-0.600000,-1.000000,-0.600000,0.600000,0.600000,0.600000,0.600000,-0.600000,-0.600000,-0.600000,-0.600000,-0.600000,0.600000,-0.600000,-0.600000,-0.600000,0.557380,0.600000,-0.600000,-0.621416,-0.600000,-0.600000,-0.630792,0.600000,-0.600000,0.600000,0.600000,-0.600000,0.600000,-0.600000,-0.600000,-0.600000,0.600000,-0.600000,-0.600000,0.716323,-0.600000,-0.600000,0.559845,-0.600000,-0.600000,-0.600000,-0.600000,0.589158,-0.600000,-0.621416,-0.600000,-0.600000,0.600000,-0.600000,-0.600000,0.600000,-0.600000,-0.600000,-0.600000,-0.600000,0.600000,0.600000,-0.600000,1.000000,-0.600000,0.600000,-0.600000,-0.600000,-0.635443,-0.600000,-0.600000,0.600000
284,0.600000,-0.600000,-0.600000,1.000000,-0.600000,-1.000000,-0.600000,0.600000,0.600000,0.600000,0.600000,-0.600000,-0.600000,-0.600000,-0.600000,-0.600000,0.600000,-0.600000,-0.600000,-0.600000,0.557380,0.600000,-0.600000,-0.621416,-0.600000,-0.600000,-0.630792,0.600000,-0.600000,0.600000,0.600000,-0.600000,0.600000,-0.600000,-0.600000,-0.600000,0.600000,-0.600000,-0.600000,0.716323,-0.600000,-0.600000,0.559845,-0.600000,-0.600000,-0.600000,-0.600000,0.589158,-0.600000,-0.621416,-0.600000,-0.600000,0.600000,-0.600000,-0.600000,0.600000,-0.600000,-0.600000,-0.600000,-0.600000,0.600000,0.600000,-0.600000,1.000000,-0.600000,0.600000,-0.600000,-0.600000,-0.635443,-0.600000,-0.600000,0.600000
285,0.600000,-0.600000,-0.600000,1.000000,-0.600000,-1.000000,-0.600000,0.600000,0.600000,0.600000,0.600000,-0.600000,-0.600000,-0.600000,-0.600000,-0.600000,0.600000,-0.600000,-0.600000,-0.600000,0.557380,0.600000,-0.600000,-0.621416,-0.600000,-0.600000,-0.630792,0.600000,-0.600000,0.600000,0.600000,-0.600000,0.600000,-0.600000,-0.600000,-0.600000,0.600000,-0.600000,-0.600000,0.716323,-0.600000,-0.600000,0.559845,-0.600000,-0.600000,-0.600000,-0.600000,0.589158,-0.600000,-0.621416,-0.600000,-0.600000,0.600000,-0.600000,-0.600000,0.600000,-0.600000,-0.600000,-0.600000,-0.600000,0.600000,0.600000,-0.600000,1.000000,-0.600000,0.600000,-0.600000,-0.600000,-0.635443,-0.600000,-0.600000,0.600000
286,0.600000,-0.600000,-0.600000,1.000000,-0.600000,-1.000000,-0.600000,0.600000,0.600000,0.600000,0.600000,-0.600000,-0.600000,-0.600000,-0.600000,-0.600000,0.600000,-0.600000,-0.600000,-0.600000,0.557380,0.600000,-0.600000,-0.621416,-0.600000,-0.600000,-0.630792,0.600000,-0.600000,0.600000,0.600000,-0.600000,0.600000,-0.600000,-0.600000,-0.600000,0.600000,-0.600000,-0.600000,0.716323,-0.600000,-0.600000,0.559845,-0.600000,-0.600000,-0.600000,-0.600000,0.589158,-0.600000,-0.621416,-0.600000,-0.600000,0.600000,-0.600000,-0.600000,0.600000,-0.600000,-0.600000,-0.600000,-0.600000,0.600000,0.600000,-0.600000,1.000000,-0.600000,0.600000,-0.600000,-0.600000,-0.635443,-0.600000,-0.600000,0.600000
287,0.600000,-0.600000,-0.600000,1.000000,-0.600000,-1.000000,-0.600000,0.600000,0.600000,0.600000,0.600000,-0.600000,-0.600000,-0.600000,-0.600000,-0.600000,0.600000,-0.600000,-0.600000,-0.600000,0.557380,0.600000,-0.600000,-0.621416,-0.600000,-0.600000,-0.630792,0.600000,-0.600000,0.600000,0.600000,-0.600000,0.600000,-0.600000,-0.600000,-0.600000,0.600000,-0.600000,-0.600000,0.716323,-0.600000,-0.600000,0.559845,-0.600000,-0.600000,-0.600000,-0.600000,0.589158,-0.600000,-0.621416,-0.600000,-0.600000,0.600000,-0.600000,-0.600000,0.600000,-0.600000,-0.600000,-0.600000,-0.600000,0.600000,0.600000,-0.600000,1.000000,-0.600000,0.600000,-0.600000,-0.600000,-0.635443,-0.600000,-0.600000,0.600000
288,0.600000,-0.600000,-0.600000,1.000000,-0.600000,-1.000000,-0.600000,0.600000,0.600000,0.600000,0.600000,-0.600000,-0.600000,-0.600000,-0.600000,-0.600000,0.600000,-0.600000,-0.600000,-0.600000,0.557380,0.600000,-0.600000,-0.621416,-0.600000,-0.600000,-0.630792,0.600000,-0.600000,0.600000,0.600000,-0.600000,0.600000,-0.600000,-0.600000,-0.600000,0.600000,-0.600000,-0.600000,0.716323,-0.600000,-0.600000,0.559845,-0.600000,-0.600000,-0.600000,-0.600000,0.589158,-0.600000,-0.621416,-0.600000,-0.600000,0.600000,-0.600000,-0.600000,0.600000,-0.600000,-0.600000,-0.600000,-0.600000,0.600000,0.600000,-0.600000,1.000000,-0.600000,0.600000,-0.600000,-0.600000,-0.635443,-0.600000,-0.600000,0.600000
289,0.600000,-0.600000,-0.600000,1.000000,-0.600000,-1.000000,-0.600000,0.600000,0.600000,0.600000,0.600000,-0.600000,-0.600000,-0.600000,-0.600000,-0.600000,0.600000,-0.600000,-0.600000,-0.600000,0.557380,0.600000,-0.600000,-0.621416,-0.600000,-0.600000,-0.630792,0.600000,-0.600000,0.600000,0.600000,-0.600000,0.600000,-0.600000,-0.600000,-0.600000,0.600000,-0.600000,-0.600000,0.716323,-0.600000,-0.600000,0.559845,-0.600000,-0.600000,-0.600000,-0.600000,0.589158,-0.600000,-0.621416,-0.600000,-0.600000,0.600000,-0.600000,-0.600000,0.600000,-0.600000,-0.600000,-0.600000,-0.600000,0.600000,0.600000,-0.600000,1.000000,-0.600000,0.600000,-0.600000,-0.600000,-0.635443,-0.600000,-0.600000,0.600000
290,0.600000,-0.600000,-0.600000,1.000000,-0.600000,-1.000000,-0.600000,0.600000,0.600000,0.600000,0.600000,-0.600000,-0.600000,-0.600000,-0.600000,-0.600000,0.600000,-0.600000,-0.600000,-0.600000,0.557380,0.600000,-0.600000,-0.621416,-0.600000,-0.600000,-0.630792,0.600000,-0.600000,0.600000,0.600000,-0.600000,0.600000,-0.600000,-0.600000,-0.600000,0.600000,-0.600000,-0.600000,0.716323,-0.600000,-0.600000,0.559845,-0.600000,-0.600000,-0.600000,-0.600000,0.589158,-0.600000,-0.621416,-0.600000,-0.600000,0.600000,-0.600000,-0.600000,0.600000,-0.600000,-0.600000,-0.600000,-0.600000,0.600000,0.600000,-0.600000,1.000000,-0.600000,0.600000,-0.600000,-0.600000,-0.635443,-0.600000,-0.600000,0.600000
291,0.600000,-0.600000,-0.600000,1.000000,-0.600000,-1.000000,-0.600000,0.600000,0.600000,0.600000,0.600000,-0.600000,-0.600000,-0.600000,-0.600000,-0.600000,0.600000,-0.600000,-0.600000,-0.600000,0.557380,0.600000,-0.600000,-0.621416,-0.600000,-0.600000,-0.630792,0.600000,-0.600000,0.600000,0.600000,-0.600000,0.600000,-0.600000,-0.600000,-0.600000,0.600000,-0.600000,-0.600000,0.716323,-0.600000,-0.600000,0.559845,-0.600000,-0.600000,-0.600000,-0.600000,0.589158,-0.600000,-0.621416,-0.600000,-0.600000,0.600000,-0.600000,-0.600000,0.600000,-0.600000,-0.600000,-0.600000,-0.600000,0.600000,0.600000,-0.600000,1.000000,-0.600000,0.600000,-0.600000,-0.600000,-0.635443,-0.600000,-0.600000,0.600000
292,0.600000,-0.600000,-0.600000,1.000000,-0.600000,-1.000000,-0.600000,0.600000,0.600000,0.600000,0.600000,-0.600000,-0.600000,-0.600000,-0.600000,-0.600000,0.600000,-0.600000,-0.600000,-0.600000,0.557380,0.600000,-0.600000,-0.621416,-0.600000,-0.600000,-0.630792,0.600000,-0.600000,0.600000,0.600000,-0.600000,0.600000,-0.600000,-0.600000,-0.600000,0.600000,-0.600000,-0.600000,0.716323,-0.600000,-0.600000,0.559845,-0.600000,-0.600000,-0.600000,-0.600000,0.589158,-0.600000,-0.621416,-0.600000,-0.600000,0.600000,-0.600000,-0.600000,0.600000,-0.600000,-0.600000,-0.600000,-0.600000,0.600000,0.600000,-0.600000,1.000000,-0.600000,0.600000,-0.600000,-0.600000,-0.635443,-0.600000,-0.600000,0.600000
293,0.600000,-0.600000,-0.600000,1.000000,-0.600000,-1.000000,-0.600000,0.600000,0.600000,0.600000,0.600000,-0.600000,-0.600000,-0.600000,-0.600000,-0.600000,0.600000,-0.600000,-0.600000,-0.600000,0.557380,0.600000,-0.600000,-0.621416,-0.600000,-0.600000,-0.630792,0.600000,-0.600000,0.600000,0.600000,-0.600000,0.600000,-0.600000,-0.600000,-0.600000,0.600000,-0.600000,-0.600000,0.716323,-0.600000,-0.600000,0.559845,-0.600000,-0.600000,-0.600000,-0.600000,0.589158,-0.600000,-0.621416,-0.600000,-0.600000,0.600000,-0.600000,-0.600000,0.600000,-0.600000,-0.600000,-0.600000,-0.600000,0.600000,0.600000,-0.600000,1.000000,-0.600000,0.600000,-0.600000,-0.600000,-0.635443,-0.600000,-0.600000,0.600000
294,0.600000,-0.600000,-0.600000,1.000000,-0.600000,-1.000000,-0.600000,0.600000,0.600000,0.600000,0.600000,-0.600000,-0.600000,-0.600000,-0.600000,-0.600000,0.600000,-0.600000,-0.600000,-0.600000,0.557380,0.600000,-0.600000,-0.621416,-0.600000,-0.600000,-0.630792,0.600000,-0.600000,0.600000,0.600000,-0.600000,0.600000,-0.600000,-0.600000,-0.600000,0.600000,-0.600000,-0.600000,0.716323,-0.600000,-0.600000,0.559845,-0.600000,-0.600000,-0.600000,-0.600000,0.589158,-0.600000,-0.621416,-0.600000,-0.600000,0.600000,-0.600000,-0.600000,0.600000,-0.600000,-0.600000,-0.600000,-0.600000,0.600000,0.600000,-0.600000,1.000000,-0.600000,0.600000,-0.600000,-0.600000,-0.635443,-0.600000,-0.600000,0.600000
295,0.600000,-0.600000,-0.600000,1.000000,-0.600000,-1.000000,-0.600000,0.600000,0.600000,0.600000,0.600000,-0.600000,-0.600000,-0.600000,-0.600000,-0.600000,0.600000,-0.600000,-0.600000,-0.600000,0.557380,0.600000,-0.600000,-0.621416,-0.600000,-0.600000,-0.630792,0.600000,-0.600000,0.600000,0.600000,-0.600000,0.600000,-0.600000,-0.600000,-0.600000,0.600000,-0.600000,-0.600000,0.716323,-0.600000,-0.600000,0.559845,-0.600000,-0.600000,-0.600000,-0.600000,0.589158,-0.600000,-0.621416,-0.600000,-0.600000,0.600000,-0.600000,-0.600000,0.600000,-0.600000,-0.600000,-0.600000,-0.600000,0.600000,0.600000,-0.600000,1.000000,-0.600000,0.600000,-0.600000,-0.600000,-0.635443,-0.600000,-0.600000,0.600000
296,0.600000,-0.600000,-0.600000,1.000000,-0.600000,-1.000000,-0.600000,0.600000,0.600000,0.600000,0.600000,-0.600000,-0.600000,-0.600000,-0.600000,-0.600000,0.600000,-0.600000,-0.600000,-0.600000,0.557380,0.600000,-0.600000,-0.621416,-0.600000,-0.600000,-0.630792,0.600000,-0.600000,0.600000,0.600000,-0.600000,0.600000,-0.600000,-0.600000,-0.600000,0.600000,-0.600000,-0.600000,0.716323,-0.600000,-0.600000,0.559845,-0.600000,-0.600000,-0.600000,-0.600000,0.589158,-0.600000,-0.621416,-0.600000,-0.600000,0.600000,-0.600000,-0.600000,0.600000,-0.600000,-0.600000,-0.600000,-0.600000,0.600000,0.600000,-0.600000,1.000000,-0.600000,0.600000,-0.600000,-0.600000,-0.635443,-0.600000,-0.600000,0.600000
297,0.600000,-0.600000,-0.600000,1.000000,-0.600000,-1.000000,-0.600000,0.600000,0.600000,0.600000,0.600000,-0.600000,-0.600000,-0.600000,-0.600000,-0.600000,0.600000,-0.600000,-0.600000,-0.600000,0.557380,0.600000,-0.600000,-0.621416,-0.600000,-0.600000,-0.630792,0.600000,-0.600000,0.600000,0.600000,-0.600000,0.600000,-0.600000,-0.600000,-0.600000,0.600000,-0.600000,-0.600000,0.716323,-0.600000,-0.600000,0.559845,-0.600000,-0.600000,-0.600000,-0.600000,0.589158,-0.600000,-0.621416,-0.600000,-0.600000,0.600000,-0.600000,-0.600000,0.600000,-0.600000,-0.600000,-0.600000,-0.600000,0.600000,0.600000,-0.600000,1.000000,-0.600000,0.600000,-0.600000,-0.600000,-0.635443,-0.600000,-0.600000,0.600000
298,0.600000,-0.600000,-0.600000,1.000000,-0.600000,-1.000000,-0.600000,0.600000,0.600000,0.600000,0.600000,-0.600000,-0.600000,-0.600000,-0.600000,-0.600000,0.600000,-0.600000,-0.600000,-0.600000,0.557380,0.600000,-0.600000,-0.621416,-0.600000,-0.600000,-0.630792,0.600000,-0.600000,0.600000,0.600000,-0.600000,0.600000,-0.600000,-0.600000,-0.600000,0.600000,-0.600000,-0.600000,0.716323,-0.600000,-0.600000,0.559845,-0.600000,-0.600000,-0.600000,-0.600000,0.589158,-0.600000,-0.621416,-0.600000,-0.600000,0.600000,-0.600000,-0.600000,0.600000,-0.600000,-0.600000,-0.600000,-0.600000,0.600000,0.600000,-0.600000,1.000000,-0.600000,0.600000,-0.600000,-0.600000,-0.635443,-0.600000,-0.600000,0.600000
299,0.600000,-0.600000,-0.600000,1.000000,-0.600000,-1.000000,-0.600000,0.600000,0.600000,0.600000,0.600000,-0.600000,-0.600000,-0.600000,-0.600000,-0.600000,0.600000,-0.600000,-0.600000,-0.600000,0.557380,0.600000,-0.600000,-0.621416,-0.600000,-0.600000,-0.630792,0.600000,-0.600000,0.600000,0.600000,-0.600000,0.600000,-0.600000,-0.600000,-0.600000,0.600000,-0.600000,-0.600000,0.716323,-0.600000,-0.600000,0.559845,-0.600000,-0.600000,-0.600000,-0.600000,0.589158,-0.600000,-0.621416,-0.600000,-0.600000,0.600000,-0.600000,-0.600000,0.600000,-0.600000,-0.600000,-0.600000,-0.600000,0.600000,0.600000,-0.600000,1.000000,-0.600000,0.600000,-0.600000,-0.600000,-0.635443,-0.600000,-0.600000,0.600000
300,0.600000,-0.600000,-0.600000,1.000000,-0.600000,-1.000000,-0.600000,0.600000,0.600000,0.600000,0.600000,-0.600000,-0.600000,-0.600000,-0.600000,-0.600000,0.600000,-0.600000,-0.600000,-0.600000,0.557380,0.600000,-0.600000,-0.621416,-0.600000,-0.600000,-0.630792,0.600000,-0.600000,0.600000,0.600000,-0.600000,0.600000,-0.600000,-0.600000,-0.600000,0.600000,-0.600000,-0.600000,0.716323,-0.600000,-0.600000,0.559845,-0.600000,-0.600000,-0.600000,-0.600000,0.589158,-0.600000,-0.621416,-0.600000,-0.600000,0.600000,-0.600000,-0.600000,0.600000,-0.600000,-0.600000,-0.600000,-0.600000,0.600000,0.600000,-0.600000,1.000000,-0.600000,0.600000,-0.600000,-0.600000,-0.635443,-0.600000,-0.600000,0.600000
301,0.600000,-0.600000,-0.600000,1.000000,-0.600000,-1.000000,-0.600000,0.600000,0.600000,0.600000,0.600000,-0.600000,-0.600000,-0.600000,-0.600000,-0.600000,0.600000,-0.600000,-0.600000,-0.600000,0.557380,0.600000,-0.600000,-0.621416,-0.600000,-0.600000,-0.630792,0.600000,-0.600000,0.600000,0.600000,-0.600000,0.600000,-0.600000,-0.600000,-0.600000,0.600000,-0.600000,-0.600000,0.716323,-0.600000,-0.600000,0.559845,-0.600000,-0.600000,-0.600000,-0.600000,0.589158,-0.600000,-0.621416,-0.600000,-0.600000,0.600000,-0.600000,-0.600000,0.600000,-0.600000,-0.600000,-0.600000,-0.600000,0.600000,0.600000,-0.600000,1.000000,-0.600000,0.600000,-0.600000,-0.600000,-0.635443,-0.600000,-0.600000,0.600000
302,0.600000,-0.600000,-0.600000,1.000000,-0.600000,-1.000000,-0.600000,0.600000,0.600000,0.600000,0.600000,-0.600000,-0.600000,-0.600000,-0.600000,-0.600000,0.600000,-0.600000,-0.600000,-0.600000,0.557380,0.600000,-0.600000,-0.621416,-0.600000,-0.600000,-0.630792,0.600000,-0.600000,0.600000,0.600000,-0.600000,0.600000,-0.600000,-0.600000,-0.600000,0.600000,-0.600000,-0.600000,0.716323,-0.600000,-0.600000,0.559845,-0.600000,-0.600000,-0.600000,-0.600000,0.589158,-0.600000,-0.621416,-0.600000,-0.600000,0.600000,-0.600000,-0.600000,0.600000,-0.600000,-0.600000,-0.600000,-0.600000,0.600000,0.600000,-0.600000,1.000000,-0.600000,0.600000,-0.600000,-0.600000,-0.635443,-0.600000,-0.600000,0.600000
303,0.600000,-0.600000,-0.600000,1.000000,-0.600000,-1.000000,-0.600000,0.600000,0.600000,0.600000,0.600000,-0.600000,-0.600000,-0.600000,-0.600000,-0.600000,0.600000,-0.600000,-0.600000,-0.600000,0.557380,0.600000,-0.600000,-0.621416,-0.600000,-0.600000,-0.630792,0.600000,-0.600000,0.600000,0.600000,-0.600000,0.600000,-0.600000,-0.600000,-0.600000,0.600000,-0.600000,-0.600000,0.716323,-0.600000,-0.600000,0.559845,-0.600000,-0.600000,-0.600000,-0.600000,0.589158,-0.600000,-0.621416,-0.600000,-0.600000,0.600000,-0.600000,-0.600000,0.600000,-0.600000,-0.600000,-0.600000,-0.600000,0.600000,0.600000,-0.600000,1.000000,-0.600000,0.600000,-0.600000,-0.600000,-0.635443,-0.600000,-0.600000,0.600000
304,0.600000,-0.600000,-0.600000,1.000000,-0.600000,-1.000000,-0.600000,0.600000,0.600000,0.600000,0.600000,-0.600000,-0.600000,-0.600000,-0.600000,-0.600000,0.600000,-0.600000,-0.600000,-0.600000,0.557380,0.600000,-0.600000,-0.621416,-0.600000,-0.600000,-0.630792,0.600000,-0.600000,0.600000,0.600000,-0.600000,0.600000,-0.600000,-0.600000,-0.600000,0.600000,-0.600000,-0.600000,0.716323,-0.600000,-0.600000,0.559845,-0.600000,-0.600000,-0.600000,-0.600000,0.589158,-0.600000,-0.621416,-0.600000,-0.600000,0.600000,-0.600000,-0.600000,0.600000,-0.600000,-0.600000,-0.600000,-0.600000,0.600000,0.600000,-0.600000,1.000000,-0.600000,0.600000,-0.600000,-0.600000,-0.635443,-0.600000,-0.600000,0.600000
305,0.600000,-0.600000,-0.600000,1.000000,-0.600000,-1.000000,-0.600000,0.600000,0.600000,0.600000,0.600000,-0.600000,-0.600000,-0.600000,-0.600000,-0.600000,0.600000,-0.600000,-0.600000,-0.600000,0.557380,0.600000,-0.600000,-0.621416,-0.600000,-0.600000,-0.630792,0.600000,-0.600000,0.600000,0.600000,-0.600000,0.600000,-0.600000,-0.600000,-0.600000,0.600000,-0.600000,-0.600000,0.716323,-0.600000,-0.600000,0.559845,-0.600000,-0.600000,-0.600000,-0.600000,0.589158,-0.600000,-0.621416,-0.600000,-0.600000,0.600000,-0.600000,-0.600000,0.600000,-0.600000,-0.600000,-0.600000,-0.600000,0.600000,0.600000,-0.600000,1.000000,-0.600000,0.600000,-0.600000,-0.600000,-0.635443,-0.600000,-0.600000,0.600000
306,0.600000,-0.600000,-0.600000,1.000000,-0.600000,-1.000000,-0.600000,0.600000,0.600000,0.600000,0.600000,-0.600000,-0.600000,-0.600000,-0.600000,-0.600000,0.600000,-0.600000,-0.600000,-0.600000,0.557380,0.600000,-0.600000,-0.621416,-0.600000,-0.600000,-0.630792,0.600000,-0.600000,0.600000,0.600000,-0.600000,0.600000,-0.600000,-0.600000,-0.600000,0.600000,-0.600000,-0.600000,0.716323,-0.600000,-0.600000,0.559845,-0.600000,-0.600000,-0.600000,-0.600000,0.589158,-0.600000,-0.621416,-0.600000,-0.600000,0.600000,-0.600000,-0.600000,0.600000,-0.600000,-0.600000,-0.600000,-0.600000,0.600000,0.600000,-0.600000,1.000000,-0.600000,0.600000,-0.600000,-0.600000,-0.635443,-0.600000,-0.600000,0.600000
307,0.600000,-0.600000,-0.600000,1.000000,-0.600000,-1.000000,-0.600000,0.600000,0.600000,0.600000,0.600000,-0.600000,-0.600000,-0.600000,-0.600000,-0.600000,0.600000,-0.600000,-0.600000,-0.600000,0.557380,0.600000,-0.600000,-0.621416,-0.600000,-0.600000,-0.630792,0.600000,-0.600000,0.600000,0.600000,-0.600000,0.600000,-0.600000,-0.600000,-0.600000,0.600000,-0.600000,-0.600000,0.716323,-0.600000,-0.600000,0.559845,-0.600000,-0.600000,-0.600000,-0.600000,0.589158,-0.600000,-0.621416,-0.600000,-0.600000,0.600000,-0.600000,-0.600000,0.600000,-0.600000,-0.600000,-0.600000,-0.600000,0.600000,0.600000,-0.600000,1.000000,-0.600000,0.600000,-0.600000,-0.600000,-0.635443,-0.600000,-0.600000,0.600000
308,0.600000,-0.600000,-0.600000,1.000000,-0.600000,-1.000000,-0.600000,0.600000,0.600000,0.600000,0.600000,-0.600000,-0.600000,-0.600000,-0.600000,-0.600000,0.600000,-0.600000,-0.600000,-0.600000,0.557380,0.600000,-0.600000,-0.621416,-0.600000,-0.600000,-0.630792,0.600000,-0.600000,0.600000,0.600000,-0.600000,0.600000,-0.600000,-0.600000,-0.600000,0.600000,-0.600000,-0.600000,0.716323,-0.600000,-0.600000,0.559845,-0.600000,-0.600000,-0.600000,-0.600000,0.589158,-0.600000,-0.621416,-0.600000,-0.600000,0.600000,-0.600000,-0.600000,0.600000,-0.600000,-0.600000,-0.600000,-0.600000,0.600000,0.600000,-0.600000,1.000000,-0.600000,0.600000,-0.600000,-0.600000,-0.635443,-0.600000,-0.600000,0.600000
309,0.600000,-0.600000,-0.600000,1.000000,-0.600000,-1.000000,-0.600000,0.600000,0.600000,0.600000,0.600000,-0.600000,-0.600000,-0.600000,-0.600000,-0.600000,0.600000,-0.600000,-0.600000,-0.600000,0.557380,0.600000,-0.600000,-0.621416,-0.600000,-0.600000,-0.630792,0.600000,-0.600000,0.600000,0.600000,-0.600000,0.600000,-0.600000,-0.600000,-0.600000,0.600000,-0.600000,-0.600000,0.716323,-0.600000,-0.600000,0.559845,-0.600000,-0.600000,-0.600000,-0.600000,0.589158,-0.600000,-0.621416,-0.600000,-0.600000,0.600000,-0.600000,-0.600000,0.600000,-0.600000,-0.600000,-0.600000,-0.600000,0.600000,0.600000,-0.600000,1.000000,-0.600000,0.600000,-0.600000,-0.600000,-0.635443,-0.600000,-0.600000,0.600000
310,0.600000,-0.600000,-0.600000,1.000000,-0.600000,-1.000000,-0.600000,0.600000,0.600000,0.600000,0.600000,-0.600000,-0.600000,-0.600000,-0.600000,-0.600000,0.600000,-0.600000,-0.600000,-0.600000,0.557380,0.600000,-0.600000,-0.621416,-0.600000,-0.600000,-0.630792,0.600000,-0.600000,0.600000,0.600000,-0.600000,0.600000,-0.600000,-0.600000,-0.600000,0.600000,-0.600000,-0.600000,0.716323,-0.600000,-0.600000,0.559845,-0.600000,-0.600000,-0.600000,-0.600000,0.589158,-0.600000,-0.621416,-0.600000,-0.600000,0.600000,-0.600000,-0.600000,0.600000,-0.600000,-0.600000,-0.600000,-0.600000,0.600000,0.600000,-0.600000,1.000000,-0.600000,0.600000,-0.600000,-0.600000,-0.635443,-0.600000,-0.600000,0.600000
311,0.600000,-0.600000,-0.600000,1.000000,-0.600000,-1.000000,-0.600000,0.600000,0.600000,0.600000,0.600000,-0.600000,-0.600000,-0.600000,-0.600000,-0.600000,0.600000,-0.600000,-0.600000,-0.600000,0.557380,0.600000,-0.600000,-0.621416,-0.600000,-0.600000,-0.630792,0.600000,-0.600000,0.600000,0.600000,-0.600000,0.600000,-0.600000,-0.600000,-0.600000,0.600000,-0.600000,-0.600000,0.716323,-0.600000,-0.600000,0.559845,-0.600000,-0.600000,-0.600000,-0.600000,0.589158,-0.600000,-0.621416,-0.600000,-0.600000,0.600000,-0.600000,-0.600000,0.600000,-0.600000,-0.600000,-0.600000,-0.600000,0.600000,0.600000,-0.600000,1.000000,-0.600000,0.600000,-0.600000,-0.600000,-0.635443,-0.600000,-0.600000,0.600000
312,0.600000,-0.600000,-0.600000,1.000000,-0.600000,-1.000000,-0.600000,0.600000,0.600000,0.600000,0.600000,-0.600000,-0.600000,-0.600000,-0.600000,-0.600000,0.600000,-0.600000,-0.600000,-0.600000,0.557380,0.600000,-0.600000,-0.621416,-0.600000,-0.600000,-0.630792,0.600000,-0.600000,0.600000,0.600000,-0.600000,0.600000,-0.600000,-0.600000,-0.600000,0.600000,-0.600000,-0.600000,0.716323,-0.600000,-0.600000,0.559845,-0.600000,-0.600000,-0.600000,-0.600000,0.589158,-0.600000,-0.621416,-0.600000,-0.600000,0.600000,-0.600000,-0.600000,0.600000,-0.600000,-0.600000,-0.600000,-0.600000,0.600000,0.600000,-0.600000,1.000000,-0.600000,0.600000,-0.600000,-0.600000,-0.635443,-0.600000,-0.600000,0.600000
313,0.600000,-0.600000,-0.600000,1.000000,-0.600000,-1.000000,-0.600000,0.600000,0.600000,0.600000,0.600000,-0.600000,-0.600000,-0.600000,-0.600000,-0.600000,0.600000,-0.600000,-0.600000,-0.600000,0.557380,0.600000,-0.600000,-0.621416,-0.600000,-0.600000,-0.630792,0.600000,-0.600000,0.600000,0.600000,-0.600000,0.600000,-0.600000,-0.600000,-0.600000,0.600000,-0.600000,-0.600000,0.716323,-0.600000,-0.600000,0.559845,-0.600000,-0.600000,-0.600000,-0.600000,0.589158,-0.600000,-0.621416,-0.600000,-0.600000,0.600000,-0.600000,-0.600000,0.600000,-0.600000,-0.600000,-0.600000,-0.600000,0.600000,0.600000,-0.600000,1.000000,-0.600000,0.600000,-0.600000,-0.600000,-0.635443,-0.600000,-0.600000,0.600000
314,0.600000,-0.600000,-0.600000,1.000000,-0.600000,-1.000000,-0.600000,0.600000,0.600000,0.600000,0.600000,-0.600000,-0.600000,-0.600000,-0.600000,-0.600000,0.600000,-0.600000,-0.600000,-0.600000,0.557380,0.600000,-0.600000,-0.621416,-0.600000,-0.600000,-0.630792,0.600000,-0.600000,0.600000,0.600000,-0.600000,0.600000,-0.600000,-0.600000,-0.600000,0.600000,-0.600000,-0.600000,0.716323,-0.600000,-0.600000,0.559845,-0.600000,-0.600000,-0.600000,-0.600000,0.589158,-0.600000,-0.621416,-0.600000,-0.600000,0.600000,-0.600000,-0.600000,0.600000,-0.600000,-0.600000,-0.600000,-0.600000,0.600000,0.600000,-0.600000,1.000000,-0.600000,0.600000,-0.600000,-0.600000,-0.635443,-0.600000,-0.600000,0.600000
315,0.600000,-0.600000,-0.600000,1.000000,-0.600000,-1.000000,-0.600000,0.600000,0.600000,0.600000,0.600000,-0.600000,-0.600000,-0.600000,-0.600000,-0.600000,0.600000,-0.600000,-0.600000,-0.600000,0.557380,0.600000,-0.600000,-0.621416,-0.600000,-0.600000,-0.630792,0.600000,-0.600000,0.600000,0.600000,-0.600000,0.600000,-0.600000,-0.600000,-0.600000,0.600000,-0.600000,-0.600000,0.716323,-0.600000,-0.600000,0.559845,-0.600000,-0.600000,-0.600000,-0.600000,0.589158,-0.600000,-0.621416,-0.600000,-0.600000,0.600000,-0.600000,-0.600000,0.600000,-0.600000,-0.600000,-0.600000,-0.600000,0.600000,0.600000,-0.600000,1.000000,-0.600000,0.600000,-0.600000,-0.600000,-0.635443,-0.600000,-0.600000,0.600000
316,0.600000,-0.600000,-0.600000,1.000000,-0.600000,-1.000000,-0.600000,0.600000,0.600000,0.600000,0.600000,-0.600000,-0.600000,-0.600000,-0.600000,-0.600000,0.600000,-0.600000,-0.600000,-0.600000,0.557380,0.600000,-0.600000,-0.621416,-0.600000,-0.600000,-0.630792,0.600000,-0.600000,0.600000,0.600000,-0.600000,0.600000,-0.600000,-0.600000,-0.600000,0.600000,-0.600000,-0.600000,0.716323,-0.600000,-0.600000,0.559845,-0.600000,-0.600000,-0.600000,-0.600000,0.589158,-0.600000,-0.621416,-0.600000,-0.600000,0.600000,-0.600000,-0.600000,0.600000,-0.600000,-0.600000,-0.600000,-0.600000,0.600000,0.600000,-0.600000,1.000000,-0.600000,0.600000,-0.600000,-0.600000,-0.635443,-0.600000,-0.600000,0.600000
317,0.600000,-0.600000,-0.600000,1.000000,-0.600000,-1.000000,-0.600000,0.600000,0.600000,0.600000,0.600000,-0.600000,-0.600000,-0.600000,-0.600000,-0.600000,0.600000,-0.600000,-0.600000,-0.600000,0.557380,0.600000,-0.600000,-0.621416,-0.600000,-0.600000,-0.630792,0.600000,-0.600000,0.600000,0.600000,-0.600000,0.600000,-0.600000,-0.600000,-0.600000,0.600000,-0.600000,-0.600000,0.716323,-0.600000,-0.600000,0.559845,-0.600000,-0.600000,-0.600000,-0.600000,0.589158,-0.600000,-0.621416,-0.600000,-0.600000,0.600000,-0.600000,-0.600000,0.600000,-0.600000,-0.600000,-0.600000,-0.600000,0.600000,0.600000,-0.600000,1.000000,-0.600000,0.600000,-0.600000,-0.600000,-0.635443,-0.600000,-0.600000,0.600000
318,0.600000,-0.600000,-0.600000,1.000000,-0.600000,-1.000000,-0.600000,0.600000,0.600000,0.600000,0.600000,-0.600000,-0.600000,-0.600000,-0.600000,-0.600000,0.600000,-0.600000,-0.600000,-0.600000,0.557380,0.600000,-0.600000,-0.621416,-0.600000,-0.600000,-0.630792,0.600000,-0.600000,0.600000,0.600000,-0.600000,0.600000,-0.600000,-0.600000,-0.600000,0.600000,-0.600000,-0.600000,0.716323,-0.600000,-0.600000,0.559845,-0.600000,-0.600000,-0.600000,-0.600000,0.589158,-0.600000,-0.621416,-0.600000,-0.600000,0.600000,-0.600000,-0.600000,0.600000,-0.600000,-0.600000,-0.600000,-0.600000,0.600000,0.600000,-0.600000,1.000000,-0.600000,0.600000,-0.600000,-0.600000,-0.635443,-0.600000,-0.600000,0.600000
319,0.600000,-0.600000,-0.600000,1.000000,-0.600000,-1.000000,-0.600000,0.600000,0.600000,0.600000,0.600000,-0.600000,-0.600000,-0.600000,-0.600000,-0.600000,0.600000,-0.600000,-0.600000,-0.600000,0.557380,0.600000,-0.600000,-0.621416,-0.600000,-0.600000,-0.630792,0.600000,-0.600000,0.600000,0.600000,-0.600000,0.600000,-0.600000,-0.600000,-0.600000,0.600000,-0.600000,-0.600000,0.716323,-0.600000,-0.600000,0.559845,-0.600000,-0.600000,-0.600000,-0.600000,0.589158,-0.600000,-0.621416,-0.600000,-0.600000,0.600000,-0.600000,-0.600000,0.600000,-0.600000,-0.600000,-0.600000,-0.600000,0.600000,0.600000,-0.600000,1.000000,-0.600000,0.600000,-0.600000,-0.600000,-0.635443,-0.600000,-0.600000,0.600000
320,0.600000,-0.600000,-0.600000,1.000000,-0.600000,-1.000000,-0.600000,0.600000,0.600000,0.600000,0.600000,-0.600000,-0.600000,-0.600000,-0.600000,-0.600000,0.600000,-0.600000,-0.600000,-0.600000,0.557380,0.600000,-0.600000,-0.621416,-0.600000,-0.600000,-0.630792,0.600000,-0.600000,0.600000,0.600000,-0.600000,0.600000,-0.600000,-0.600000,-0.600000,0.600000,-0.600000,-0.600000,0.716323,-0.600000,-0.600000,0.559845,-0.600000,-0.600000,-0.600000,-0.600000,0.589158,-0.600000,-0.621416,-0.600000,-0.600000,0.600000,-0.600000,-0.600000,0.600000,-0.600000,-0.600000,-0.600000,-0.600000,0.600000,0.600000,-0.600000,1.000000,-0.600000,0.600000,-0.600000,-0.600000,-0.635443,-0.600000,-0.600000,0.600000
321,0.600000,-0.600000,-0.600000,1.000000,-0.600000,-1.000000,-0.600000,0.600000,0.600000,0.600000,0.600000,-0.600000,-0.600000,-0.600000,-0.600000,-0.600000,0.600000,-0.600000,-0.600000,-0.600000,0.557380,0.600000,-0.600000,-0.621416,-0.600000,-0.600000,-0.630792,0.600000,-0.600000,0.600000,0.600000,-0.600000,0.600000,-0.600000,-0.600000,-0.600000,0.600000,-0.600000,-0.600000,0.716323,-0.600000,-0.600000,0.559845,-0.600000,-0.600000,-0.600000,-0.600000,0.589158,-0.600000,-0.621416,-0.600000,-0.600000,0.600000,-0.600000,-0.600000,0.600000,-0.600000,-0.600000,-0.600000,-0.600000,0.600000,0.600000,-0.600000,1.000000,-0.600000,0.600000,-0.600000,-0.600000,-0.635443,-0.600000,-0.600000,0.600000
322,0.600000,-0.600000,-0.600000,1.000000,-0.600000,-1.000000,-0.600000,0.600000,0.600000,0.600000,0.600000,-0.600000,-0.600000,-0.600000,-0.600000,-0.600000,0.600000,-0.600000,-0.600000,-0.600000,0.557380,0.600000,-0.600000,-0.621416,-0.600000,-0.600000,-0.630792,0.600000,-0.600000,0.600000,0.600000,-0.600000,0.600000,-0.600000,-0.600000,-0.600000,0.600000,-0.600000,-0.600000,0.716323,-0.600000,-0.600000,0.559845,-0.600000,-0.600000,-0.600000,-0.600000,0.589158,-0.600000,-0.621416,-0.600000,-0.600000,0.600000,-0.600000,-0.600000,0.600000,-0.600000,-0.600000,-0.600000,-0.600000,0.600000,0.600000,-0.600000,1.000000,-0.600000,0.600000,-0.600000,-0.600000,-0.635443,-0.600000,-0.600000,0.600000
323,0.600000,-0.600000,-0.600000,1.000000,-0.600000,-1.000000,-0.600000,0.600000,0.600000,0.600000,0.600000,-0.600000,-0.600000,-0.600000,-0.600000,-0.600000,0.600000,-0.600000,-0.600000,-0.600000,0.557380,0.600000,-0.600000,-0.621416,-0.600000,-0.600000,-0.630792,0.600000,-0.600000,0.600000,0.600000,-0.600000,0.600000,-0.600000,-0.600000,-0.600000,0.600000,-0.600000,-0.600000,0.716323,-0.600000,-0.600000,0.559845,-0.600000,-0.600000,-0.600000,-0.600000,0.589158,-0.600000,-0.621416,-0.600000,-0.600000,0.600000,-0.600000,-0.600000,0.600000,-0.600000,-0.600000,-0.600000,-0.600000,0.600000,0.600000,-0.600000,1.000000,-0.600000,0.600000,-0.600000,-0.600000,-0.635443,-0.600000,-0.600000,0.600000
324,0.600000,-0.600000,-0.600000,1.000000,-0.600000,-1.000000,-0.600000,0.600000,0.600000,0.600000,0.600000,-0.600000,-0.600000,-0.600000,-0.600000,-0.600000,0.600000,-0.600000,-0.600000,-0.600000,0.557380,0.600000,-0.600000,-0.621416,-0.600000,-0.600000,-0.630792,0.600000,-0.600000,0.600000,0.600000,-0.600000,0.600000,-0.600000,-0.600000,-0.600000,0.600000,-0.600000,-0.600000,0.716323,-0.600000,-0.600000,0.559845,-0.600000,-0.600000,-0.600000,-0.600000,0.589158,-0.600000,-0.621416,-0.600000,-0.600000,0.600000,-0.600000,-0.600000,0.600000,-0.600000,-0.600000,-0.600000,-0.600000,0.600000,0.600000,-0.600000,1.000000,-0.600000,0.600000,-0.600000,-0.600000,-0.635443,-0.600000,-0.600000,0.600000
325,0.600000,-0.600000,-0.600000,1.000000,-0.600000,-1.000000,-0.600000,0.600000,0.600000,0.600000,0.600000,-0.600000,-0.600000,-0.600000,-0.600000,-0.600000,0.600000,-0.600000,-0.600000,-0.600000,0.557380,0.600000,-0.600000,-0.621416,-0.600000,-0.600000,-0.630792,0.600000,-0.600000,0.600000,0.600000,-0.600000,0.600000,-0.600000,-0.600000,-0.600000,0.600000,-0.600000,-0.600000,0.716323,-0.600000,-0.600000,0.559845,-0.600000,-0.600000,-0.600000,-0.600000,0.589158,-0.600000,-0.621416,-0.600000,-0.600000,0.600000,-0.600000,-0.600000,0.600000,-0.600000,-0.600000,-0.600000,-0.600000,0.600000,0.600000,-0.600000,1.000000,-0.600000,0.600000,-0.600000,-0.600000,-0.635443,-0.600000,-0.600000,0.600000
326,0.600000,-0.600000,-0.600000,1.000000,-0.600000,-1.000000,-0.600000,0.600000,0.600000,0.600000,0.600000,-0.600000,-0.600000,-0.600000,-0.600000,-0.600000,0.600000,-0.600000,-0.600000,-0.600000,0.557380,0.600000,-0.600000,-0.621416,-0.600000,-0.600000,-0.630792,0.600000,-0.600000,0.600000,0.600000,-0.600000,0.600000,-0.600000,-0.600000,-0.600000,0.600000,-0.600000,-0.600000,0.716323,-0.600000,-0.600000,0.559845,-0.600000,-0.600000,-0.600000,-0.600000,0.589158,-0.600000,-0.621416,-0.600000,-0.600000,0.600000,-0.600000,-0.600000,0.600000,-0.600000,-0.600000,-0.600000,-0.600000,0.600000,0.600000,-0.600000,1.000000,-0.600000,0.600000,-0.600000,-0.600000,-0.635443,-0.600000,-0.600000,0.600000
327,0.600000,-0.600000,-0.600000,1.000000,-0.600000,-1.000000,-0.600000,0.600000,0.600000,0.600000,0.600000,-0.600000,-0.600000,-0.600000,-0.600000,-0.600000,0.600000,-0.600000,-0.600000,-0.600000,0.557380,0.600000,-0.600000,-0.621416,-0.600000,-0.600000,-0.630792,0.600000,-0.600000,0.600000,0.600000,-0.600000,0.600000,-0.600000,-0.600000,-0.600000,0.600000,-0.600000,-0.600000,0.716323,-0.600000,-0.600000,0.559845,-0.600000,-0.600000,-0.600000,-0.600000,0.589158,-0.600000,-0.621416,-0.600000,-0.600000,0.600000,-0.600000,-0.600000,0.600000,-0.600000,-0.600000,-0.600000,-0.600000,0.600000,0.600000,-0.600000,1.000000,-0.600000,0.600000,-0.600000,-0.600000,-0.635443,-0.600000,-0.600000,0.600000
328,0.600000,-0.600000,-0.600000,1.000000,-0.600000,-1.000000,-0.600000,0.600000,0.600000,0.600000,0.600000,-0.600000,-0.600000,-0.600000,-0.600000,-0.600000,0.600000,-0.600000,-0.600000,-0.600000,0.557380,0.600000,-0.600000,-0.621416,-0.600000,-0.600000,-0.630792,0.600000,-0.600000,0.600000,0.600000,-0.600000,0.600000,-0.600000,-0.600000,-0.600000,0.600000,-0.600000,-0.600000,0.716323,-0.600000,-0.600000,0.559845,-0.600000,-0.600000,-0.600000,-0.600000,0.589158,-0.600000,-0.621416,-0.600000,-0.600000,0.600000,-0.600000,-0.600000,0.600000,-0.600000,-0.600000,-0.600000,-0.600000,0.600000,0.600000,-0.600000,1.000000,-0.600000,0.600000,-0.600000,-0.600000,-0.635443,-0.600000,-0.600000,0.600000
329,0.600000,-0.600000,-0.600000,1.000000,-0.600000,-1.000000,-0.600000,0.600000,0.600000,0.600000,0.600000,-0.600000,-0.600000,-0.600000,-0.600000,-0.600000,0.600000,-0.600000,-0.600000,-0.600000,0.557380,0.600000,-0.600000,-0.621416,-0.600000,-0.600000,-0.630792,0.600000,-0.600000,0.600000,0.600000,-0.600000,0.600000,-0.600000,-0.600000,-0.600000,0.600000,-0.600000,-0.600000,0.716323,-0.600000,-0.600000,0.559845,-0.600000,-0.600000,-0.600000,-0.600000,0.589158,-0.600000,-0.621416,-0.600000,-0.600000,0.600000,-0.600000,-0.600000,0.600000,-0.600000,-0.600000,-0.600000,-0.600000,0.600000,0.600000,-0.600000,1.000000,-0.600000,0.600000,-0.600000,-0.600000,-0.635443,-0.600000,-0.600000,0.600000
330,0.600000,-0.600000,-0.600000,1.000000,-0.600000,-1.000000,-0.600000,0.600000,0.600000,0.600000,0.600000,-0.600000,-0.600000,-0.600000,-0.600000,-0.600000,0.600000,-0.600000,-0.600000,-0.600000,0.557380,0.600000,-0.600000,-0.621416,-0.600000,-0.600000,-0.630792,0.600000,-0.600000,0.600000,0.600000,-0.600000,0.600000,-0.600000,-0.600000,-0.600000,0.600000,-0.600000,-0.600000,0.716323,-0.600000,-0.600000,0.559845,-0.600000,-0.600000,-0.600000,-0.600000,0.589158,-0.600000,-0.621416,-0.600000,-0.600000,0.600000,-0.600000,-0.600000,0.600000,-0.600000,-0.600000,-0.600000,-0.600000,0.600000,0.600000,-0.600000,1.000000,-0.600000,0.600000,-0.600000,-0.600000,-0.635443,-0.600000,-0.600000,0.600000
331,0.600000,-0.600000,-0.600000,1.000000,-0.600000,-1.000000,-0.600000,0.600000,0.600000,0.600000,0.600000,-0.600000,-0.600000,-0.600000,-0.600000,-0.600000,0.600000,-0.600000,-0.600000,-0.600000,0.557380,0.600000,-0.600000,-0.621416,-0.600000,-0.600000,-0.630792,0.600000,-0.600000,0.600000,0.600000,-0.600000,0.600000,-0.600000,-0.600000,-0.600000,0.600000,-0.600000,-0.600000,0.716323,-0.600000,-0.600000,0.559845,-0.600000,-0.600000,-0.600000,-0.600000,0.589158,-0.600000,-0.621416,-0.600000,-0.600000,0.600000,-0.600000,-0.600000,0.600000,-0.600000,-0.600000,-0.600000,-0.600000,0.600000,0.600000,-0.600000,1.000000,-0.600000,0.600000,-0.600000,-0.600000,-0.635443,-0.600000,-0.600000,0.600000
332,0.600000,-0.600000,-0.600000,1.000000,-0.600000,-1.000000,-0.600000,0.600000,0.600000,0.600000,0.600000,-0.600000,-0.600000,-0.600000,-0.600000,-0.600000,0.600000,-0.600000,-0.600000,-0.600000,0.557380,0.600000,-0.600000,-0.621416,-0.600000,-0.600000,-0.630792,0.600000,-0.600000,0.600000,0.600000,-0.600000,0.600000,-0.600000,-0.600000,-0.600000,0.600000,-0.600000,-0.600000,0.716323,-0.600000,-0.600000,0.559845,-0.600000,-0.600000,-0.600000,-0.600000,0.589158,-0.600000,-0.621416,-0.600000,-0.600000,0.600000,-0.600000,-0.600000,0.600000,-0.600000,-0.600000,-0.600000,-0.600000,0.600000,0.600000,-0.600000,1.000000,-0.600000,0.600000,-0.600000,-0.600000,-0.635443,-0.600000,-0.600000,0.600000
333,0.600000,-0.600000,-0.600000,1.000000,-0.600000,-1.000000,-0.600000,0.600000,0.600000,0.600000,0.600000,-0.600000,-0.600000,-0.600000,-0.600000,-0.600000,0.600000,-0.600000,-0.600000,-0.600000,0.557380,0.600000,-0.600000,-0.621416,-0.600000,-0.600000,-0.630792,0.600000,-0.600000,0.600000,0.600000,-0.600000,0.600000,-0.600000,-0.600000,-0.600000,0.600000,-0.600000,-0.600000,0.716323,-0.600000,-0.600000,0.559845,-0.600000,-0.600000,-0.600000,-0.600000,0.589158,-0.600000,-0.621416,-0.600000,-0.600000,0.600000,-0.600000,-0.600000,0.600000,-0.600000,-0.600000,-0.600000,-0.600000,0.600000,0.600000,-0.600000,1.000000,-0.600000,0.600000,-0.600000,-0.600000,-0.635443,-0.600000,-0.600000,0.600000
334,0.600000,-0.600000,-0.600000,1.000000,-0.600000,-1.000000,-0.600000,0.600000,0.600000,0.600000,0.600000,-0.600000,-0.600000,-0.600000,-0.600000,-0.600000,0.600000,-0.600000,-0.600000,-0.600000,0.557380,0.600000,-0.600000,-0.621416,-0.600000,-0.600000,-0.630792,0.600000,-0.600000,0.600000,0.600000,-0.600000,0.600000,-0.600000,-0.600000,-0.600000,0.600000,-0.600000,-0.600000,0.716323,-0.600000,-0.600000,0.559845,-0.600000,-0.600000,-0.600000,-0.600000,0.589158,-0.600000,-0.621416,-0.600000,-0.600000,0.600000,-0.600000,-0.600000,0.600000,-0.600000,-0.600000,-0.600000,-0.600000,0.600000,0.600000,-0.600000,1.000000,-0.600000,0.600000,-0.600000,-0.600000,-0.635443,-0.600000,-0.600000,0.600000
335,0.600000,-0.600000,-0.600000,1.000000,-0.600000,-1.000000,-0.600000,0.600000,0.600000,0.600000,0.600000,-0.600000,-0.600000,-0.600000,-0.600000,-0.600000,0.600000,-0.600000,-0.600000,-0.600000,0.557380,0.600000,-0.600000,-0.621416,-0.600000,-0.600000,-0.630792,0.600000,-0.600000,0.600000,0.600000,-0.600000,0.600000,-0.600000,-0.600000,-0.600000,0.600000,-0.600000,-0.600000,0.716323,-0.600000,-0.600000,0.559845,-0.600000,-0.600000,-0.600000,-0.600000,0.589158,-0.600000,-0.621416,-0.600000,-0.600000,0.600000,-0.600000,-0.600000,0.600000,-0.600000,-0.600000,-0.600000,-0.600000,0.600000,0.600000,-0.600000,1.000000,-0.600000,0.600000,-0.600000,-0.600000,-0.635443,-0.600000,-0.600000,0.600000
336,0.600000,-0.600000,-0.600000,1.000000,-0.600000,-1.000000,-0.600000,0.600000,0.600000,0.600000,0.600000,-0.600000,-0.600000,-0.600000,-0.600000,-0.600000,0.600000,-0.600000,-0.600000,-0.600000,0.557380,0.600000,-0.600000,-0.621416,-0.600000,-0.600000,-0.630792,0.600000,-0.600000,0.600000,0.600000,-0.600000,0.600000,-0.600000,-0.600000,-0.600000,0.600000,-0.600000,-0.600000,0.716323,-0.600000,-0.600000,0.559845,-0.600000,-0.600000,-0.600000,-0.600000,0.589158,-0.600000,-0.621416,-0.600000,-0.600000,0.600000,-0.600000,-0.600000,0.600000,-0.600000,-0.600000,-0.600000,-0.600000,0.600000,0.600000,-0.600000,1.000000,-0.600000,0.600000,-0.600000,-0.600000,-0.635443,-0.600000,-0.600000,0.600000
337,0.600000,-0.600000,-0.600000,1.000000,-0.600000,-1.000000,-0.600000,0.600000,0.600000,0.600000,0.600000,-0.600000,-0.600000,-0.600000,-0.600000,-0.600000,0.600000,-0.600000,-0.600000,-0.600000,0.557380,0.600000,-0.600000,-0.621416,-0.600000,-0.600000,-0.630792,0.600000,-0.600000,0.600000,0.600000,-0.600000,0.600000,-0.600000,-0.600000,-0.600000,0.600000,-0.600000,-0.600000,0.716323,-0.600000,-0.600000,0.559845,-0.600000,-0.600000,-0.600000,-0.600000,0.589158,-0.600000,-0.621416,-0.600000,-0.600000,0.600000,-0.600000,-0.600000,0.600000,-0.600000,-0.600000,-0.600000,-0.600000,0.600000,0.600000,-0.600000,1.000000,-0.600000,0.600000,-0.600000,-0.600000,-0.635443,-0.600000,-0.600000,0.600000
338,0.600000,-0.600000,-0.600000,1.000000,-0.600000,-1.000000,-0.600000,0.600000,0.600000,0.600000,0.600000,-0.600000,-0.600000,-0.600000,-0.600000,-0.600000,0.600000,-0.600000,-0.600000,-0.600000,0.557380,0.600000,-0.600000,-0.621416,-0.600000,-0.600000,-0.630792,0.600000,-0.600000,0.600000,0.600000,-0.600000,0.600000,-0.600000,-0.600000,-0.600000,0.600000,-0.600000,-0.600000,0.716323,-0.600000,-0.600000,0.559845,-0.600000,-0.600000,-0.600000,-0.600000,0.589158,-0.600000,-0.621416,-0.600000,-0.600000,0.600000,-0.600000,-0.600000,0.600000,-0.600000,-0.600000,-0.600000,-0.600000,0.600000,0.600000,-0.600000,1.000000,-0.600000,0.600000,-0.600000,-0.600000,-0.635443,-0.600000,-0.600000,0.600000
339,0.600000,-0.600000,-0.600000,1.000000,-0.600000,-1.000000,-0.600000,0.600000,0.600000,0.600000,0.600000,-0.600000,-0.600000,-0.600000,-0.600000,-0.600000,0.600000,-0.600000,-0.600000,-0.600000,0.557380,0.600000,-0.600000,-0.621416,-0.600000,-0.600000,-0.630792,0.600000,-0.600000,0.600000,0.600000,-0.600000,0.600000,-0.600000,-0.600000,-0.600000,0.600000,-0.600000,-0.600000,0.716323,-0.600000,-0.600000,0.559845,-0.600000,-0.600000,-0.600000,-0.600000,0.589158,-0.600000,-0.621416,-0.600000,-0.600000,0.600000,-0.600000,-0.600000,0.600000,-0.600000,-0.600000,-0.600000,-0.600000,0.600000,0.600000,-0.600000,1.000000,-0.600000,0.600000,-0.600000,-0.600000,-0.635443,-0.600000,-0.600000,0.600000
340,0.600000,-0.600000,-0.600000,1.000000,-0.600000,-1.000000,-0.600000,0.600000,0.600000,0.600000,0.600000,-0.600000,-0.600000,-0.600000,-0.600000,-0.600000,0.600000,-0.600000,-0.600000,-0.600000,0.557380,0.600000,-0.600000,-0.621416,-0.600000,-0.600000,-0.630792,0.600000,-0.600000,0.600000,0.600000,-0.600000,0.600000,-0.600000,-0.600000,-0.600000,0.600000,-0.600000,-0.600000,0.716323,-0.600000,-0.600000,0.559845,-0.600000,-0.600000,-0.600000,-0.600000,0.589158,-0.600000,-0.621416,-0.600000,-0.600000,0.600000,-0.600000,-0.600000,0.600000,-0.600000,-0.600000,-0.600000,-0.600000,0.600000,0.600000,-0.600000,1.000000,-0.600000,0.600000,-0.600000,-0.600000,-0.635443,-0.600000,-0.600000,0.600000
341,0.600000,-0.600000,-0.600000,1.000000,-0.600000,-1.000000,-0.600000,0.600000,0.600000,0.600000,0.600000,-0.600000,-0.600000,-0.600000,-0.600000,-0.600000,0.600000,-0.600000,-0.600000,-0.600000,0.557380,0.600000,-0.600000,-0.621416,-0.600000,-0.600000,-0.630792,0.600000,-0.600000,0.600000,0.600000,-0.600000,0.600000,-0.600000,-0.600000,-0.600000,0.600000,-0.600000,-0.600000,0.716323,-0.600000,-0.600000,0.559845,-0.600000,-0.600000,-0.600000,-0.600000,0.589158,-0.600000,-0.621416,-0.600000,-0.600000,0.600000,-0.600000,-0.600000,0.600000,-0.600000,-0.600000,-0.600000,-0.600000,0.600000,0.600000,-0.600000,1.000000,-0.600000,0.600000,-0.600000,-0.600000,-0.635443,-0.600000,-0.600000,0.600000
342,0.600000,-0.600000,-0.600000,1.000000,-0.600000,-1.000000,-0.600000,0.600000,0.600000,0.600000,0.600000,-0.600000,-0.600000,-0.600000,-0.600000,-0.600000,0.600000,-0.600000,-0.600000,-0.600000,0.557380,0.600000,-0.600000,-0.621416,-0.600000,-0.600000,-0.630792,0.600000,-0.600000,0.600000,0.600000,-0.600000,0.600000,-0.600000,-0.600000,-0.600000,0.600000,-0.600000,-0.600000,0.716323,-0.600000,-0.600000,0.559845,-0.600000,-0.600000,-0.600000,-0.600000,0.589158,-0.600000,-0.621416,-0.600000,-0.600000,0.600000,-0.600000,-0.600000,0.600000,-0.600000,-0.600000,-0.600000,-0.600000,0.600000,0.600000,-0.600000,1.000000,-0.600000,0.600000,-0.600000,-0.600000,-0.635443,-0.600000,-0.600000,0.600000
343,0.600000,-0.600000,-0.600000,1.000000,-0.600000,-1.000000,-0.600000,0.600000,0.600000,0.600000,0.600000,-0.600000,-0.600000,-0.600000,-0.600000,-0.600000,0.600000,-0.600000,-0.600000,-0.600000,0.557380,0.600000,-0.600000,-0.621416,-0.600000,-0.600000,-0.630792,0.600000,-0.600000,0.600000,0.600000,-0.600000,0.600000,-0.600000,-0.600000,-0.600000,0.600000,-0.600000,-0.600000,0.716323,-0.600000,-0.600000,0.559845,-0.600000,-0.600000,-0.600000,-0.600000,0.589158,-0.600000,-0.621416,-0.600000,-0.600000,0.600000,-0.600000,-0.600000,0.600000,-0.600000,-0.600000,-0.600000,-0.600000,0.600000,0.600000,-0.600000,1.000000,-0.600000,0.600000,-0.600000,-0.600000,-0.635443,-0.600000,-0.600000,0.600000
344,0.600000,-0.600000,-0.600000,1.000000,-0.600000,-1.000000,-0.600000,0.600000,0.600000,0.600000,0.600000,-0.600000,-0.600000,-0.600000,-0.600000,-0.600000,0.600000,-0.600000,-0.600000,-0.600000,0.557380,0.600000,-0.600000,-0.621416,-0.600000,-0.600000,-0.630792,0.600000,-0.600000,0.600000,0.600000,-0.600000,0.600000,-0.600000,-0.600000,-0.600000,0.600000,-0.600000,-0.600000,0.716323,-0.600000,-0.600000,0.559845,-0.600000,-0.600000,-0.600000,-0.600000,0.589158,-0.600000,-0.621416,-0.600000,-0.600000,0.600000,-0.600000,-0.600000,0.600000,-0.600000,-0.600000,-0.600000,-0.600000,0.600000,0.600000,-0.600000,1.000000,-0.600000,0.600000,-0.600000,-0.600000,-0.635443,-0.600000,-0.600000,0.600000
345,0.600000,-0.600000,-0.600000,1.000000,-0.600000,-1.000000,-0.600000,0.600000,0.600000,0.600000,0.600000,-0.600000,-0.600000,-0.600000,-0.600000,-0.600000,0.600000,-0.600000,-0.600000,-0.600000,0.557380,0.600000,-0.600000,-0.621416,-0.600000,-0.600000,-0.630792,0.600000,-0.600000,0.600000,0.600000,-0.600000,0.600000,-0.600000,-0.600000,-0.600000,0.600000,-0.600000,-0.600000,0.716323,-0.600000,-0.600000,0.559845,-0.600000,-0.600000,-0.600000,-0.600000,0.589158,-0.600000,-0.621416,-0.600000,-0.600000,0.600000,-0.600000,-0.600000,0.600000,-0.600000,-0.600000,-0.600000,-0.600000,0.600000,0.600000,-0.600000,1.000000,-0.600000,0.600000,-0.600000,-0.600000,-0.635443,-0.600000,-0.600000,0.600000
346,0.600000,-0.600000,-0.600000,1.000000,-0.600000,-1.000000,-0.600000,0.600000,0.600000,0.600000,0.600000,-0.600000,-0.600000,-0.600000,-0.600000,-0.600000,0.600000,-0.600000,-0.600000,-0.600000,0.557380,0.600000,-0.600000,-0.621416,-0.600000,-0.600000,-0.630792,0.600000,-0.600000,0.600000,0.600000,-0.600000,0.600000,-0.600000,-0.600000,-0.600000,0.600000,-0.600000,-0.600000,0.716323,-0.600000,-0.600000,0.559845,-0.600000,-0.600000,-0.600000,-0.600000,0.589158,-0.600000,-0.621416,-0.600000,-0.600000,0.600000,-0.600000,-0.600000,0.600000,-0.600000,-0.600000,-0.600000,-0.600000,0.600000,0.600000,-0.600000,1.000000,-0.600000,0.600000,-0.600000,-0.600000,-0.635443,-0.600000,-0.600000,0.600000
347,0.600000,-0.600000,-0.600000,1.000000,-0.600000,-1.000000,-0.600000,0.600000,0.600000,0.600000,0.600000,-0.600000,-0.600000,-0.600000,-0.600000,-0.600000,0.600000,-0.600000,-0.600000,-0.600000,0.557380,0.600000,-0.600000,-0.621416,-0.600000,-0.600000,-0.630792,0.600000,-0.600000,0.600000,0.600000,-0.600000,0.600000,-0.600000,-0.600000,-0.600000,0.600000,-0.600000,-0.600000,0.716323,-0.600000,-0.600000,0.559845,-0.600000,-0.600000,-0.600000,-0.600000,0.589158,-0.600000,-0.621416,-0.600000,-0.600000,0.600000,-0.600000,-0.600000,0.600000,-0.600000,-0.600000,-0.600000,-0.600000,0.600000,0.600000,-0.600000,1.000000,-0.600000,0.600000,-0.600000,-0.600000,-0.635443,-0.600000,-0.600000,0.600000
348,0.600000,-0.600000,-0.600000,1.000000,-0.600000,-1.000000,-0.600000,0.600000,0.600000,0.600000,0.600000,-0.600000,-0.600000,-0.600000,-0.600000,-0.600000,0.600000,-0.600000,-0.600000,-0.600000,0.557380,0.600000,-0.600000,-0.621416,-0.600000,-0.600000,-0.630792,0.600000,-0.600000,0.600000,0.600000,-0.600000,0.600000,-0.600000,-0.600000,-0.600000,0.600000,-0.600000,-0.600000,0.716323,-0.600000,-0.600000,0.559845,-0.600000,-0.600000,-0.600000,-0.600000,0.589158,-0.600000,-0.621416,-0.600000,-0.600000,0.600000,-0.600000,-0.600000,0.600000,-0.600000,-0.600000,-0.600000,-0.600000,0.600000,0.600000,-0.600000,1.000000,-0.600000,0.600000,-0.600000,-0.600000,-0.635443,-0.600000,-0.600000,0.600000
349,0.600000,-0.600000,-0.600000,1.000000,-0.600000,-1.000000,-0.600000,0.600000,0.600000,0.600000,0.600000,-0.600000,-0.600000,-0.600000,-0.600000,-0.600000,0.600000,-0.600000,-0.600000,-0.600000,0.557380,0.600000,-0.600000,-0.621416,-0.600000,-0.600000,-0.630792,0.600000,-0.600000,0.600000,0.600000,-0.600000,0.600000,-0.600000,-0.600000,-0.600000,0.600000,-0.600000,-0.600000,0.716323,-0.600000,-0.600000,0.559845,-0.600000,-0.600000,-0.600000,-0.600000,0.589158,-0.600000,-0.621416,-0.600000,-0.600000,0.600000,-0.600000,-0.600000,0.600000,-0.600000,-0.600000,-0.600000,-0.600000,0.600000,0.600000,-0.600000,1.000000,-0.600000,0.600000,-0.600000,-0.600000,-0.635443,-0.600000,-0.600000,0.600000
350,0.600000,-0.600000,-0.600000,1.000000,-0.600000,-1.000000,-0.600000,0.600000,0.600000,0.600000,0.600000,-0.600000,-0.600000,-0.600000,-0.600000,-0.600000,0.600000,-0.600000,-0.600000,-0.600000,0.557380,0.600000,-0.600000,-0.621416,-0.600000,-0.600000,-0.630792,0.600000,-0.600000,0.600000,0.600000,-0.600000,0.600000,-0.600000,-0.600000,-0.600000,0.600000,-0.600000,-0.600000,0.716323,-0.600000,-0.600000,0.559845,-0.600000,-0.600000,-0.600000,-0.600000,0.589158,-0.600000,-0.621416,-0.600000,-0.600000,0.600000,-0.600000,-0.600000,0.600000,-0.600000,-0.600000,-0.600000,-0.600000,0.600000,0.600000,-0.600000,1.000000,-0.600000,0.600000,-0.600000,-0.600000,-0.635443,-0.600000,-0.600000,0.600000
351,0.600000,-0.600000,-0.600000,1.000000,-0.600000,-1.000000,-0.600000,0.600000,0.600000,0.600000,0.600000,-0.600000,-0.600000,-0.600000,-0.600000,-0.600000,0.600000,-0.600000,-0.600000,-0.600000,0.557380,0.600000,-0.600000,-0.621416,-0.600000,-0.600000,-0.630792,0.600000,-0.600000,0.600000,0.600000,-0.600000,0.600000,-0.600000,-0.600000,-0.600000,0.600000,-0.600000,-0.600000,0.716323,-0.600000,-0.600000,0.559845,-0.600000,-0.600000,-0.600000,-0.600000,0.589158,-0.600000,-0.621416,-0.600000,-0.600000,0.600000,-0.600000,-0.600000,0.600000,-0.600000,-0.600000,-0.600000,-0.600000,0.600000,0.600000,-0.600000,1.000000,-0.600000,0.600000,-0.600000,-0.600000,-0.635443,-0.600000,-0.600000,0.600000
352,0.600000,-0.600000,-0.600000,1.000000,-0.600000,-1.000000,-0.600000,0.600000,0.600000,0.600000,0.600000,-0.600000,-0.600000,-0.600000,-0.600000,-0.600000,0.600000,-0.600000,-0.600000,-0.600000,0.557380,0.600000,-0.600000,-0.621416,-0.600000,-0.600000,-0.630792,0.600000,-0.600000,0.600000,0.600000,-0.600000,0.600000,-0.600000,-0.600000,-0.600000,0.600000,-0.600000,-0.600000,0.716323,-0.600000,-0.600000,0.559845,-0.600000,-0.600000,-0.600000,-0.600000,0.589158,-0.600000,-0.621416,-0.600000,-0.600000,0.600000,-0.600000,-0.600000,0.600000,-0.600000,-0.600000,-0.600000,-0.600000,0.600000,0.600000,-0.600000,1.000000,-0.600000,0.600000,-0.600000,-0.600000,-0.635443,-0.600000,-0.600000,0.600000
353,0.600000,-0.600000,-0.600000,1.000000,-0.600000,-1.000000,-0.600000,0.600000,0.600000,0.600000,0.600000,-0.600000,-0.600000,-0.600000,-0.600000,-0.600000,0.600000,-0.600000,-0.600000,-0.600000,0.557380,0.600000,-0.600000,-0.621416,-0.600000,-0.600000,-0.630792,0.600000,-0.600000,0.600000,0.600000,-0.600000,0.600000,-0.600000,-0.600000,-0.600000,0.600000,-0.600000,-0.600000,0.716323,-0.600000,-0.600000,0.559845,-0.600000,-0.600000,-0.600000,-0.600000,0.589158,-0.600000,-0.621416,-0.600000,-0.600000,0.600000,-0.600000,-0.600000,0.600000,-0.600000,-0.600000,-0.600000,-0.600000,0.600000,0.600000,-0.600000,1.000000,-0.600000,0.600000,-0.600000,-0.600000,-0.635443,-0.600000,-0.600000,0.600000
354,0.600000,-0.600000,-0.600000,1.000000,-0.600000,-1.000000,-0.600000,0.600000,0.600000,0.600000,0.600000,-0.600000,-0.600000,-0.600000,-0.600000,-0.600000,0.600000,-0.600000,-0.600000,-0.600000,0.557380,0.600000,-0.600000,-0.621416,-0.600000,-0.600000,-0.630792,0.600000,-0.600000,0.600000,0.600000,-0.600000,0.600000,-0.600000,-0.600000,-0.600000,0.600000,-0.600000,-0.600000,0.716323,-0.600000,-0.600000,0.559845,-0.600000,-0.600000,-0.600000,-0.600000,0.589158,-0.600000,-0.621416,-0.600000,-0.600000,0.600000,-0.600000,-0.600000,0.600000,-0.600000,-0.600000,-0.600000,-0.600000,0.600000,0.600000,-0.600000,1.000000,-0.600000,0.600000,-0.600000,-0.600000,-0.635443,-0.600000,-0.600000,0.600000
355,0.600000,-0.600000,-0.600000,1.000000,-0.600000,-1.000000,-0.600000,0.600000,0.600000,0.600000,0.600000,-0.600000,-0.600000,-0.600000,-0.600000,-0.600000,0.600000,-0.600000,-0.600000,-0.600000,0.557380,0.600000,-0.600000,-0.621416,-0.600000,-0.600000,-0.630792,0.600000,-0.600000,0.600000,0.600000,-0.600000,0.600000,-0.600000,-0.600000,-0.600000,0.600000,-0.600000,-0.600000,0.716323,-0.600000,-0.600000,0.559845,-0.600000,-0.600000,-0.600000,-0.600000,0.589158,-0.600000,-0.621416,-0.600000,-0.600000,0.600000,-0.600000,-0.600000,0.600000,-0.600000,-0.600000,-0.600000,-0.600000,0.600000,0.600000,-0.600000,1.000000,-0.600000,0.600000,-0.600000,-0.600000,-0.635443,-0.600000,-0.600000,0.600000
356,0.600000,-0.600000,-0.600000,1.000000,-0.600000,-1.000000,-0.600000,0.600000,0.600000,0.600000,0.600000,-0.600000,-0.600000,-0.600000,-0.600000,-0.600000,0.600000,-0.600000,-0.600000,-0.600000,0.557380,0.600000,-0.600000,-0.621416,-0.600000,-0.600000,-0.630792,0.600000,-0.600000,0.600000,0.600000,-0.600000,0.600000,-0.600000,-0.600000,-0.600000,0.600000,-0.600000,-0.600000,0.716323,-0.600000,-0.600000,0.559845,-0.600000,-0.600000,-0.600000,-0.600000,0.589158,-0.600000,-0.621416,-0.600000,-0.600000,0.600000,-0.600000,-0.600000,0.600000,-0.600000,-0.600000,-0.600000,-0.600000,0.600000,0.600000,-0.600000,1.000000,-0.600000,0.600000,-0.600000,-0.600000,-0.635443,-0.600000,-0.600000,0.600000
357,0.600000,-0.600000,-0.600000,1.000000,-0.600000,-1.000000,-0.600000,0.600000,0.600000,0.600000,0.600000,-0.600000,-0.600000,-0.600000,-0.600000,-0.600000,0.600000,-0.600000,-0.600000,-0.600000,0.557380,0.600000,-0.600000,-0.621416,-0.600000,-0.600000,-0.630792,0.600000,-0.600000,0.600000,0.600000,-0.600000,0.600000,-0.600000,-0.600000,-0.600000,0.600000,-0.600000,-0.600000,0.716323,-0.600000,-0.600000,0.559845,-0.600000,-0.600000,-0.600000,-0.600000,0.589158,-0.600000,-0.621416,-0.600000,-0.600000,0.600000,-0.600000,-0.600000,0.600000,-0.600000,-0.600000,-0.600000,-0.600000,0.600000,0.600000,-0.600000,1.000000,-0.600000,0.600000,-0.600000,-0.600000,-0.635443,-0.600000,-0.600000,0.600000
358,0.600000,-0.600000,-0.600000,1.000000,-0.600000,-1.000000,-0.600000,0.600000,0.600000,0.600000,0.600000,-0.600000,-0.600000,-0.600000,-0.600000,-0.600000,0.600000,-0.600000,-0.600000,-0.600000,0.557380,0.600000,-0.600000,-0.621416,-0.600000,-0.600000,-0.630792,0.600000,-0.600000,0.600000,0.600000,-0.600000,0.600000,-0.600000,-0.600000,-0.600000,0.600000,-0.600000,-0.600000,0.716323,-0.600000,-0.600000,0.559845,-0.600000,-0.600000,-0.600000,-0.600000,0.589158,-0.600000,-0.621416,-0.600000,-0.600000,0.600000,-0.600000,-0.600000,0.600000,-0.600000,-0.600000,-0.600000,-0.600000,0.600000,0.600000,-0.600000,1.000000,-0.600000,0.600000,-0.600000,-0.600000,-0.635443,-0.600000,-0.600000,0.600000
359,0.600000,-0.600000,-0.600000,1.000000,-0.600000,-1.000000,-0.600000,0.600000,0.600000,0.600000,0.600000,-0.600000,-0.600000,-0.600000,-0.600000,-0.600000,0.600000,-0.600000,-0.600000,-0.600000,0.557380,0.600000,-0.600000,-0.621416,-0.600000,-0.600000,-0.630792,0.600000,-0.600000,0.600000,0.600000,-0.600000,0.600000,-0.600000,-0.600000,-0.600000,0.600000,-0.600000,-0.600000,0.716323,-0.600000,-0.600000,0.559845,-0.600000,-0.600000,-0.600000,-0.600000,0.589158,-0.600000,-0.621416,-0.600000,-0.600000,0.600000,-0.600000,-0.600000,0.600000,-0.600000,-0.600000,-0.600000,-0.600000,0.600000,0.600000,-0.600000,1.000000,-0.600000,0.600000,-0.600000,-0.600000,-0.635443,-0.600000,-0.600000,0.600000
360,0.600000,-0.600000,-0.600000,1.000000,-0.600000,-1.000000,-0.600000,0.600000,0.600000,0.600000,0.600000,-0.600000,-0.600000,-0.600000,-0.600000,-0.600000,0.600000,-0.600000,-0.600000,-0.600000,0.557380,0.600000,-0.600000,-0.621416,-0.600000,-0.600000,-0.630792,0.600000,-0.600000,0.600000,0.600000,-0.600000,0.600000,-0.600000,-0.600000,-0.600000,0.600000,-0.600000,-0.600000,0.716323,-0.600000,-0.600000,0.559845,-0.600000,-0.600000,-0.600000,-0.600000,0.589158,-0.600000,-0.621416,-0.600000,-0.600000,0.600000,-0.600000,-0.600000,0.600000,-0.600000,-0.600000,-0.600000,-0.600000,0.600000,0.600000,-0.600000,1.000000,-0.600000,0.600000,-0.600000,-0.600000,-0.635443,-0.600000,-0.600000,0.600000
361,0.600000,-0.600000,-0.600000,1.000000,-0.600000,-1.000000,-0.600000,0.600000,0.600000,0.600000,0.600000,-0.600000,-0.600000,-0.600000,-0.600000,-0.600000,0.600000,-0.600000,-0.600000,-0.600000,0.557380,0.600000,-0.600000,-0.621416,-0.600000,-0.600000,-0.630792,0.600000,-0.600000,0.600000,0.600000,-0.600000,0.600000,-0.600000,-0.600000,-0.600000,0.600000,-0.600000,-0.600000,0.716323,-0.600000,-0.600000,0.559845,-0.600000,-0.600000,-0.600000,-0.600000,0.589158,-0.600000,-0.621416,-0.600000,-0.600000,0.600000,-0.600000,-0.600000,0.600000,-0.600000,-0.600000,-0.600000,-0.600000,0.600000,0.600000,-0.600000,1.000000,-0.600000,0.600000,-0.600000,-0.600000,-0.635443,-0.600000,-0.600000,0.600000
362,0.600000,-0.600000,-0.600000,1.000000,-0.600000,-1.000000,-0.600000,0.600000,0.600000,0.600000,0.600000,-0.600000,-0.600000,-0.600000,-0.600000,-0.600000,0.600000,-0.600000,-0.600000,-0.600000,0.557380,0.600000,-0.600000,-0.621416,-0.600000,-0.600000,-0.630792,0.600000,-0.600000,0.600000,0.600000,-0.600000,0.600000,-0.600000,-0.600000,-0.600000,0.600000,-0.600000,-0.600000,0.716323,-0.600000,-0.600000,0.559845,-0.600000,-0.600000,-0.600000,-0.600000,0.589158,-0.600000,-0.621416,-0.600000,-0.600000,0.600000,-0.600000,-0.600000,0.600000,-0.600000,-0.600000,-0.600000,-0.600000,0.600000,0.600000,-0.600000,1.000000,-0.600000,0.600000,-0.600000,-0.600000,-0.635443,-0.600000,-0.600000,0.600000
363,0.600000,-0.600000,-0.600000,1.000000,-0.600000,-1.000000,-0.600000,0.600000,0.600000,0.600000,0.600000,-0.600000,-0.600000,-0.600000,-0.600000,-0.600000,0.600000,-0.600000,-0.600000,-0.600000,0.557380,0.600000,-0.600000,-0.621416,-0.600000,-0.600000,-0.630792,0.600000,-0.600000,0.600000,0.600000,-0.600000,0.600000,-0.600000,-0.600000,-0.600000,0.600000,-0.600000,-0.600000,0.716323,-0.600000,-0.600000,0.559845,-0.600000,-0.600000,-0.600000,-0.600000,0.589158,-0.600000,-0.621416,-0.600000,-0.600000,0.600000,-0.600000,-0.600000,0.600000,-0.600000,-0.600000,-0.600000,-0.600000,0.600000,0.600000,-0.600000,1.000000,-0.600000,0.600000,-0.600000,-0.600000,-0.635443,-0.600000,-0.600000,0.600000
364,0.600000,-0.600000,-0.600000,1.000000,-0.600000,-1.000000,-0.600000,0.600000,0.600000,0.600000,0.600000,-0.600000,-0.600000,-0.600000,-0.600000,-0.600000,0.600000,-0.600000,-0.600000,-0.600000,0.557380,0.600000,-0.600000,-0.621416,-0.600000,-0.600000,-0.630792,0.600000,-0.600000,0.600000,0.600000,-0.600000,0.600000,-0.600000,-0.600000,-0.600000,0.600000,-0.600000,-0.600000,0.716323,-0.600000,-0.600000,0.559845,-0.600000,-0.600000,-0.600000,-0.600000,0.589158,-0.600000,-0.621416,-0.600000,-0.600000,0.600000,-0.600000,-0.600000,0.600000,-0.600000,-0.600000,-0.600000,-0.600000,0.600000,0.600000,-0.600000,1.000000,-0.600000,0.600000,-0.600000,-0.600000,-0.635443,-0.600000,-0.600000,0.600000
365,0.600000,-0.600000,-0.600000,1.000000,-0.600000,-1.000000,-0.600000,0.600000,0.600000,0.600000,0.600000,-0.600000,-0.600000,-0.600000,-0.600000,-0.600000,0.600000,-0.600000,-0.600000,-0.600000,0.557380,0.600000,-0.600000,-0.621416,-0.600000,-0.600000,-0.630792,0.600000,-0.600000,0.600000,0.600000,-0.600000,0.600000,-0.600000,-0.600000,-0.600000,0.600000,-0.600000,-0.600000,0.716323,-0.600000,-0.600000,0.559845,-0.600000,-0.600000,-0.600000,-0.600000,0.589158,-0.600000,-0.621416,-0.600000,-0.600000,0.600000,-0.600000,-0.600000,0.600000,-0.600000,-0.600000,-0.600000,-0.600000,0.600000,0.600000,-0.600000,1.000000,-0.600000,0.600000,-0.600000,-0.600000,-0.635443,-0.600000,-0.600000,0.600000
366,0.600000,-0.600000,-0.600000,1.000000,-0.600000,-1.000000,-0.600000,0.600000,0.600000,0.600000,0.600000,-0.600000,-0.600000,-0.600000,-0.600000,-0.600000,0.600000,-0.600000,-0.600000,-0.600000,0.557380,0.600000,-0.600000,-0.621416,-0.600000,-0.600000,-0.630792,0.600000,-0.600000,0.600000,0.600000,-0.600000,0.600000,-0.600000,-0.600000,-0.600000,0.600000,-0.600000,-0.600000,0.716323,-0.600000,-0.600000,0.559845,-0.600000,-0.600000,-0.600000,-0.600000,0.589158,-0.600000,-0.621416,-0.600000,-0.600000,0.600000,-0.600000,-0.600000,0.600000,-0.600000,-0.600000,-0.600000,-0.600000,0.600000,0.600000,-0.600000,1.000000,-0.600000,0.600000,-0.600000,-0.600000,-0.635443,-0.600000,-0.600000,0.600000
367,0.600000,-0.600000,-0.600000,1.000000,-0.600000,-1.000000,-0.600000,0.600000,0.600000,0.600000,0.600000,-0.600000,-0.600000,-0.600000,-0.600000,-0.600000,0.600000,-0.600000,-0.600000,-0.600000,0.557380,0.600000,-0.600000,-0.621416,-0.600000,-0.600000,-0.630792,0.600000,-0.600000,0.600000,0.600000,-0.600000,0.600000,-0.600000,-0.600000,-0.600000,0.600000,-0.600000,-0.600000,0.716323,-0.600000,-0.600000,0.559845,-0.600000,-0.600000,-0.600000,-0.600000,0.589158,-0.600000,-0.621416,-0.600000,-0.600000,0.600000,-0.600000,-0.600000,0.600000,-0.600000,-0.600000,-0.600000,-0.600000,0.600000,0.600000,-0.600000,1.000000,-0.600000,0.600000,-0.600000,-0.600000,-0.635443,-0.600000,-0.600000,0.600000
368,0.600000,-0.600000,-0.600000,1.000000,-0.600000,-1.000000,-0.600000,0.600000,0.600000,0.600000,0.600000,-0.600000,-0.600000,-0.600000,-0.600000,-0.600000,0.600000,-0.600000,-0.600000,-0.600000,0.557380,0.600000,-0.600000,-0.621416,-0.600000,-0.600000,-0.630792,0.600000,-0.600000,0.600000,0.600000,-0.600000,0.600000,-0.600000,-0.600000,-0.600000,0.600000,-0.600000,-0.600000,0.716323,-0.600000,-0.600000,0.559845,-0.600000,-0.600000,-0.600000,-0.600000,0.589158,-0.600000,-0.621416,-0.600000,-0.600000,0.600000,-0.600000,-0.600000,0.600000,-0.600000,-0.600000,-0.600000,-0.600000,0.600000,0.600000,-0.600000,1.000000,-0.600000,0.600000,-0.600000,-0.600000,-0.635443,-0.600000,-0.600000,0.600000
369,0.600000,-0.600000,-0.600000,1.000000,-0.600000,-1.000000,-0.600000,0.600000,0.600000,0.600000,0.600000,-0.600000,-0.600000,-0.600000,-0.600000,-0.600000,0.600000,-0.600000,-0.600000,-0.600000,0.557380,0.600000,-0.600000,-0.621416,-0.600000,-0.600000,-0.630792,0.600000,-0.600000,0.600000,0.600000,-0.600000,0.600000,-0.600000,-0.600000,-0.600000,0.600000,-0.600000,-0.600000,0.716323,-0.600000,-0.600000,0.559845,-0.600000,-0.600000,-0.600000,-0.600000,0.589158,-0.600000,-0.621416,-0.600000,-0.600000,0.600000,-0.600000,-0.600000,0.600000,-0.600000,-0.600000,-0.600000,-0.600000,0.600000,0.600000,-0.600000,1.000000,-0.600000,0.600000,-0.600000,-0.600000,-0.635443,-0.600000,-0.600000,0.600000
370,0.600000,-0.600000,-0.600000,1.000000,-0.600000,-1.000000,-0.600000,0.600000,0.600000,0.600000,0.600000,-0.600000,-0.600000,-0.600000,-0.600000,-0.600000,0.600000,-0.600000,-0.600000,-0.600000,0.557380,0.600000,-0.600000,-0.621416,-0.600000,-0.600000,-0.630792,0.600000,-0.600000,0.600000,0.600000,-0.600000,0.600000,-0.600000,-0.600000,-0.600000,0.600000,-0.600000,-0.600000,0.716323,-0.600000,-0.600000,0.559845,-0.600000,-0.600000,-0.600000,-0.600000,0.589158,-0.600000,-0.621416,-0.600000,-0.600000,0.600000,-0.600000,-0.600000,0.600000,-0.600000,-0.600000,-0.600000,-0.600000,0.600000,0.600000,-0.600000,1.000000,-0.600000,0.600000,-0.600000,-0.600000,-0.635443,-0.600000,-0.600000,0.600000
371,0.600000,-0.600000,-0.600000,1.000000,-0.600000,-1.000000,-0.600000,0.600000,0.600000,0.600000,0.600000,-0.600000,-0.600000,-0.600000,-0.600000,-0.600000,0.600000,-0.600000,-0.600000,-0.600000,0.557380,0.600000,-0.600000,-0.621416,-0.600000,-0.600000,-0.630792,0.600000,-0.600000,0.600000,0.600000,-0.600000,0.600000,-0.600000,-0.600000,-0.600000,0.600000,-0.600000,-0.600000,0.716323,-0.600000,-0.600000,0.559845,-0.600000,-0.600000,-0.600000,-0.600000,0.589158,-0.600000,-0.621416,-0.600000,-0.600000,0.600000,-0.600000,-0.600000,0.600000,-0.600000,-0.600000,-0.600000,-0.600000,0.600000,0.600000,-0.600000,1.000000,-0.600000,0.600000,-0.600000,-0.600000,-0.635443,-0.600000,-0.600000,0.600000
372,0.600000,-0.600000,-0.600000,1.000000,-0.600000,-1.000000,-0.600000,0.600000,0.600000,0.600000,0.600000,-0.600000,-0.600000,-0.600000,-0.600000,-0.600000,0.600000,-0.600000,-0.600000,-0.600000,0.557380,0.600000,-0.600000,-0.621416,-0.600000,-0.600000,-0.630792,0.600000,-0.600000,0.600000,0.600000,-0.600000,0.600000,-0.600000,-0.600000,-0.600000,0.600000,-0.600000,-0.600000,0.716323,-0.600000,-0.600000,0.559845,-0.600000,-0.600000,-0.600000,-0.600000,0.589158,-0.600000,-0.621416,-0.600000,-0.600000,0.600000,-0.600000,-0.600000,0.600000,-0.600000,-0.600000,-0.600000,-0.600000,0.600000,0.600000,-0.600000,1.000000,-0.600000,0.600000,-0.600000,-0.600000,-0.635443,-0.600000,-0.600000,0.600000
373,0.600000,-0.600000,-0.600000,1.000000,-0.600000,-1.000000,-0.600000,0.600000,0.600000,0.600000,0.600000,-0.600000,-0.600000,-0.600000,-0.600000,-0.600000,0.600000,-0.600000,-0.600000,-0.600000,0.557380,0.600000,-0.600000,-0.621416,-0.600000,-0.600000,-0.630792,0.600000,-0.600000,0.600000,0.600000,-0.600000,0.600000,-0.600000,-0.600000,-0.600000,0.600000,-0.600000,-0.600000,0.716323,-0.600000,-0.600000,0.559845,-0.600000,-0.600000,-0.600000,-0.600000,0.589158,-0.600000,-0.621416,-0.600000,-0.600000,0.600000,-0.600000,-0.600000,0.600000,-0.600000,-0.600000,-0.600000,-0.600000,0.600000,0.600000,-0.600000,1.000000,-0.600000,0.600000,-0.600000,-0.600000,-0.635443,-0.600000,-0.600000,0.600000
374,0.600000,-0.600000,-0.600000,1.000000,-0.600000,-1.000000,-0.600000,0.600000,0.600000,0.600000,0.600000,-0.600000,-0.600000,-0.600000,-0.600000,-0.600000,0.600000,-0.600000,-0.600000,-0.600000,0.557380,0.600000,-0.600000,-0.621416,-0.600000,-0.600000,-0.630792,0.600000,-0.600000,0.600000,0.600000,-0.600000,0.600000,-0.600000,-0.600000,-0.600000,0.600000,-0.600000,-0.600000,0.716323,-0.600000,-0.600000,0.559845,-0.600000,-0.600000,-0.600000,-0.600000,0.589158,-0.600000,-0.621416,-0.600000,-0.600000,0.600000,-0.600000,-0.600000,0.600000,-0.600000,-0.600000,-0.600000,-0.600000,0.600000,0.600000,-0.600000,1.000000,-0.600000,0.600000,-0.600000,-0.600000,-0.635443,-0.600000,-0.600000,0.600000
375,0.600000,-0.600000,-0.600000,1.000000,-0.600000,-1.000000,-0.600000,0.600000,0.600000,0.600000,0.600000,-0.600000,-0.600000,-0.600000,-0.600000,-0.600000,0.600000,-0.600000,-0.600000,-0.600000,0.557380,0.600000,-0.600000,-0.621416,-0.600000,-0.600000,-0.630792,0.600000,-0.600000,0.600000,0.600000,-0.600000,0.600000,-0.600000,-0.600000,-0.600000,0.600000,-0.600000,-0.600000,0.716323,-0.600000,-0.600000,0.559845,-0.600000,-0.600000,-0.600000,-0.600000,0.589158,-0.600000,-0.621416,-0.600000,-0.600000,0.600000,-0.600000,-0.600000,0.600000,-0.600000,-0.600000,-0.600000,-0.600000,0.600000,0.600000,-0.600000,1.000000,-0.600000,0.600000,-0.600000,-0.600000,-0.635443,-0.600000,-0.600000,0.600000
376,0.600000,-0.600000,-0.600000,1.000000,-0.600000,-1.000000,-0.600000,0.600000,0.600000,0.600000,0.600000,-0.600000,-0.600000,-0.600000,-0.600000,-0.600000,0.600000,-0.600000,-0.600000,-0.600000,0.557380,0.600000,-0.600000,-0.621416,-0.600000,-0.600000,-0.630792,0.600000,-0.600000,0.600000,0.600000,-0.600000,0.600000,-0.600000,-0.600000,-0.600000,0.600000,-0.600000,-0.600000,0.716323,-0.600000,-0.600000,0.559845,-0.600000,-0.600000,-0.600000,-0.600000,0.589158,-0.600000,-0.621416,-0.600000,-0.600000,0.600000,-0.600000,-0.600000,0.600000,-0.600000,-0.600000,-0.600000,-0.600000,0.600000,0.600000,-0.600000,1.000000,-0.600000,0.600000,-0.600000,-0.600000,-0.635443,-0.600000,-0.600000,0.600000
377,0.600000,-0.600000,-0.600000,1.000000,-0.600000,-1.000000,-0.600000,0.600000,0.600000,0.600000,0.600000,-0.600000,-0.600000,-0.600000,-0.600000,-0.600000,0.600000,-0.600000,-0.600000,-0.600000,0.557380,0.600000,-0.600000,-0.621416,-0.600000,-0.600000,-0.630792,0.600000,-0.600000,0.600000,0.600000,-0.600000,0.600000,-0.600000,-0.600000,-0.600000,0.600000,-0.600000,-0.600000,0.716323,-0.600000,-0.600000,0.559845,-0.600000,-0.600000,-0.600000,-0.600000,0.589158,-0.600000,-0.621416,-0.600000,-0.600000,0.600000,-0.600000,-0.600000,0.600000,-0.600000,-0.600000,-0.600000,-0.600000,0.600000,0.600000,-0.600000,1.000000,-0.600000,0.600000,-0.600000,-0.600000,-0.635443,-0.600000,-0.600000,0.600000
378,0.600000,-0.600000,-0.600000,1.000000,-0.600000,-1.000000,-0.600000,0.600000,0.600000,0.600000,0.600000,-0.600000,-0.600000,-0.600000,-0.600000,-0.600000,0.600000,-0.600000,-0.600000,-0.600000,0.557380,0.600000,-0.600000,-0.621416,-0.600000,-0.600000,-0.630792,0.600000,-0.600000,0.600000,0.600000,-0.600000,0.600000,-0.600000,-0.600000,-0.600000,0.600000,-0.600000,-0.600000,0.716323,-0.600000,-0.600000,0.559845,-0.600000,-0.600000,-0.600000,-0.600000,0.589158,-0.600000,-0.621416,-0.600000,-0.600000,0.600000,-0.600000,-0.600000,0.600000,-0.600000,-0.600000,-0.600000,-0.600000,0.600000,0.600000,-0.600000,1.000000,-0.600000,0.600000,-0.600000,-0.600000,-0.635443,-0.600000,-0.600000,0.600000
379,0.600000,-0.600000,-0.600000,1.000000,-0.600000,-1.000000,-0.600000,0.600000,0.600000,0.600000,0.600000,-0.600000,-0.600000,-0.600000,-0.600000,-0.600000,0.600000,-0.600000,-0.600000,-0.600000,0.557380,0.600000,-0.600000,-0.621416,-0.600000,-0.600000,-0.630792,0.600000,-0.600000,0.600000,0.600000,-0.600000,0.600000,-0.600000,-0.600000,-0.600000,0.600000,-0.600000,-0.600000,0.716323,-0.600000,-0.600000,0.559845,-0.600000,-0.600000,-0.600000,-0.600000,0.589158,-0.600000,-0.621416,-0.600000,-0.600000,0.600000,-0.600000,-0.600000,0.600000,-0.600000,-0.600000,-0.600000,-0.600000,0.600000,0.600000,-0.600000,1.000000,-0.600000,0.600000,-0.600000,-0.600000,-0.635443,-0.600000,-0.600000,0.600000
380,0.600000,-0.600000,-0.600000,1.000000,-0.600000,-1.000000,-0.600000,0.600000,0.600000,0.600000,0.600000,-0.600000,-0.600000,-0.600000,-0.600000,-0.600000,0.600000,-0.600000,-0.600000,-0.600000,0.557380,0.600000,-0.600000,-0.621416,-0.600000,-0.600000,-0.630792,0.600000,-0.600000,0.600000,0.600000,-0.600000,0.600000,-0.600000,-0.600000,-0.600000,0.600000,-0.600000,-0.600000,0.716323,-0.600000,-0.600000,0.559845,-0.600000,-0.600000,-0.600000,-0.600000,0.589158,-0.600000,-0.621416,-0.600000,-0.600000,0.600000,-0.600000,-0.600000,0.600000,-0.600000,-0.600000,-0.600000,-0.600000,0.600000,0.600000,-0.600000,1.000000,-0.600000,0.600000,-0.600000,-0.600000,-0.635443,-0.600000,-0.600000,0.600000
381,0.600000,-0.600000,-0.600000,1.000000,-0.600000,-1.000000,-0.600000,0.600000,0.600000,0.600000,0.600000,-0.600000,-0.600000,-0.600000,-0.600000,-0.600000,0.600000,-0.600000,-0.600000,-0.600000,0.557380,0.600000,-0.600000,-0.621416,-0.600000,-0.600000,-0.630792,0.600000,-0.600000,0.600000,0.600000,-0.600000,0.600000,-0.600000,-0.600000,-0.600000,0.600000,-0.600000,-0.600000,0.716323,-0.600000,-0.600000,0.559845,-0.600000,-0.600000,-0.600000,-0.600000,0.589158,-0.600000,-0.621416,-0.600000,-0.600000,0.600000,-0.600000,-0.600000,0.600000,-0.600000,-0.600000,-0.600000,-0.600000,0.600000,0.600000,-0.600000,1.000000,-0.600000,0.600000,-0.600000,-0.600000,-0.635443,-0.600000,-0.600000,0.600000
382,0.600000,-0.600000,-0.600000,1.000000,-0.600000,-1.000000,-0.600000,0.600000,0.600000,0.600000,0.600000,-0.600000,-0.600000,-0.600000,-0.600000,-0.600000,0.600000,-0.600000,-0.600000,-0.600000,0.557380,0.600000,-0.600000,-0.621416,-0.600000,-0.600000,-0.630792,0.600000,-0.600000,0.600000,0.600000,-0.600000,0.600000,-0.600000,-0.600000,-0.600000,0.600000,-0.600000,-0.600000,0.716323,-0.600000,-0.600000,0.559845,-0.600000,-0.600000,-0.600000,-0.600000,0.589158,-0.600000,-0.621416,-0.600000,-0.600000,0.600000,-0.600000,-0.600000,0.600000,-0.600000,-0.600000,-0.600000,-0.600000,0.600000,0.600000,-0.600000,1.000000,-0.600000,0.600000,-0.600000,-0.600000,-0.635443,-0.600000,-0.600000,0.600000
383,0.600000,-0.600000,-0.600000,1.000000,-0.600000,-1.000000,-0.600000,0.600000,0.600000,0.600000,0.600000,-0.600000,-0.600000,-0.600000,-0.600000,-0.600000,0.600000,-0.600000,-0.600000,-0.600000,0.557380,0.600000,-0.600000,-0.621416,-0.600000,-0.600000,-0.630792,0.600000,-0.600000,0.600000,0.600000,-0.600000,0.600000,-0.600000,-0.600000,-0.600000,0.600000,-0.600000,-0.600000,0.716323,-0.600000,-0.600000,0.559845,-0.600000,-0.600000,-0.600000,-0.600000,0.589158,-0.600000,-0.621416,-0.600000,-0.600000,0.600000,-0.600000,-0.600000,0.600000,-0.600000,-0.600000,-0.600000,-0.600000,0.600000,0.600000,-0.600000,1.000000,-0.600000,0.600000,-0.600000,-0.600000,-0.635443,-0.600000,-0.600000,0.600000
384,0.600000,-0.600000,-0.600000,1.000000,-0.600000,-1.000000,-0.600000,0.600000,0.600000,0.600000,0.600000,-0.600000,-0.600000,-0.600000,-0.600000,-0.600000,0.600000,-0.600000,-0.600000,-0.600000,0.557380,0.600000,-0.600000,-0.621416,-0.600000,-0.600000,-0.630792,0.600000,-0.600000,0.600000,0.600000,-0.600000,0.600000,-0.600000,-0.600000,-0.600000,0.600000,-0.600000,-0.600000,0.716323,-0.600000,-0.600000,0.559845,-0.600000,-0.600000,-0.600000,-0.600000,0.589158,-0.600000,-0.621416,-0.600000,-0.600000,0.600000,-0.600000,-0.600000,0.600000,-0.600000,-0.600000,-0.600000,-0.600000,0.600000,0.600000,-0.600000,1.000000,-0.600000,0.600000,-0.600000,-0.600000,-0.635443,-0.600000,-0.600000,0.600000
385,0.600000,-0.600000,-0.600000,1.000000,-0.600000,-1.000000,-0.600000,0.600000,0.600000,0.600000,0.600000,-0.600000,-0.600000,-0.600000,-0.600000,-0.600000,0.600000,-0.600000,-0.600000,-0.600000,0.557380,0.600000,-0.600000,-0.621416,-0.600000,-0.600000,-0.630792,0.600000,-0.600000,0.600000,0.600000,-0.600000,0.600000,-0.600000,-0.600000,-0.600000,0.600000,-0.600000,-0.600000,0.716323,-0.600000,-0.600000,0.559845,-0.600000,-0.600000,-0.600000,-0.600000,0.589158,-0.600000,-0.621416,-0.600000,-0.600000,0.600000,-0.600000,-0.600000,0.600000,-0.600000,-0.600000,-0.600000,-0.600000,0.600000,0.600000,-0.600000,1.000000,-0.600000,0.600000,-0.600000,-0.600000,-0.635443,-0.600000,-0.600000,0.600000
386,0.600000,-0.600000,-0.600000,1.000000,-0.600000,-1.000000,-0.600000,0.600000,0.600000,0.600000,0.600000,-0.600000,-0.600000,-0.600000,-0.600000,-0.600000,0.600000,-0.600000,-0.600000,-0.600000,0.557380,0.600000,-0.600000,-0.621416,-0.600000,-0.600000,-0.630792,0.600000,-0.600000,0.600000,0.600000,-0.600000,0.600000,-0.600000,-0.600000,-0.600000,0.600000,-0.600000,-0.600000,0.716323,-0.600000,-0.600000,0.559845,-0.600000,-0.600000,-0.600000,-0.600000,0.589158,-0.600000,-0.621416,-0.600000,-0.600000,0.600000,-0.600000,-0.600000,0.600000,-0.600000,-0.600000,-0.600000,-0.600000,0.600000,0.600000,-0.600000,1.000000,-0.600000,0.600000,-0.600000,-0.600000,-0.635443,-0.600000,-0.600000,0.600000
387,0.600000,-0.600000,-0.600000,1.000000,-0.600000,-1.000000,-0.600000,0.600000,0.600000,0.600000,0.600000,-0.600000,-0.600000,-0.600000,-0.600000,-0.600000,0.600000,-0.600000,-0.600000,-0.600000,0.557380,0.600000,-0.600000,-0.621416,-0.600000,-0.600000,-0.630792,0.600000,-0.600000,0.600000,0.600000,-0.600000,0.600000,-0.600000,-0.600000,-0.600000,0.600000,-0.600000,-0.600000,0.716323,-0.600000,-0.600000,0.559845,-0.600000,-0.600000,-0.600000,-0.600000,0.589158,-0.600000,-0.621416,-0.600000,-0.600000,0.600000,-0.600000,-0.600000,0.600000,-0.600000,-0.600000,-0.600000,-0.600000,0.600000,0.600000,-0.600000,1.000000,-0.600000,0.600000,-0.600000,-0.600000,-0.635443,-0.600000,-0.600000,0.600000
388,0.600000,-0.600000,-0.600000,1.000000,-0.600000,-1.000000,-0.600000,0.600000,0.600000,0.600000,0.600000,-0.600000,-0.600000,-0.600000,-0.600000,-0.600000,0.600000,-0.600000,-0.600000,-0.600000,0.557380,0.600000,-0.600000,-0.621416,-0.600000,-0.600000,-0.630792,0.600000,-0.600000,0.600000,0.600000,-0.600000,0.600000,-0.600000,-0.600000,-0.600000,0.600000,-0.600000,-0.600000,0.716323,-0.600000,-0.600000,0.559845,-0.600000,-0.600000,-0.600000,-0.600000,0.589158,-0.600000,-0.621416,-0.600000,-0.600000,0.600000,-0.600000,-0.600000,0.600000,-0.600000,-0.600000,-0.600000,-0.600000,0.600000,0.600000,-0.600000,1.000000,-0.600000,0.600000,-0.600000,-0.600000,-0.635443,-0.600000,-0.600000,0.600000
389,0.600000,-0.600000,-0.600000,1.000000,-0.600000,-1.000000,-0.600000,0.600000,0.600000,0.600000,0.600000,-0.600000,-0.600000,-0.600000,-0.600000,-0.600000,0.600000,-0.600000,-0.600000,-0.600000,0.557380,0.600000,-0.600000,-0.621416,-0.600000,-0.600000,-0.630792,0.600000,-0.600000,0.600000,0.600000,-0.600000,0.600000,-0.600000,-0.600000,-0.600000,0.600000,-0.600000,-0.600000,0.716323,-0.600000,-0.600000,0.559845,-0.600000,-0.600000,-0.600000,-0.600000,0.589158,-0.600000,-0.621416,-0.600000,-0.600000,0.600000,-0.600000,-0.600000,0.600000,-0.600000,-0.600000,-0.600000,-0.600000,0.600000,0.600000,-0.600000,1.000000,-0.600000,0.600000,-0.600000,-0.600000,-0.635443,-0.600000,-0.600000,0.600000
390,0.600000,-0.600000,-0.600000,1.000000,-0.600000,-1.000000,-0.600000,0.600000,0.600000,0.600000,0.600000,-0.600000,-0.600000,-0.600000,-0.600000,-0.600000,0.600000,-0.600000,-0.600000,-0.600000,0.557380,0.600000,-0.600000,-0.621416,-0.600000,-0.600000,-0.630792,0.600000,-0.600000,0.600000,0.600000,-0.600000,0.600000,-0.600000,-0.600000,-0.600000,0.600000,-0.600000,-0.600000,0.716323,-0.600000,-0.600000,0.559845,-0.600000,-0.600000,-0.600000,-0.600000,0.589158,-0.600000,-0.621416,-0.600000,-0.600000,0.600000,-0.600000,-0.600000,0.600000,-0.600000,-0.600000,-0.600000,-0.600000,0.600000,0.600000,-0.600000,1.000000,-0.600000,0.600000,-0.600000,-0.600000,-0.635443,-0.600000,-0.600000,0.600000
391,0.600000,-0.600000,-0.600000,1.000000,-0.600000,-1.000000,-0.600000,0.600000,0.600000,0.600000,0.600000,-0.600000,-0.600000,-0.600000,-0.600000,-0.600000,0.600000,-0.600000,-0.600000,-0.600000,0.557380,0.600000,-0.600000,-0.621416,-0.600000,-0.600000,-0.630792,0.600000,-0.600000,0.600000,0.600000,-0.600000,0.600000,-0.600000,-0.600000,-0.600000,0.600000,-0.600000,-0.600000,0.716323,-0.600000,-0.600000,0.559845,-0.600000,-0.600000,-0.600000,-0.600000,0.589158,-0.600000,-0.621416,-0.600000,-0.600000,0.600000,-0.600000,-0.600000,0.600000,-0.600000,-0.600000,-0.600000,-0.600000,0.600000,0.600000,-0.600000,1.000000,-0.600000,0.600000,-0.600000,-0.600000,-0.635443,-0.600000,-0.600000,0.600000
392,0.600000,-0.600000,-0.600000,1.000000,-0.600000,-1.000000,-0.600000,0.600000,0.600000,0.600000,0.600000,-0.600000,-0.600000,-0.600000,-0.600000,-0.600000,0.600000,-0.600000,-0.600000,-0.600000,0.557380,0.600000,-0.600000,-0.621416,-0.600000,-0.600000,-0.630792,0.600000,-0.600000,0.600000,0.600000,-0.600000,0.600000,-0.600000,-0.600000,-0.600000,0.600000,-0.600000,-0.600000,0.716323,-0.600000,-0.600000,0.559845,-0.600000,-0.600000,-0.600000,-0.600000,0.589158,-0.600000,-0.621416,-0.600000,-0.600000,0.600000,-0.600000,-0.600000,0.600000,-0.600000,-0.600000,-0.600000,-0.600000,0.600000,0.600000,-0.600000,1.000000,-0.600000,0.600000,-0.600000,-0.600000,-0.635443,-0.600000,-0.600000,0.600000
393,0.600000,-0.600000,-0.600000,1.000000,-0.600000,-1.000000,-0.600000,0.600000,0.600000,0.600000,0.600000,-0.600000,-0.600000,-0.600000,-0.600000,-0.600000,0.600000,-0.600000,-0.600000,-0.600000,0.557380,0.600000,-0.600000,-0.621416,-0.600000,-0.600000,-0.630792,0.600000,-0.600000,0.600000,0.600000,-0.600000,0.600000,-0.600000,-0.600000,-0.600000,0.600000,-0.600000,-0.600000,0.716323,-0.600000,-0.600000,0.559845,-0.600000,-0.600000,-0.600000,-0.600000,0.589158,-0.600000,-0.621416,-0.600000,-0.600000,0.600000,-0.600000,-0.600000,0.600000,-0.600000,-0.600000,-0.600000,-0.600000,0.600000,0.600000,-0.600000,1.000000,-0.600000,0.600000,-0.600000,-0.600000,-0.635443,-0.600000,-0.600000,0.600000
394,0.600000,-0.600000,-0.600000,1.000000,-0.600000,-1.000000,-0.600000,0.600000,0.600000,0.600000,0.600000,-0.600000,-0.600000,-0.600000,-0.600000,-0.600000,0.600000,-0.600000,-0.600000,-0.600000,0.557380,0.600000,-0.600000,-0.621416,-0.600000,-0.600000,-0.630792,0.600000,-0.600000,0.600000,0.600000,-0.600000,0.600000,-0.600000,-0.600000,-0.600000,0.600000,-0.600000,-0.600000,0.716323,-0.600000,-0.600000,0.559845,-0.600000,-0.600000,-0.600000,-0.600000,0.589158,-0.600000,-0.621416,-0.600000,-0.600000,0.600000,-0.600000,-0.600000,0.600000,-0.600000,-0.600000,-0.600000,-0.600000,0.600000,0.600000,-0.600000,1.000000,-0.600000,0.600000,-0.600000,-0.600000,-0.635443,-0.600000,-0.600000,0.600000
395,0.600000,-0.600000,-0.600000,1.000000,-0.600000,-1.000000,-0.600000,0.600000,0.600000,0.600000,0.600000,-0.600000,-0.600000,-0.600000,-0.600000,-0.600000,0.600000,-0.600000,-0.600000,-0.600000,0.557380,0.600000,-0.600000,-0.621416,-0.600000,-0.600000,-0.630792,0.600000,-0.600000,0.600000,0.600000,-0.600000,0.600000,-0.600000,-0.600000,-0.600000,0.600000,-0.600000,-0.600000,0.716323,-0.600000,-0.600000,0.559845,-0.600000,-0.600000,-0.600000,-0.600000,0.589158,-0.600000,-0.621416,-0.600000,-0.600000,0.600000,-0.600000,-0.600000,0.600000,-0.600000,-0.600000,-0.600000,-0.600000,0.600000,0.600000,-0.600000,1.000000,-0.600000,0.600000,-0.600000,-0.600000,-0.635443,-0.600000,-0.600000,0.600000
396,0.600000,-0.600000,-0.600000,1.000000,-0.600000,-1.000000,-0.600000,0.600000,0.600000,0.600000,0.600000,-0.600000,-0.600000,-0.600000,-0.600000,-0.600000,0.600000,-0.600000,-0.600000,-0.600000,0.557380,0.600000,-0.600000,-0.621416,-0.600000,-0.600000,-0.630792,0.600000,-0.600000,0.600000,0.600000,-0.600000,0.600000,-0.600000,-0.600000,-0.600000,0.600000,-0.600000,-0.600000,0.716323,-0.600000,-0.600000,0.559845,-0.600000,-0.600000,-0.600000,-0.600000,0.589158,-0.600000,-0.621416,-0.600000,-0.600000,0.600000,-0.600000,-0.600000,0.600000,-0.600000,-0.600000,-0.600000,-0.600000,0.600000,0.600000,-0.600000,1.000000,-0.600000,0.600000,-0.600000,-0.600000,-0.635443,-0.600000,-0.600000,0.600000
397,0.600000,-0.600000,-0.600000,1.000000,-0.600000,-1.000000,-0.600000,0.600000,0.600000,0.600000,0.600000,-0.600000,-0.600000,-0.600000,-0.600000,-0.600000,0.600000,-0.600000,-0.600000,-0.600000,0.557380,0.600000,-0.600000,-0.621416,-0.600000,-0.600000,-0.630792,0.600000,-0.600000,0.600000,0.600000,-0.600000,0.600000,-0.600000,-0.600000,-0.600000,0.600000,-0.600000,-0.600000,0.716323,-0.600000,-0.600000,0.559845,-0.600000,-0.600000,-0.600000,-0.600000,0.589158,-0.600000,-0.621416,-0.600000,-0.600000,0.600000,-0.600000,-0.600000,0.600000,-0.600000,-0.600000,-0.600000,-0.600000,0.600000,0.600000,-0.600000,1.000000,-0.600000,0.600000,-0.600000,-0.600000,-0.635443,-0.600000,-0.600000,0.600000
398,0.600000,-0.600000,-0.600000,1.000000,-0.600000,-1.000000,-0.600000,0.600000,0.600000,0.600000,0.600000,-0.600000,-0.600000,-0.600000,-0.600000,-0.600000,0.600000,-0.600000,-0.600000,-0.600000,0.557380,0.600000,-0.600000,-0.621416,-0.600000,-0.600000,-0.630792,0.600000,-0.600000,0.600000,0.600000,-0.600000,0.600000,-0.600000,-0.600000,-0.600000,0.600000,-0.600000,-0.600000,0.716323,-0.600000,-0.600000,0.559845,-0.600000,-0.600000,-0.600000,-0.600000,0.589158,-0.600000,-0.621416,-0.600000,-0.600000,0.600000,-0.600000,-0.600000,0.600000,-0.600000,-0.600000,-0.600000,-0.600000,0.600000,0.600000,-0.600000,1.000000,-0.600000,0.600000,-0.600000,-0.600000,-0.635443,-0.600000,-0.600000,0.600000
399,0.600000,-0.600000,-0.600000,1.000000,-0.600000,-1.000000,-0.600000,0.600000,0.600000,0.600000,0.600000,-0.600000,-0.600000,-0.600000,-0.600000,-0.600000,0.600000,-0.600000,-0.600000,-0.600000,0.557380,0.600000,-0.600000,-0.621416,-0.600000,-0.600000,-0.630792,0.600000,-0.600000,0.600000,0.600000,-0.600000,0.600000,-0.600000,-0.600000,-0.600000,0.600000,-0.600000,-0.600000,0.716323,-0.600000,-0.600000,0.559845,-0.600000,-0.600000,-0.600000,-0.600000,0.589158,-0.600000,-0.621416,-0.600000,-0.600000,0.600000,-0.600000,-0.600000,0.600000,-0.600000,-0.600000,-0.600000,-0.600000,0.600000,0.600000,-0.600000,1.000000,-0.600000,0.600000,-0.600000,-0.600000,-0.635443,-0.600000,-0.600000,0.600000
400,0.600000,-0.600000,-0.600000,1.000000,-0.600000,-1.000000,-0.600000,0.600000,0.600000,0.600000,0.600000,-0.600000,-0.600000,-0.600000,-0.600000,-0.600000,0.600000,-0.600000,-0.600000,-0.600000,0.557380,0.600000,-0.600000,-0.621416,-0.600000,-0.600000,-0.630792,0.600000,-0.600000,0.600000,0.600000,-0.600000,0.600000,-0.600000,-0.600000,-0.600000,0.600000,-0.600000,-0.600000,0.716323,-0.600000,-0.600000,0.559845,-0.600000,-0.600000,-0.600000,-0.600000,0.589158,-0.600000,-0.621416,-0.600000,-0.600000,0.600000,-0.600000,-0.600000,0.600000,-0.600000,-0.600000,-0.600000,-0.600000,0.600000,0.600000,-0.600000,1.000000,-0.600000,0.600000,-0.600000,-0.600000,-0.635443,-0.600000,-0.600000,0.600000
401,0.600000,-0.600000,-0.600000,1.000000,-0.600000,-1.000000,-0.600000,0.600000,0.600000,0.600000,0.600000,-0.600000,-0.600000,-0.600000,-0.600000,-0.600000,0.600000,-0.600000,-0.600000,-0.600000,0.557380,0.600000,-0.600000,-0.621416,-0.600000,-0.600000,-0.630792,0.600000,-0.600000,0.600000,0.600000,-0.600000,0.600000,-0.600000,-0.600000,-0.600000,0.600000,-0.600000,-0.600000,0.716323,-0.600000,-0.600000,0.559845,-0.600000,-0.600000,-0.600000,-0.600000,0.589158,-0.600000,-0.621416,-0.600000,-0.600000,0.600000,-0.600000,-0.600000,0.600000,-0.600000,-0.600000,-0.600000,-0.600000,0.600000,0.600000,-0.600000,1.000000,-0.600000,0.600000,-0.600000,-0.600000,-0.635443,-0.600000,-0.600000,0.600000
402,0.600000,-0.600000,-0.600000,1.000000,-0.600000,-1.000000,-0.600000,0.600000,0.600000,0.600000,0.600000,-0.600000,-0.600000,-0.600000,-0.600000,-0.600000,0.600000,-0.600000,-0.600000,-0.600000,0.557380,0.600000,-0.600000,-0.621416,-0.600000,-0.600000,-0.630792,0.600000,-0.600000,0.600000,0.600000,-0.600000,0.600000,-0.600000,-0.600000,-0.600000,0.600000,-0.600000,-0.600000,0.716323,-0.600000,-0.600000,0.559845,-0.600000,-0.600000,-0.600000,-0.600000,0.589158,-0.600000,-0.621416,-0.600000,-0.600000,0.600000,-0.600000,-0.600000,0.600000,-0.600000,-0.600000,-0.600000,-0.600000,0.600000,0.600000,-0.600000,1.000000,-0.600000,0.600000,-0.600000,-0.600000,-0.635443,-0.600000,-0.600000,0.600000
403,0.600000,-0.600000,-0.600000,1.000000,-0.600000,-1.000000,-0.600000,0.600000,0.600000,0.600000,0.600000,-0.600000,-0.600000,-0.600000,-0.600000,-0.600000,0.600000,-0.600000,-0.600000,-0.600000,0.557380,0.600000,-0.600000,-0.621416,-0.600000,-0.600000,-0.630792,0.600000,-0.600000,0.600000,0.600000,-0.600000,0.600000,-0.600000,-0.600000,-0.600000,0.600000,-0.600000,-0.600000,0.716323,-0.600000,-0.600000,0.559845,-0.600000,-0.600000,-0.600000,-0.600000,0.589158,-0.600000,-0.621416,-0.600000,-0.600000,0.600000,-0.600000,-0.600000,0.600000,-0.600000,-0.600000,-0.600000,-0.600000,0.600000,0.600000,-0.600000,1.000000,-0.600000,0.600000,-0.600000,-0.600000,-0.635443,-0.600000,-0.600000,0.600000
404,0.600000,-0.600000,-0.600000,1.000000,-0.600000,-1.000000,-0.600000,0.600000,0.600000,0.600000,0.600000,-0.600000,-0.600000,-0.600000,-0.600000,-0.600000,0.600000,-0.600000,-0.600000,-0.600000,0.557380,0.600000,-0.600000,-0.621416,-0.600000,-0.600000,-0.630792,0.600000,-0.600000,0.600000,0.600000,-0.600000,0.600000,-0.600000,-0.600000,-0.600000,0.600000,-0.600000,-0.600000,0.716323,-0.600000,-0.600000,0.559845,-0.600000,-0.600000,-0.600000,-0.600000,0.589158,-0.600000,-0.621416,-0.600000,-0.600000,0.600000,-0.600000,-0.600000,0.600000,-0.600000,-0.600000,-0.600000,-0.600000,0.600000,0.600000,-0.600000,1.000000,-0.600000,0.600000,-0.600000,-0.600000,-0.635443,-0.600000,-0.600000,0.600000
405,0.600000,-0.600000,-0.600000,1.000000,-0.600000,-1.000000,-0.600000,0.600000,0.600000,0.600000,0.600000,-0.600000,-0.600000,-0.600000,-0.600000,-0.600000,0.600000,-0.600000,-0.600000,-0.600000,0.557380,0.600000,-0.600000,-0.621416,-0.600000,-0.600000,-0.630792,0.600000,-0.600000,0.600000,0.600000,-0.600000,0.600000,-0.600000,-0.600000,-0.600000,0.600000,-0.600000,-0.600000,0.716323,-0.600000,-0.600000,0.559845,-0.600000,-0.600000,-0.600000,-0.600000,0.589158,-0.600000,-0.621416,-0.600000,-0.600000,0.600000,-0.600000,-0.600000,0.600000,-0.600000,-0.600000,-0.600000,-0.600000,0.600000,0.600000,-0.600000,1.000000,-0.600000,0.600000,-0.600000,-0.600000,-0.635443,-0.600000,-0.600000,0.600000
406,0.600000,-0.600000,-0.600000,1.000000,-0.600000,-1.000000,-0.600000,0.600000,0.600000,0.600000,0.600000,-0.600000,-0.600000,-0.600000,-0.600000,-0.600000,0.600000,-0.600000,-0.600000,-0.600000,0.557380,0.600000,-0.600000,-0.621416,-0.600000,-0.600000,-0.630792,0.600000,-0.600000,0.600000,0.600000,-0.600000,0.600000,-0.600000,-0.600000,-0.600000,0.600000,-0.600000,-0.600000,0.716323,-0.600000,-0.600000,0.559845,-0.600000,-0.600000,-0.600000,-0.600000,0.589158,-0.600000,-0.621416,-0.600000,-0.600000,0.600000,-0.600000,-0.600000,0.600000,-0.600000,-0.600000,-0.600000,-0.600000,0.600000,0.600000,-0.600000,1.000000,-0.600000,0.600000,-0.600000,-0.600000,-0.635443,-0.600000,-0.600000,0.600000
407,0.600000,-0.600000,-0.600000,1.000000,-0.600000,-1.000000,-0.600000,0.600000,0.600000,0.600000,0.600000,-0.600000,-0.600000,-0.600000,-0.600000,-0.600000,0.600000,-0.600000,-0.600000,-0.600000,0.557380,0.600000,-0.600000,-0.621416,-0.600000,-0.600000,-0.630792,0.600000,-0.600000,0.600000,0.600000,-0.600000,0.600000,-0.600000,-0.600000,-0.600000,0.600000,-0.600000,-0.600000,0.716323,-0.600000,-0.600000,0.559845,-0.600000,-0.600000,-0.600000,-0.600000,0.589158,-0.600000,-0.621416,-0.600000,-0.600000,0.600000,-0.600000,-0.600000,0.600000,-0.600000,-0.600000,-0.600000,-0.600000,0.600000,0.600000,-0.600000,1.000000,-0.600000,0.600000,-0.600000,-0.600000,-0.635443,-0.600000,-0.600000,0.600000
408,0.600000,-0.600000,-0.600000,1.000000,-0.600000,-1.000000,-0.600000,0.600000,0.600000,0.600000,0.600000,-0.600000,-0.600000,-0.600000,-0.600000,-0.600000,0.600000,-0.600000,-0.600000,-0.600000,0.557380,0.600000,-0.600000,-0.621416,-0.600000,-0.600000,-0.630792,0.600000,-0.600000,0.600000,0.600000,-0.600000,0.600000,-0.600000,-0.600000,-0.600000,0.600000,-0.600000,-0.600000,0.716323,-0.600000,-0.600000,0.559845,-0.600000,-0.600000,-0.600000,-0.600000,0.589158,-0.600000,-0.621416,-0.600000,-0.600000,0.600000,-0.600000,-0.600000,0.600000,-0.600000,-0.600000,-0.600000,-0.600000,0.600000,0.600000,-0.600000,1.000000,-0.600000,0.600000,-0.600000,-0.600000,-0.635443,-0.600000,-0.600000,0.600000
409,0.600000,-0.600000,-0.600000,1.000000,-0.600000,-1.000000,-0.600000,0.600000,0.600000,0.600000,0.600000,-0.600000,-0.600000,-0.600000,-0.600000,-0.600000,0.600000,-0.600000,-0.600000,-0.600000,0.557380,0.600000,-0.600000,-0.621416,-0.600000,-0.600000,-0.630792,0.600000,-0.600000,0.600000,0.600000,-0.600000,0.600000,-0.600000,-0.600000,-0.600000,0.600000,-0.600000,-0.600000,0.716323,-0.600000,-0.600000,0.559845,-0.600000,-0.600000,-0.600000,-0.600000,0.589158,-0.600000,-0.621416,-0.600000,-0.600000,0.600000,-0.600000,-0.600000,0.600000,-0.600000,-0.600000,-0.600000,-0.600000,0.600000,0.600000,-0.600000,1.000000,-0.600000,0.600000,-0.600000,-0.600000,-0.635443,-0.600000,-0.600000,0.600000
410,0.600000,-0.600000,-0.600000,1.000000,-0.600000,-1.000000,-0.600000,0.600000,0.600000,0.600000,0.600000,-0.600000,-0.600000,-0.600000,-0.600000,-0.600000,0.600000,-0.600000,-0.600000,-0.600000,0.557380,0.600000,-0.600000,-0.621416,-0.600000,-0.600000,-0.630792,0.600000,-0.600000,0.600000,0.600000,-0.600000,0.600000,-0.600000,-0.600000,-0.600000,0.600000,-0.600000,-0.600000,0.716323,-0.600000,-0.600000,0.559845,-0.600000,-0.600000,-0.600000,-0.600000,0.589158,-0.600000,-0.621416,-0.600000,-0.600000,0.600000,-0.600000,-0.600000,0.600000,-0.600000,-0.600000,-0.600000,-0.600000,0.600000,0.600000,-0.600000,1.000000,-0.600000,0.600000,-0.600000,-0.600000,-0.635443,-0.600000,-0.600000,0.600000
411,0.600000,-0.600000,-0.600000,1.000000,-0.600000,-1.000000,-0.600000,0.600000,0.600000,0.600000,0.600000,-0.600000,-0.600000,-0.600000,-0.600000,-0.600000,0.600000,-0.600000,-0.600000,-0.600000,0.557380,0.600000,-0.600000,-0.621416,-0.600000,-0.600000,-0.630792,0.600000,-0.600000,0.600000,0.600000,-0.600000,0.600000,-0.600000,-0.600000,-0.600000,0.600000,-0.600000,-0.600000,0.716323,-0.600000,-0.600000,0.559845,-0.600000,-0.600000,-0.600000,-0.600000,0.589158,-0.600000,-0.621416,-0.600000,-0.600000,0.600000,-0.600000,-0.600000,0.600000,-0.600000,-0.600000,-0.600000,-0.600000,0.600000,0.600000,-0.600000,1.000000,-0.600000,0.600000,-0.600000,-0.600000,-0.635443,-0.600000,-0.600000,0.600000
412,0.600000,-0.600000,-0.600000,1.000000,-0.600000,-1.000000,-0.600000,0.600000,0.600000,0.600000,0.600000,-0.600000,-0.600000,-0.600000,-0.600000,-0.600000,0.600000,-0.600000,-0.600000,-0.600000,0.557380,0.600000,-0.600000,-0.621416,-0.600000,-0.600000,-0.630792,0.600000,-0.600000,0.600000,0.600000,-0.600000,0.600000,-0.600000,-0.600000,-0.600000,0.600000,-0.600000,-0.600000,0.716323,-0.600000,-0.600000,0.559845,-0.600000,-0.600000,-0.600000,-0.600000,0.589158,-0.600000,-0.621416,-0.600000,-0.600000,0.600000,-0.600000,-0.600000,0.600000,-0.600000,-0.600000,-0.600000,-0.600000,0.600000,0.600000,-0.600000,1.000000,-0.600000,0.600000,-0.600000,-0.600000,-0.635443,-0.600000,-0.600000,0.600000
413,0.600000,-0.600000,-0.600000,1.000000,-0.600000,-1.000000,-0.600000,0.600000,0.600000,0.600000,0.600000,-0.600000,-0.600000,-0.600000,-0.600000,-0.600000,0.600000,-0.600000,-0.600000,-0.600000,0.557380,0.600000,-0.600000,-0.621416,-0.600000,-0.600000,-0.630792,0.600000,-0.600000,0.600000,0.600000,-0.600000,0.600000,-0.600000,-0.600000,-0.600000,0.600000,-0.600000,-0.600000,0.716323,-0.600000,-0.600000,0.559845,-0.600000,-0.600000,-0.600000,-0.600000,0.589158,-0.600000,-0.621416,-0.600000,-0.600000,0.600000,-0.600000,-0.600000,0.600000,-0.600000,-0.600000,-0.600000,-0.600000,0.600000,0.600000,-0.600000,1.000000,-0.600000,0.600000,-0.600000,-0.600000,-0.635443,-0.600000,-0.600000,0.600000
414,0.600000,-0.600000,-0.600000,1.000000,-0.600000,-1.000000,-0.600000,0.600000,0.600000,0.600000,0.600000,-0.600000,-0.600000,-0.600000,-0.600000,-0.600000,0.600000,-0.600000,-0.600000,-0.600000,0.557380,0.600000,-0.600000,-0.621416,-0.600000,-0.600000,-0.630792,0.600000,-0.600000,0.600000,0.600000,-0.600000,0.600000,-0.600000,-0.600000,-0.600000,0.600000,-0.600000,-0.600000,0.716323,-0.600000,-0.600000,0.559845,-0.600000,-0.600000,-0.600000,-0.600000,0.589158,-0.600000,-0.621416,-0.600000,-0.600000,0.600000,-0.600000,-0.600000,0.600000,-0.600000,-0.600000,-0.600000,-0.600000,0.600000,0.600000,-0.600000,1.000000,-0.600000,0.600000,-0.600000,-0.600000,-0.635443,-0.600000,-0.600000,0.600000
415,0.600000,-0.600000,-0.600000,1.000000,-0.600000,-1.000000,-0.600000,0.600000,0.600000,0.600000,0.600000,-0.600000,-0.600000,-0.600000,-0.600000,-0.600000,0.600000,-0.600000,-0.600000,-0.600000,0.557380,0.600000,-0.600000,-0.621416,-0.600000,-0.600000,-0.630792,0.600000,-0.600000,0.600000,0.600000,-0.600000,0.600000,-0.600000,-0.600000,-0.600000,0.600000,-0.600000,-0.600000,0.716323,-0.600000,-0.600000,0.559845,-0.600000,-0.600000,-0.600000,-0.600000,0.589158,-0.600000,-0.621416,-0.600000,-0.600000,0.600000,-0.600000,-0.600000,0.600000,-0.600000,-0.600000,-0.600000,-0.600000,0.600000,0.600000,-0.600000,1.000000,-0.600000,0.600000,-0.600000,-0.600000,-0.635443,-0.600000,-0.600000,0.600000
416,0.600000,-0.600000,-0.600000,1.000000,-0.600000,-1.000000,-0.600000,0.600000,0.600000,0.600000,0.600000,-0.600000,-0.600000,-0.600000,-0.600000,-0.600000,0.600000,-0.600000,-0.600000,-0.600000,0.557380,0.600000,-0.600000,-0.621416,-0.600000,-0.600000,-0.630792,0.600000,-0.600000,0.600000,0.600000,-0.600000,0.600000,-0.600000,-0.600000,-0.600000,0.600000,-0.600000,-0.600000,0.716323,-0.600000,-0.600000,0.559845,-0.600000,-0.600000,-0.600000,-0.600000,0.589158,-0.600000,-0.621416,-0.600000,-0.600000,0.600000,-0.600000,-0.600000,0.600000,-0.600000,-0.600000,-0.600000,-0.600000,0.600000,0.600000,-0.600000,1.000000,-0.600000,0.600000,-0.600000,-0.600000,-0.635443,-0.600000,-0.600000,0.600000
417,0.600000,-0.600000,-0.600000,1.000000,-0.600000,-1.000000,-0.600000,0.600000,0.600000,0.600000,0.600000,-0.600000,-0.600000,-0.600000,-0.600000,-0.600000,0.600000,-0.600000,-0.600000,-0.600000,0.557380,0.600000,-0.600000,-0.621416,-0.600000,-0.600000,-0.630792,0.600000,-0.600000,0.600000,0.600000,-0.600000,0.600000,-0.600000,-0.600000,-0.600000,0.600000,-0.600000,-0.600000,0.716323,-0.600000,-0.600000,0.559845,-0.600000,-0.600000,-0.600000,-0.600000,0.589158,-0.600000,-0.621416,-0.600000,-0.600000,0.600000,-0.600000,-0.600000,0.600000,-0.600000,-0.600000,-0.600000,-0.600000,0.600000,0.600000,-0.600000,1.000000,-0.600000,0.600000,-0.600000,-0.600000,-0.635443,-0.600000,-0.600000,0.600000
418,0.600000,-0.600000,-0.600000,1.000000,-0.600000,-1.000000,-0.600000,0.600000,0.600000,0.600000,0.600000,-0.600000,-0.600000,-0.600000,-0.600000,-0.600000,0.600000,-0.600000,-0.600000,-0.600000,0.557380,0.600000,-0.600000,-0.621416,-0.600000,-0.600000,-0.630792,0.600000,-0.600000,0.600000,0.600000,-0.600000,0.600000,-0.600000,-0.600000,-0.600000,0.600000,-0.600000,-0.600000,0.716323,-0.600000,-0.600000,0.559845,-0.600000,-0.600000,-0.600000,-0.600000,0.589158,-0.600000,-0.621416,-0.600000,-0.600000,0.600000,-0.600000,-0.600000,0.600000,-0.600000,-0.600000,-0.600000,-0.600000,0.600000,0.600000,-0.600000,1.000000,-0.600000,0.600000,-0.600000,-0.600000,-0.635443,-0.600000,-0.600000,0.600000
419,0.600000,-0.600000,-0.600000,1.000000,-0.600000,-1.000000,-0.600000,0.600000,0.600000,0.600000,0.600000,-0.600000,-0.600000,-0.600000,-0.600000,-0.600000,0.600000,-0.600000,-0.600000,-0.600000,0.557380,0.600000,-0.600000,-0.621416,-0.600000,-0.600000,-0.630792,0.600000,-0.600000,0.600000,0.600000,-0.600000,0.600000,-0.600000,-0.600000,-0.600000,0.600000,-0.600000,-0.600000,0.716323,-0.600000,-0.600000,0.559845,-0.600000,-0.600000,-0.600000,-0.600000,0.589158,-0.600000,-0.621416,-0.600000,-0.600000,0.600000,-0.600000,-0.600000,0.600000,-0.600000,-0.600000,-0.600000,-0.600000,0.600000,0.600000,-0.600000,1.000000,-0.600000,0.600000,-0.600000,-0.600000,-0.635443,-0.600000,-0.600000,0.600000
420,0.600000,-0.600000,-0.600000,1.000000,-0.600000,-1.000000,-0.600000,0.600000,0.600000,0.600000,0.600000,-0.600000,-0.600000,-0.600000,-0.600000,-0.600000,0.600000,-0.600000,-0.600000,-0.600000,0.557380,0.600000,-0.600000,-0.621416,-0.600000,-0.600000,-0.630792,0.600000,-0.600000,0.600000,0.600000,-0.600000,0.600000,-0.600000,-0.600000,-0.600000,0.600000,-0.600000,-0.600000,0.716323,-0.600000,-0.600000,0.559845,-0.600000,-0.600000,-0.600000,-0.600000,0.589158,-0.600000,-0.621416,-0.600000,-0.600000,0.600000,-0.600000,-0.600000,0.600000,-0.600000,-0.600000,-0.600000,-0.600000,0.600000,0.600000,-0.600000,1.000000,-0.600000,0.600000,-0.600000,-0.600000,-0.635443,-0.600000,-0.600000,0.600000
421,0.600000,-0.600000,-0.600000,1.000000,-0.600000,-1.000000,-0.600000,0.600000,0.600000,0.600000,0.600000,-0.600000,-0.600000,-0.600000,-0.600000,-0.600000,0.600000,-0.600000,-0.600000,-0.600000,0.557380,0.600000,-0.600000,-0.621416,-0.600000,-0.600000,-0.630792,0.600000,-0.600000,0.600000,0.600000,-0.600000,0.600000,-0.600000,-0.600000,-0.600000,0.600000,-0.600000,-0.600000,0.716323,-0.600000,-0.600000,0.559845,-0.600000,-0.600000,-0.600000,-0.600000,0.589158,-0.600000,-0.621416,-0.600000,-0.600000,0.600000,-0.600000,-0.600000,0.600000,-0.600000,-0.600000,-0.600000,-0.600000,0.600000,0.600000,-0.600000,1.000000,-0.600000,0.600000,-0.600000,-0.600000,-0.635443,-0.600000,-0.600000,0.600000
422,0.600000,-0.600000,-0.600000,1.000000,-0.600000,-1.000000,-0.600000,0.600000,0.600000,0.600000,0.600000,-0.600000,-0.600000,-0.600000,-0.600000,-0.600000,0.600000,-0.600000,-0.600000,-0.600000,0.557380,0.600000,-0.600000,-0.621416,-0.600000,-0.600000,-0.630792,0.600000,-0.600000,0.600000,0.600000,-0.600000,0.600000,-0.600000,-0.600000,-0.600000,0.600000,-0.600000,-0.600000,0.716323,-0.600000,-0.600000,0.559845,-0.600000,-0.600000,-0.600000,-0.600000,0.589158,-0.600000,-0.621416,-0.600000,-0.600000,0.600000,-0.600000,-0.600000,0.600000,-0.600000,-0.600000,-0.600000,-0.600000,0.600000,0.600000,-0.600000,1.000000,-0.600000,0.600000,-0.600000,-0.600000,-0.635443,-0.600000,-0.600000,0.600000
423,0.600000,-0.600000,-0.600000,1.000000,-0.600000,-1.000000,-0.600000,0.600000,0.600000,0.600000,0.600000,-0.600000,-0.600000,-0.600000,-0.600000,-0.600000,0.600000,-0.600000,-0.600000,-0.600000,0.557380,0.600000,-0.600000,-0.621416,-0.600000,-0.600000,-0.630792,0.600000,-0.600000,0.600000,0.600000,-0.600000,0.600000,-0.600000,-0.600000,-0.600000,0.600000,-0.600000,-0.600000,0.716323,-0.600000,-0.600000,0.559845,-0.600000,-0.600000,-0.600000,-0.600000,0.589158,-0.600000,-0.621416,-0.600000,-0.600000,0.600000,-0.600000,-0.600000,0.600000,-0.600000,-0.600000,-0.600000,-0.600000,0.600000,0.600000,-0.600000,1.000000,-0.600000,0.600000,-0.600000,-0.600000,-0.635443,-0.600000,-0.600000,0.600000
424,0.600000,-0.600000,-0.600000,1.000000,-0.600000,-1.000000,-0.600000,0.600000,0.600000,0.600000,0.600000,-0.600000,-0.600000,-0.600000,-0.600000,-0.600000,0.600000,-0.600000,-0.600000,-0.600000,0.557380,0.600000,-0.600000,-0.621416,-0.600000,-0.600000,-0.630792,0.600000,-0.600000,0.600000,0.600000,-0.600000,0.600000,-0.600000,-0.600000,-0.600000,0.600000,-0.600000,-0.600000,0.716323,-0.600000,-0.600000,0.559845,-0.600000,-0.600000,-0.600000,-0.600000,0.589158,-0.600000,-0.621416,-0.600000,-0.600000,0.600000,-0.600000,-0.600000,0.600000,-0.600000,-0.600000,-0.600000,-0.600000,0.600000,0.600000,-0.600000,1.000000,-0.600000,0.600000,-0.600000,-0.600000,-0.635443,-0.600000,-0.600000,0.600000
425,0.600000,-0.600000,-0.600000,1.000000,-0.600000,-1.000000,-0.600000,0.600000,0.600000,0.600000,0.600000,-0.600000,-0.600000,-0.600000,-0.600000,-0.600000,0.600000,-0.600000,-0.600000,-0.600000,0.557380,0.600000,-0.600000,-0.621416,-0.600000,-0.600000,-0.630792,0.600000,-0.600000,0.600000,0.600000,-0.600000,0.600000,-0.600000,-0.600000,-0.600000,0.600000,-0.600000,-0.600000,0.716323,-0.600000,-0.600000,0.559845,-0.600000,-0.600000,-0.600000,-0.600000,0.589158,-0.600000,-0.621416,-0.600000,-0.600000,0.600000,-0.600000,-0.600000,0.600000,-0.600000,-0.600000,-0.600000,-0.600000,0.600000,0.600000,-0.600000,1.000000,-0.600000,0.600000,-0.600000,-0.600000,-0.635443,-0.600000,-0.600000,0.600000
426,0.600000,-0.600000,-0.600000,1.000000,-0.600000,-1.000000,-0.600000,0.600000,0.600000,0.600000,0.600000,-0.600000,-0.600000,-0.600000,-0.600000,-0.600000,0.600000,-0.600000,-0.600000,-0.600000,0.557380,0.600000,-0.600000,-0.621416,-0.600000,-0.600000,-0.630792,0.600000,-0.600000,0.600000,0.600000,-0.600000,0.600000,-0.600000,-0.600000,-0.600000,0.600000,-0.600000,-0.600000,0.716323,-0.600000,-0.600000,0.559845,-0.600000,-0.600000,-0.600000,-0.600000,0.589158,-0.600000,-0.621416,-0.600000,-0.600000,0.600000,-0.600000,-0.600000,0.600000,-0.600000,-0.600000,-0.600000,-0.600000,0.600000,0.600000,-0.600000,1.000000,-0.600000,0.600000,-0.600000,-0.600000,-0.635443,-0.600000,-0.600000,0.600000
427,0.600000,-0.600000,-0.600000,1.000000,-0.600000,-1.000000,-0.600000,0.600000,0.600000,0.600000,0.600000,-0.600000,-0.600000,-0.600000,-0.600000,-0.600000,0.600000,-0.600000,-0.600000,-0.600000,0.557380,0.600000,-0.600000,-0.621416,-0.600000,-0.600000,-0.630792,0.600000,-0.600000,0.600000,0.600000,-0.600000,0.600000,-0.600000,-0.600000,-0.600000,0.600000,-0.600000,-0.600000,0.716323,-0.600000,-0.600000,0.559845,-0.600000,-0.600000,-0.600000,-0.600000,0.589158,-0.600000,-0.621416,-0.600000,-0.600000,0.600000,-0.600000,-0.600000,0.600000,-0.600000,-0.600000,-0.600000,-0.600000,0.600000,0.600000,-0.600000,1.000000,-0.600000,0.600000,-0.600000,-0.600000,-0.635443,-0.600000,-0.600000,0.600000
428,0.600000,-0.600000,-0.600000,1.000000,-0.600000,-1.000000,-0.600000,0.600000,0.600000,0.600000,0.600000,-0.600000,-0.600000,-0.600000,-0.600000,-0.600000,0.600000,-0.600000,-0.600000,-0.600000,0.557380,0.600000,-0.600000,-0.621416,-0.600000,-0.600000,-0.630792,0.600000,-0.600000,0.600000,0.600000,-0.600000,0.600000,-0.600000,-0.600000,-0.600000,0.600000,-0.600000,-0.600000,0.716323,-0.600000,-0.600000,0.559845,-0.600000,-0.600000,-0.600000,-0.600000,0.589158,-0.600000,-0.621416,-0.600000,-0.600000,0.600000,-0.600000,-0.600000,0.600000,-0.600000,-0.600000,-0.600000,-0.600000,0.600000,0.600000,-0.600000,1.000000,-0.600000,0.600000,-0.600000,-0.600000,-0.635443,-0.600000,-0.600000,0.600000
429,0.600000,-0.600000,-0.600000,1.000000,-0.600000,-1.000000,-0.600000,0.600000,0.600000,0.600000,0.600000,-0.600000,-0.600000,-0.600000,-0.600000,-0.600000,0.600000,-0.600000,-0.600000,-0.600000,0.557380,0.600000,-0.600000,-0.621416,-0.600000,-0.600000,-0.630792,0.600000,-0.600000,0.600000,0.600000,-0.600000,0.600000,-0.600000,-0.600000,-0.600000,0.600000,-0.600000,-0.600000,0.716323,-0.600000,-0.600000,0.559845,-0.600000,-0.600000,-0.600000,-0.600000,0.589158,-0.600000,-0.621416,-0.600000,-0.600000,0.600000,-0.600000,-0.600000,0.600000,-0.600000,-0.600000,-0.600000,-0.600000,0.600000,0.600000,-0.600000,1.000000,-0.600000,0.600000,-0.600000,-0.600000,-0.635443,-0.600000,-0.600000,0.600000
430,0.600000,-0.600000,-0.600000,1.000000,-0.600000,-1.000000,-0.600000,0.600000,0.600000,0.600000,0.600000,-0.600000,-0.600000,-0.600000,-0.600000,-0.600000,0.600000,-0.600000,-0.600000,-0.600000,0.557380,0.600000,-0.600000,-0.621416,-0.600000,-0.600000,-0.630792,0.600000,-0.600000,0.600000,0.600000,-0.600000,0.600000,-0.600000,-0.600000,-0.600000,0.600000,-0.600000,-0.600000,0.716323,-0.600000,-0.600000,0.559845,-0.600000,-0.600000,-0.600000,-0.600000,0.589158,-0.600000,-0.621416,-0.600000,-0.600000,0.600000,-0.600000,-0.600000,0.600000,-0.600000,-0.600000,-0.600000,-0.600000,0.600000,0.600000,-0.600000,1.000000,-0.600000,0.600000,-0.600000,-0.600000,-0.635443,-0.600000,-0.600000,0.600000
431,0.600000,-0.600000,-0.600000,1.000000,-0.600000,-1.000000,-0.600000,0.600000,0.600000,0.600000,0.600000,-0.600000,-0.600000,-0.600000,-0.600000,-0.600000,0.600000,-0.600000,-0.600000,-0.600000,0.557380,0.600000,-0.600000,-0.621416,-0.600000,-0.600000,-0.630792,0.600000,-0.600000,0.600000,0.600000,-0.600000,0.600000,-0.600000,-0.600000,-0.600000,0.600000,-0.600000,-0.600000,0.716323,-0.600000,-0.600000,0.559845,-0.600000,-0.600000,-0.600000,-0.600000,0.589158,-0.600000,-0.621416,-0.600000,-0.600000,0.600000,-0.600000,-0.600000,0.600000,-0.600000,-0.600000,-0.600000,-0.600000,0.600000,0.600000,-0.600000,1.000000,-0.600000,0.600000,-0.600000,-0.600000,-0.635443,-0.600000,-0.600000,0.600000
432,0.600000,-0.600000,-0.600000,1.000000,-0.600000,-1.000000,-0.600000,0.600000,0.600000,0.600000,0.600000,-0.600000,-0.600000,-0.600000,-0.600000,-0.600000,0.600000,-0.600000,-0.600000,-0.600000,0.557380,0.600000,-0.600000,-0.621416,-0.600000,-0.600000,-0.630792,0.600000,-0.600000,0.600000,0.600000,-0.600000,0.600000,-0.600000,-0.600000,-0.600000,0.600000,-0.600000,-0.600000,0.716323,-0.600000,-0.600000,0.559845,-0.600000,-0.600000,-0.600000,-0.600000,0.589158,-0.600000,-0.621416,-0.600000,-0.600000,0.600000,-0.600000,-0.600000,0.600000,-0.600000,-0.600000,-0.600000,-0.600000,0.600000,0.600000,-0.600000,1.000000,-0.600000,0.600000,-0.600000,-0.600000,-0.635443,-0.600000,-0.600000,0.600000
433,0.600000,-0.600000,-0.600000,1.000000,-0.600000,-1.000000,-0.600000,0.600000,0.600000,0.600000,0.600000,-0.600000,-0.600000,-0.600000,-0.600000,-0.600000,0.600000,-0.600000,-0.600000,-0.600000,0.557380,0.600000,-0.600000,-0.621416,-0.600000,-0.600000,-0.630792,0.600000,-0.600000,0.600000,0.600000,-0.600000,0.600000,-0.600000,-0.600000,-0.600000,0.600000,-0.600000,-0.600000,0.716323,-0.600000,-0.600000,0.559845,-0.600000,-0.600000,-0.600000,-0.600000,0.589158,-0.600000,-0.621416,-0.600000,-0.600000,0.600000,-0.600000,-0.600000,0.600000,-0.600000,-0.600000,-0.600000,-0.600000,0.600000,0.600000,-0.600000,1.000000,-0.600000,0.600000,-0.600000,-0.600000,-0.635443,-0.600000,-0.600000,0.600000
434,0.600000,-0.600000,-0.600000,1.000000,-0.600000,-1.000000,-0.600000,0.600000,0.600000,0.600000,0.600000,-0.600000,-0.600000,-0.600000,-0.600000,-0.600000,0.600000,-0.600000,-0.600000,-0.600000,0.557380,0.600000,-0.600000,-0.621416,-0.600000,-0.600000,-0.630792,0.600000,-0.600000,0.600000,0.600000,-0.600000,0.600000,-0.600000,-0.600000,-0.600000,0.600000,-0.600000,-0.600000,0.716323,-0.600000,-0.600000,0.559845,-0.600000,-0.600000,-0.600000,-0.600000,0.589158,-0.600000,-0.621416,-0.600000,-0.600000,0.600000,-0.600000,-0.600000,0.600000,-0.600000,-0.600000,-0.600000,-0.600000,0.600000,0.600000,-0.600000,1.000000,-0.600000,0.600000,-0.600000,-0.600000,-0.635443,-0.600000,-0.600000,0.600000
435,0.600000,-0.600000,-0.600000,1.000000,-0.600000,-1.000000,-0.600000,0.600000,0.600000,0.600000,0.600000,-0.600000,-0.600000,-0.600000,-0.600000,-0.600000,0.600000,-0.600000,-0.600000,-0.600000,0.557380,0.600000,-0.600000,-0.621416,-0.600000,-0.600000,-0.630792,0.600000,-0.600000,0.600000,0.600000,-0.600000,0.600000,-0.600000,-0.600000,-0.600000,0.600000,-0.600000,-0.600000,0.716323,-0.600000,-0.600000,0.559845,-0.600000,-0.600000,-0.600000,-0.600000,0.589158,-0.600000,-0.621416,-0.600000,-0.600000,0.600000,-0.600000,-0.600000,0.600000,-0.600000,-0.600000,-0.600000,-0.600000,0.600000,0.600000,-0.600000,1.000000,-0.600000,0.600000,-0.600000,-0.600000,-0.635443,-0.600000,-0.600000,0.600000
436,0.600000,-0.600000,-0.600000,1.000000,-0.600000,-1.000000,-0.600000,0.600000,0.600000,0.600000,0.600000,-0.600000,-0.600000,-0.600000,-0.600000,-0.600000,0.600000,-0.600000,-0.600000,-0.600000,0.557380,0.600000,-0.600000,-0.621416,-0.600000,-0.600000,-0.630792,0.600000,-0.600000,0.600000,0.600000,-0.600000,0.600000,-0.600000,-0.600000,-0.600000,0.600000,-0.600000,-0.600000,0.716323,-0.600000,-0.600000,0.559845,-0.600000,-0.600000,-0.600000,-0.600000,0.589158,-0.600000,-0.621416,-0.600000,-0.600000,0.600000,-0.600000,-0.600000,0.600000,-0.600000,-0.600000,-0.600000,-0.600000,0.600000,0.600000,-0.600000,1.000000,-0.600000,0.600000,-0.600000,-0.600000,-0.635443,-0.600000,-0.600000,0.600000
437,0.600000,-0.600000,-0.600000,1.000000,-0.600000,-1.000000,-0.600000,0.600000,0.600000,0.600000,0.600000,-0.600000,-0.600000,-0.600000,-0.600000,-0.600000,0.600000,-0.600000,-0.600000,-0.600000,0.557380,0.600000,-0.600000,-0.621416,-0.600000,-0.600000,-0.630792,0.600000,-0.600000,0.600000,0.600000,-0.600000,0.600000,-0.600000,-0.600000,-0.600000,0.600000,-0.600000,-0.600000,0.716323,-0.600000,-0.600000,0.559845,-0.600000,-0.600000,-0.600000,-0.600000,0.589158,-0.600000,-0.621416,-0.600000,-0.600000,0.600000,-0.600000,-0.600000,0.600000,-0.600000,-0.600000,-0.600000,-0.600000,0.600000,0.600000,-0.600000,1.000000,-0.600000,0.600000,-0.600000,-0.600000,-0.635443,-0.600000,-0.600000,0.600000
438,0.600000,-0.600000,-0.600000,1.000000,-0.600000,-1.000000,-0.600000,0.600000,0.600000,0.600000,0.600000,-0.600000,-0.600000,-0.600000,-0.600000,-0.600000,0.600000,-0.600000,-0.600000,-0.600000,0.557380,0.600000,-0.600000,-0.621416,-0.600000,-0.600000,-0.630792,0.600000,-0.600000,0.600000,0.600000,-0.600000,0.600000,-0.600000,-0.600000,-0.600000,0.600000,-0.600000,-0.600000,0.716323,-0.600000,-0.600000,0.559845,-0.600000,-0.600000,-0.600000,-0.600000,0.589158,-0.600000,-0.621416,-0.600000,-0.600000,0.600000,-0.600000,-0.600000,0.600000,-0.600000,-0.600000,-0.600000,-0.600000,0.600000,0.600000,-0.600000,1.000000,-0.600000,0.600000,-0.600000,-0.600000,-0.635443,-0.600000,-0.600000,0.600000
439,0.600000,-0.600000,-0.600000,1.000000,-0.600000,-1.000000,-0.600000,0.600000,0.600000,0.600000,0.600000,-0.600000,-0.600000,-0.600000,-0.600000,-0.600000,0.600000,-0.600000,-0.600000,-0.600000,0.557380,0.600000,-0.600000,-0.621416,-0.600000,-0.600000,-0.630792,0.600000,-0.600000,0.600000,0.600000,-0.600000,0.600000,-0.600000,-0.600000,-0.600000,0.600000,-0.600000,-0.600000,0.716323,-0.600000,-0.600000,0.559845,-0.600000,-0.600000,-0.600000,-0.600000,0.589158,-0.600000,-0.621416,-0.600000,-0.600000,0.600000,-0.600000,-0.600000,0.600000,-0.600000,-0.600000,-0.600000,-0.600000,0.600000,0.600000,-0.600000,1.000000,-0.600000,0.600000,-0.600000,-0.600000,-0.635443,-0.600000,-0.600000,0.600000
440,0.600000,-0.600000,-0.600000,1.000000,-0.600000,-1.000000,-0.600000,0.600000,0.600000,0.600000,0.600000,-0.600000,-0.600000,-0.600000,-0.600000,-0.600000,0.600000,-0.600000,-0.600000,-0.600000,0.557380,0.600000,-0.600000,-0.621416,-0.600000,-0.600000,-0.630792,0.600000,-0.600000,0.600000,0.600000,-0.600000,0.600000,-0.600000,-0.600000,-0.600000,0.600000,-0.600000,-0.600000,0.716323,-0.600000,-0.600000,0.559845,-0.600000,-0.600000,-0.600000,-0.600000,0.589158,-0.600000,-0.621416,-0.600000,-0.600000,0.600000,-0.600000,-0.600000,0.600000,-0.600000,-0.600000,-0.600000,-0.600000,0.600000,0.600000,-0.600000,1.000000,-0.600000,0.600000,-0.600000,-0.600000,-0.635443,-0.600000,-0.600000,0.600000
441,0.600000,-0.600000,-0.600000,1.000000,-0.600000,-1.000000,-0.600000,0.600000,0.600000,0.600000,0.600000,-0.600000,-0.600000,-0.600000,-0.600000,-0.600000,0.600000,-0.600000,-0.600000,-0.600000,0.557380,0.600000,-0.600000,-0.621416,-0.600000,-0.600000,-0.630792,0.600000,-0.600000,0.600000,0.600000,-0.600000,0.600000,-0.600000,-0.600000,-0.600000,0.600000,-0.600000,-0.600000,0.716323,-0.600000,-0.600000,0.559845,-0.600000,-0.600000,-0.600000,-0.600000,0.589158,-0.600000,-0.621416,-0.600000,-0.600000,0.600000,-0.600000,-0.600000,0.600000,-0.600000,-0.600000,-0.600000,-0.600000,0.600000,0.600000,-0.600000,1.000000,-0.600000,0.600000,-0.600000,-0.600000,-0.635443,-0.600000,-0.600000,0.600000
442,0.600000,-0.600000,-0.600000,1.000000,-0.600000,-1.000000,-0.600000,0.600000,0.600000,0.600000,0.600000,-0.600000,-0.600000,-0.600000,-0.600000,-0.600000,0.600000,-0.600000,-0.600000,-0.600000,0.557380,0.600000,-0.600000,-0.621416,-0.600000,-0.600000,-0.630792,0.600000,-0.600000,0.600000,0.600000,-0.600000,0.600000,-0.600000,-0.600000,-0.600000,0.600000,-0.600000,-0.600000,0.716323,-0.600000,-0.600000,0.559845,-0.600000,-0.600000,-0.600000,-0.600000,0.589158,-0.600000,-0.621416,-0.600000,-0.600000,0.600000,-0.600000,-0.600000,0.600000,-0.600000,-0.600000,-0.600000,-0.600000,0.600000,0.600000,-0.600000,1.000000,-0.600000,0.600000,-0.600000,-0.600000,-0.635443,-0.600000,-0.600000,0.600000
443,0.600000,-0.600000,-0.600000,1.000000,-0.600000,-1.000000,-0.600000,0.600000,0.600000,0.600000,0.600000,-0.600000,-0.600000,-0.600000,-0.600000,-0.600000,0.600000,-0.600000,-0.600000,-0.600000,0.557380,0.600000,-0.600000,-0.621416,-0.600000,-0.600000,-0.630792,0.600000,-0.600000,0.600000,0.600000,-0.600000,0.600000,-0.600000,-0.600000,-0.600000,0.600000,-0.600000,-0.600000,0.716323,-0.600000,-0.600000,0.559845,-0.600000,-0.600000,-0.600000,-0.600000,0.589158,-0.600000,-0.621416,-0.600000,-0.600000,0.600000,-0.600000,-0.600000,0.600000,-0.600000,-0.600000,-0.600000,-0.600000,0.600000,0.600000,-0.600000,1.000000,-0.600000,0.600000,-0.600000,-0.600000,-0.635443,-0.600000,-0.600000,0.600000
444,0.600000,-0.600000,-0.600000,1.000000,-0.600000,-1.000000,-0.600000,0.600000,0.600000,0.600000,0.600000,-0.600000,-0.600000,-0.600000,-0.600000,-0.600000,0.600000,-0.600000,-0.600000,-0.600000,0.557380,0.600000,-0.600000,-0.621416,-0.600000,-0.600000,-0.630792,0.600000,-0.600000,0.600000,0.600000,-0.600000,0.600000,-0.600000,-0.600000,-0.600000,0.600000,-0.600000,-0.600000,0.716323,-0.600000,-0.600000,0.559845,-0.600000,-0.600000,-0.600000,-0.600000,0.589158,-0.600000,-0.621416,-0.600000,-0.600000,0.600000,-0.600000,-0.600000,0.600000,-0.600000,-0.600000,-0.600000,-0.600000,0.600000,0.600000,-0.600000,1.000000,-0.600000,0.600000,-0.600000,-0.600000,-0.635443,-0.600000,-0.600000,0.600000
445,0.600000,-0.600000,-0.600000,1.000000,-0.600000,-1.000000,-0.600000,0.600000,0.600000,0.600000,0.600000,-0.600000,-0.600000,-0.600000,-0.600000,-0.600000,0.600000,-0.600000,-0.600000,-0.600000,0.557380,0.600000,-0.600000,-0.621416,-0.600000,-0.600000,-0.630792,0.600000,-0.600000,0.600000,0.600000,-0.600000,0.600000,-0.600000,-0.600000,-0.600000,0.600000,-0.600000,-0.600000,0.716323,-0.600000,-0.600000,0.559845,-0.600000,-0.600000,-0.600000,-0.600000,0.589158,-0.600000,-0.621416,-0.600000,-0.600000,0.600000,-0.600000,-0.600000,0.600000,-0.600000,-0.600000,-0.600000,-0.600000,0.600000,0.600000,-0.600000,1.000000,-0.600000,0.600000,-0.600000,-0.600000,-0.635443,-0.600000,-0.600000,0.600000
446,0.600000,-0.600000,-0.600000,1.000000,-0.600000,-1.000000,-0.600000,0.600000,0.600000,0.600000,0.600000,-0.600000,-0.600000,-0.600000,-0.600000,-0.600000,0.600000,-0.600000,-0.600000,-0.600000,0.557380,0.600000,-0.600000,-0.621416,-0.600000,-0.600000,-0.630792,0.600000,-0.600000,0.600000,0.600000,-0.600000,0.600000,-0.600000,-0.600000,-0.600000,0.600000,-0.600000,-0.600000,0.716323,-0.600000,-0.600000,0.559845,-0.600000,-0.600000,-0.600000,-0.600000,0.589158,-0.600000,-0.621416,-0.600000,-0.600000,0.600000,-0.600000,-0.600000,0.600000,-0.600000,-0.600000,-0.600000,-0.600000,0.600000,0.600000,-0.600000,1.000000,-0.600000,0.600000,-0.600000,-0.600000,-0.635443,-0.600000,-0.600000,0.600000
447,0.600000,-0.600000,-0.600000,1.000000,-0.600000,-1.000000,-0.600000,0.600000,0.600000,0.600000,0.600000,-0.600000,-0.600000,-0.600000,-0.600000,-0.600000,0.600000,-0.600000,-0.600000,-0.600000,0.557380,0.600000,-0.600000,-0.621416,-0.600000,-0.600000,-0.630792,0.600000,-0.600000,0.600000,0.600000,-0.600000,0.600000,-0.600000,-0.600000,-0.600000,0.600000,-0.600000,-0.600000,0.716323,-0.600000,-0.600000,0.559845,-0.600000,-0.600000,-0.600000,-0.600000,0.589158,-0.600000,-0.621416,-0.600000,-0.600000,0.600000,-0.600000,-0.600000,0.600000,-0.600000,-0.600000,-0.600000,-0.600000,0.600000,0.600000,-0.600000,1.000000,-0.600000,0.600000,-0.600000,-0.600000,-0.635443,-0.600000,-0.600000,0.600000
448,0.600000,-0.600000,-0.600000,1.000000,-0.600000,-1.000000,-0.600000,0.600000,0.600000,0.600000,0.600000,-0.600000,-0.600000,-0.600000,-0.600000,-0.600000,0.600000,-0.600000,-0.600000,-0.600000,0.557380,0.600000,-0.600000,-0.621416,-0.600000,-0.600000,-0.630792,0.600000,-0.600000,0.600000,0.600000,-0.600000,0.600000,-0.600000,-0.600000,-0.600000,0.600000,-0.600000,-0.600000,0.716323,-0.600000,-0.600000,0.559845,-0.600000,-0.600000,-0.600000,-0.600000,0.589158,-0.600000,-0.621416,-0.600000,-0.600000,0.600000,-0.600000,-0.600000,0.600000,-0.600000,-0.600000,-0.600000,-0.600000,0.600000,0.600000,-0.600000,1.000000,-0.600000,0.600000,-0.600000,-0.600000,-0.635443,-0.600000,-0.600000,0.600000
449,0.600000,-0.600000,-0.600000,1.000000,-0.600000,-1.000000,-0.600000,0.600000,0.600000,0.600000,0.600000,-0.600000,-0.600000,-0.600000,-0.600000,-0.600000,0.600000,-0.600000,-0.600000,-0.600000,0.557380,0.600000,-0.600000,-0.621416,-0.600000,-0.600000,-0.630792,0.600000,-0.600000,0.600000,0.600000,-0.600000,0.600000,-0.600000,-0.600000,-0.600000,0.600000,-0.600000,-0.600000,0.716323,-0.600000,-0.600000,0.559845,-0.600000,-0.600000,-0.600000,-0.600000,0.589158,-0.600000,-0.621416,-0.600000,-0.600000,0.600000,-0.600000,-0.600000,0.600000,-0.600000,-0.600000,-0.600000,-0.600000,0.600000,0.600000,-0.600000,1.000000,-0.600000,0.600000,-0.600000,-0.600000,-0.635443,-0.600000,-0.600000,0.600000
450,0.600000,-0.600000,-0.600000,1.000000,-0.600000,-1.000000,-0.600000,0.600000,0.600000,0.600000,0.600000,-0.600000,-0.600000,-0.600000,-0.600000,-0.600000,0.600000,-0.600000,-0.600000,-0.600000,0.557380,0.600000,-0.600000,-0.621416,-0.600000,-0.600000,-0.630792,0.600000,-0.600000,0.600000,0.600000,-0.600000,0.600000,-0.600000,-0.600000,-0.600000,0.600000,-0.600000,-0.600000,0.716323,-0.600000,-0.600000,0.559845,-0.600000,-0.600000,-0.600000,-0.600000,0.589158,-0.600000,-0.621416,-0.600000,-0.600000,0.600000,-0.600000,-0.600000,0.600000,-0.600000,-0.600000,-0.600000,-0.600000,0.600000,0.600000,-0.600000,1.000000,-0.600000,0.600000,-0.600000,-0.600000,-0.635443,-0.600000,-0.600000,0.600000
451,0.600000,-0.600000,-0.600000,1.000000,-0.600000,-1.000000,-0.600000,0.600000,0.600000,0.600000,0.600000,-0.600000,-0.600000,-0.600000,-0.600000,-0.600000,0.600000,-0.600000,-0.600000,-0.600000,0.557380,0.600000,-0.600000,-0.621416,-0.600000,-0.600000,-0.630792,0.600000,-0.600000,0.600000,0.600000,-0.600000,0.600000,-0.600000,-0.600000,-0.600000,0.600000,-0.600000,-0.600000,0.716323,-0.600000,-0.600000,0.559845,-0.600000,-0.600000,-0.600000,-0.600000,0.589158,-0.600000,-0.621416,-0.600000,-0.600000,0.600000,-0.600000,-0.600000,0.600000,-0.600000,-0.600000,-0.600000,-0.600000,0.600000,0.600000,-0.600000,1.000000,-0.600000,0.600000,-0.600000,-0.600000,-0.635443,-0.600000,-0.600000,0.600000
452,0.600000,-0.600000,-0.600000,1.000000,-0.600000,-1.000000,-0.600000,0.600000,0.600000,0.600000,0.600000,-0.600000,-0.600000,-0.600000,-0.600000,-0.600000,0.600000,-0.600000,-0.600000,-0.600000,0.557380,0.600000,-0.600000,-0.621416,-0.600000,-0.600000,-0.630792,0.600000,-0.600000,0.600000,0.600000,-0.600000,0.600000,-0.600000,-0.600000,-0.600000,0.600000,-0.600000,-0.600000,0.716323,-0.600000,-0.600000,0.559845,-0.600000,-0.600000,-0.600000,-0.600000,0.589158,-0.600000,-0.621416,-0.600000,-0.600000,0.600000,-0.600000,-0.600000,0.600000,-0.600000,-0.600000,-0.600000,-0.600000,0.600000,0.600000,-0.600000,1.000000,-0.600000,0.600000,-0.600000,-0.600000,-0.635443,-0.600000,-0.600000,0.600000
453,0.600000,-0.600000,-0.600000,1.000000,-0.600000,-1.000000,-0.600000,0.600000,0.600000,0.600000,0.600000,-0.600000,-0.600000,-0.600000,-0.600000,-0.600000,0.600000,-0.600000,-0.600000,-0.600000,0.557380,0.600000,-0.600000,-0.621416,-0.600000,-0.600000,-0.630792,0.600000,-0.600000,0.600000,0.600000,-0.600000,0.600000,-0.600000,-0.600000,-0.600000,0.600000,-0.600000,-0.600000,0.716323,-0.600000,-0.600000,0.559845,-0.600000,-0.600000,-0.600000,-0.600000,0.589158,-0.600000,-0.621416,-0.600000,-0.600000,0.600000,-0.600000,-0.600000,0.600000,-0.600000,-0.600000,-0.600000,-0.600000,0.600000,0.600000,-0.600000,1.000000,-0.600000,0.600000,-0.600000,-0.600000,-0.635443,-0.600000,-0.600000,0.600000
454,0.600000,-0.600000,-0.600000,1.000000,-0.600000,-1.000000,-0.600000,0.600000,0.600000,0.600000,0.600000,-0.600000,-0.600000,-0.600000,-0.600000,-0.600000,0.600000,-0.600000,-0.600000,-0.600000,0.557380,0.600000,-0.600000,-0.621416,-0.600000,-0.600000,-0.630792,0.600000,-0.600000,0.600000,0.600000,-0.600000,0.600000,-0.600000,-0.600000,-0.600000,0.600000,-0.600000,-0.600000,0.716323,-0.600000,-0.600000,0.559845,-0.600000,-0.600000,-0.600000,-0.600000,0.589158,-0.600000,-0.621416,-0.600000,-0.600000,0.600000,-0.600000,-0.600000,0.600000,-0.600000,-0.600000,-0.600000,-0.600000,0.600000,0.600000,-0.600000,1.000000,-0.600000,0.600000,-0.600000,-0.600000,-0.635443,-0.600000,-0.600000,0.600000
455,0.600000,-0.600000,-0.600000,1.000000,-0.600000,-1.000000,-0.600000,0.600000,0.600000,0.600000,0.600000,-0.600000,-0.600000,-0.600000,-0.600000,-0.600000,0.600000,-0.600000,-0.600000,-0.600000,0.557380,0.600000,-0.600000,-0.621416,-0.600000,-0.600000,-0.630792,0.600000,-0.600000,0.600000,0.600000,-0.600000,0.600000,-0.600000,-0.600000,-0.600000,0.600000,-0.600000,-0.600000,0.716323,-0.600000,-0.600000,0.559845,-0.600000,-0.600000,-0.600000,-0.600000,0.589158,-0.600000,-0.621416,-0.600000,-0.600000,0.600000,-0.600000,-0.600000,0.600000,-0.600000,-0.600000,-0.600000,-0.600000,0.600000,0.600000,-0.600000,1.000000,-0.600000,0.600000,-0.600000,-0.600000,-0.635443,-0.600000,-0.600000,0.600000
456,0.600000,-0.600000,-0.600000,1.000000,-0.600000,-1.000000,-0.600000,0.600000,0.600000,0.600000,0.600000,-0.600000,-0.600000,-0.600000,-0.600000,-0.600000,0.600000,-0.600000,-0.600000,-0.600000,0.557380,0.600000,-0.600000,-0.621416,-0.600000,-0.600000,-0.630792,0.600000,-0.600000,0.600000,0.600000,-0.600000,0.600000,-0.600000,-0.600000,-0.600000,0.600000,-0.600000,-0.600000,0.716323,-0.600000,-0.600000,0.559845,-0.600000,-0.600000,-0.600000,-0.600000,0.589158,-0.600000,-0.621416,-0.600000,-0.600000,0.600000,-0.600000,-0.600000,0.600000,-0.600000,-0.600000,-0.600000,-0.600000,0.600000,0.600000,-0.600000,1.000000,-0.600000,0.600000,-0.600000,-0.600000,-0.635443,-0.600000,-0.600000,0.600000
457,0.600000,-0.600000,-0.600000,1.000000,-0.600000,-1.000000,-0.600000,0.600000,0.600000,0.600000,0.600000,-0.600000,-0.600000,-0.600000,-0.600000,-0.600000,0.600000,-0.600000,-0.600000,-0.600000,0.557380,0.600000,-0.600000,-0.621416,-0.600000,-0.600000,-0.630792,0.600000,-0.600000,0.600000,0.600000,-0.600000,0.600000,-0.600000,-0.600000,-0.600000,0.600000,-0.600000,-0.600000,0.716323,-0.600000,-0.600000,0.559845,-0.600000,-0.600000,-0.600000,-0.600000,0.589158,-0.600000,-0.621416,-0.600000,-0.600000,0.600000,-0.600000,-0.600000,0.600000,-0.600000,-0.600000,-0.600000,-0.600000,0.600000,0.600000,-0.600000,1.000000,-0.600000,0.600000,-0.600000,-0.600000,-0.635443,-0.600000,-0.600000,0.600000
458,0.600000,-0.600000,-0.600000,1.000000,-0.600000,-1.000000,-0.600000,0.600000,0.600000,0.600000,0.600000,-0.600000,-0.600000,-0.600000,-0.600000,-0.600000,0.600000,-0.600000,-0.600000,-0.600000,0.557380,0.600000,-0.600000,-0.621416,-0.600000,-0.600000,-0.630792,0.600000,-0.600000,0.600000,0.600000,-0.600000,0.600000,-0.600000,-0.600000,-0.600000,0.600000,-0.600000,-0.600000,0.716323,-0.600000,-0.600000,0.559845,-0.600000,-0.600000,-0.600000,-0.600000,0.589158,-0.600000,-0.621416,-0.600000,-0.600000,0.600000,-0.600000,-0.600000,0.600000,-0.600000,-0.600000,-0.600000,-0.600000,0.600000,0.600000,-0.600000,1.000000,-0.600000,0.600000,-0.600000,-0.600000,-0.635443,-0.600000,-0.600000,0.600000
459,0.600000,-0.600000,-0.600000,1.000000,-0.600000,-1.000000,-0.600000,0.600000,0.600000,0.600000,0.600000,-0.600000,-0.600000,-0.600000,-0.600000,-0.600000,0.600000,-0.600000,-0.600000,-0.600000,0.557380,0.600000,-0.600000,-0.621416,-0.600000,-0.600000,-0.630792,0.600000,-0.600000,0.600000,0.600000,-0.600000,0.600000,-0.600000,-0.600000,-0.600000,0.600000,-0.600000,-0.600000,0.716323,-0.600000,-0.600000,0.559845,-0.600000,-0.600000,-0.600000,-0.600000,0.589158,-0.600000,-0.621416,-0.600000,-0.600000,0.600000,-0.600000,-0.600000,0.600000,-0.600000,-0.600000,-0.600000,-0.600000,0.600000,0.600000,-0.600000,1.000000,-0.600000,0.600000,-0.600000,-0.600000,-0.635443,-0.600000,-0.600000,0.600000
460,0.600000,-0.600000,-0.600000,1.000000,-0.600000,-1.000000,-0.600000,0.600000,0.600000,0.600000,0.600000,-0.600000,-0.600000,-0.600000,-0.600000,-0.600000,0.600000,-0.600000,-0.600000,-0.600000,0.557380,0.600000,-0.600000,-0.621416,-0.600000,-0.600000,-0.630792,0.600000,-0.600000,0.600000,0.600000,-0.600000,0.600000,-0.600000,-0.600000,-0.600000,0.600000,-0.600000,-0.600000,0.716323,-0.600000,-0.600000,0.559845,-0.600000,-0.600000,-0.600000,-0.600000,0.589158,-0.600000,-0.621416,-0.600000,-0.600000,0.600000,-0.600000,-0.600000,0.600000,-0.600000,-0.600000,-0.600000,-0.600000,0.600000,0.600000,-0.600000,1.000000,-0.600000,0.600000,-0.600000,-0.600000,-0.635443,-0.600000,-0.600000,0.600000
461,0.600000,-0.600000,-0.600000,1.000000,-0.600000,-1.000000,-0.600000,0.600000,0.600000,0.600000,0.600000,-0.600000,-0.600000,-0.600000,-0.600000,-0.600000,0.600000,-0.600000,-0.600000,-0.600000,0.557380,0.600000,-0.600000,-0.621416,-0.600000,-0.600000,-0.630792,0.600000,-0.600000,0.600000,0.600000,-0.600000,0.600000,-0.600000,-0.600000,-0.600000,0.600000,-0.600000,-0.600000,0.716323,-0.600000,-0.600000,0.559845,-0.600000,-0.600000,-0.600000,-0.600000,0.589158,-0.600000,-0.621416,-0.600000,-0.600000,0.600000,-0.600000,-0.600000,0.600000,-0.600000,-0.600000,-0.600000,-0.600000,0.600000,0.600000,-0.600000,1.000000,-0.600000,0.600000,-0.600000,-0.600000,-0.635443,-0.600000,-0.600000,0.600000
462,0.600000,-0.600000,-0.600000,1.000000,-0.600000,-1.000000,-0.600000,0.600000,0.600000,0.600000,0.600000,-0.600000,-0.600000,-0.600000,-0.600000,-0.600000,0.600000,-0.600000,-0.600000,-0.600000,0.557380,0.600000,-0.600000,-0.621416,-0.600000,-0.600000,-0.630792,0.600000,-0.600000,0.600000,0.600000,-0.600000,0.600000,-0.600000,-0.600000,-0.600000,0.600000,-0.600000,-0.600000,0.716323,-0.600000,-0.600000,0.559845,-0.600000,-0.600000,-0.600000,-0.600000,0.589158,-0.600000,-0.621416,-0.600000,-0.600000,0.600000,-0.600000,-0.600000,0.600000,-0.600000,-0.600000,-0.600000,-0.600000,0.600000,0.600000,-0.600000,1.000000,-0.600000,0.600000,-0.600000,-0.600000,-0.635443,-0.600000,-0.600000,0.600000
463,0.600000,-0.600000,-0.600000,1.000000,-0.600000,-1.000000,-0.600000,0.600000,0.600000,0.600000,0.600000,-0.600000,-0.600000,-0.600000,-0.600000,-0.600000,0.600000,-0.600000,-0.600000,-0.600000,0.557380,0.600000,-0.600000,-0.621416,-0.600000,-0.600000,-0.630792,0.600000,-0.600000,0.600000,0.600000,-0.600000,0.600000,-0.600000,-0.600000,-0.600000,0.600000,-0.600000,-0.600000,0.716323,-0.600000,-0.600000,0.559845,-0.600000,-0.600000,-0.600000,-0.600000,0.589158,-0.600000,-0.621416,-0.600000,-0.600000,0.600000,-0.600000,-0.600000,0.600000,-0.600000,-0.600000,-0.600000,-0.600000,0.600000,0.600000,-0.600000,1.000000,-0.600000,0.600000,-0.600000,-0.600000,-0.635443,-0.600000,-0.600000,0.600000
464,0.600000,-0.600000,-0.600000,1.000000,-0.600000,-1.000000,-0.600000,0.600000,0.600000,0.600000,0.600000,-0.600000,-0.600000,-0.600000,-0.600000,-0.600000,0.600000,-0.600000,-0.600000,-0.600000,0.557380,0.600000,-0.600000,-0.621416,-0.600000,-0.600000,-0.630792,0.600000,-0.600000,0.600000,0.600000,-0.600000,0.600000,-0.600000,-0.600000,-0.600000,0.600000,-0.600000,-0.600000,0.716323,-0.600000,-0.600000,0.559845,-0.600000,-0.600000,-0.600000,-0.600000,0.589158,-0.600000,-0.621416,-0.600000,-0.600000,0.600000,-0.600000,-0.600000,0.600000,-0.600000,-0.600000,-0.600000,-0.600000,0.600000,0.600000,-0.600000,1.000000,-0.600000,0.600000,-0.600000,-0.600000,-0.635443,-0.600000,-0.600000,0.600000
465,0.600000,-0.600000,-0.600000,1.000000,-0.600000,-1.000000,-0.600000,0.600000,0.600000,0.600000,0.600000,-0.600000,-0.600000,-0.600000,-0.600000,-0.600000,0.600000,-0.600000,-0.600000,-0.600000,0.557380,0.600000,-0.600000,-0.621416,-0.600000,-0.600000,-0.630792,0.600000,-0.600000,0.600000,0.600000,-0.600000,0.600000,-0.600000,-0.600000,-0.600000,0.600000,-0.600000,-0.600000,0.716323,-0.600000,-0.600000,0.559845,-0.600000,-0.600000,-0.600000,-0.600000,0.589158,-0.600000,-0.621416,-0.600000,-0.600000,0.600000,-0.600000,-0.600000,0.600000,-0.600000,-0.600000,-0.600000,-0.600000,0.600000,0.600000,-0.600000,1.000000,-0.600000,0.600000,-0.600000,-0.600000,-0.635443,-0.600000,-0.600000,0.600000
466,0.600000,-0.600000,-0.600000,1.000000,-0.600000,-1.000000,-0.600000,0.600000,0.600000,0.600000,0.600000,-0.600000,-0.600000,-0.600000,-0.600000,-0.600000,0.600000,-0.600000,-0.600000,-0.600000,0.557380,0.600000,-0.600000,-0.621416,-0.600000,-0.600000,-0.630792,0.600000,-0.600000,0.600000,0.600000,-0.600000,0.600000,-0.600000,-0.600000,-0.600000,0.600000,-0.600000,-0.600000,0.716323,-0.600000,-0.600000,0.559845,-0.600000,-0.600000,-0.600000,-0.600000,0.589158,-0.600000,-0.621416,-0.600000,-0.600000,0.600000,-0.600000,-0.600000,0.600000,-0.600000,-0.600000,-0.600000,-0.600000,0.600000,0.600000,-0.600000,1.000000,-0.600000,0.600000,-0.600000,-0.600000,-0.635443,-0.600000,-0.600000,0.600000
467,0.600000,-0.600000,-0.600000,1.000000,-0.600000,-1.000000,-0.600000,0.600000,0.600000,0.600000,0.600000,-0.600000,-0.600000,-0.600000,-0.600000,-0.600000,0.600000,-0.600000,-0.600000,-0.600000,0.557380,0.600000,-0.600000,-0.621416,-0.600000,-0.600000,-0.630792,0.600000,-0.600000,0.600000,0.600000,-0.600000,0.600000,-0.600000,-0.600000,-0.600000,0.600000,-0.600000,-0.600000,0.716323,-0.600000,-0.600000,0.559845,-0.600000,-0.600000,-0.600000,-0.600000,0.589158,-0.600000,-0.621416,-0.600000,-0.600000,0.600000,-0.600000,-0.600000,0.600000,-0.600000,-0.600000,-0.600000,-0.600000,0.600000,0.600000,-0.600000,1.000000,-0.600000,0.600000,-0.600000,-0.600000,-0.635443,-0.600000,-0.600000,0.600000
468,0.600000,-0.600000,-0.600000,1.000000,-0.600000,-1.000000,-0.600000,0.600000,0.600000,0.600000,0.600000,-0.600000,-0.600000,-0.600000,-0.600000,-0.600000,0.600000,-0.600000,-0.600000,-0.600000,0.557380,0.600000,-0.600000,-0.621416,-0.600000,-0.600000,-0.630792,0.600000,-0.600000,0.600000,0.600000,-0.600000,0.600000,-0.600000,-0.600000,-0.600000,0.600000,-0.600000,-0.600000,0.716323,-0.600000,-0.600000,0.559845,-0.600000,-0.600000,-0.600000,-0.600000,0.589158,-0.600000,-0.621416,-0.600000,-0.600000,0.600000,-0.600000,-0.600000,0.600000,-0.600000,-0.600000,-0.600000,-0.600000,0.600000,0.600000,-0.600000,1.000000,-0.600000,0.600000,-0.600000,-0.600000,-0.635443,-0.600000,-0.600000,0.600000
469,0.600000,-0.600000,-0.600000,1.000000,-0.600000,-1.000000,-0.600000,0.600000,0.600000,0.600000,0.600000,-0.600000,-0.600000,-0.600000,-0.600000,-0.600000,0.600000,-0.600000,-0.600000,-0.600000,0.557380,0.600000,-0.600000,-0.621416,-0.600000,-0.600000,-0.630792,0.600000,-0.600000,0.600000,0.600000,-0.600000,0.600000,-0.600000,-0.600000,-0.600000,0.600000,-0.600000,-0.600000,0.716323,-0.600000,-0.600000,0.559845,-0.600000,-0.600000,-0.600000,-0.600000,0.589158,-0.600000,-0.621416,-0.600000,-0.600000,0.600000,-0.600000,-0.600000,0.600000,-0.600000,-0.600000,-0.600000,-0.600000,0.600000,0.600000,-0.600000,1.000000,-0.600000,0.600000,-0.600000,-0.600000,-0.635443,-0.600000,-0.600000,0.600000
470,0.600000,-0.600000,-0.600000,1.000000,-0.600000,-1.000000,-0.600000,0.600000,0.600000,0.600000,0.600000,-0.600000,-0.600000,-0.600000,-0.600000,-0.600000,0.600000,-0.600000,-0.600000,-0.600000,0.557380,0.600000,-0.600000,-0.621416,-0.600000,-0.600000,-0.630792,0.600000,-0.600000,0.600000,0.600000,-0.600000,0.600000,-0.600000,-0.600000,-0.600000,0.600000,-0.600000,-0.600000,0.716323,-0.600000,-0.600000,0.559845,-0.600000,-0.600000,-0.600000,-0.600000,0.589158,-0.600000,-0.621416,-0.600000,-0.600000,0.600000,-0.600000,-0.600000,0.600000,-0.600000,-0.600000,-0.600000,-0.600000,0.600000,0.600000,-0.600000,1.000000,-0.600000,0.600000,-0.600000,-0.600000,-0.635443,-0.600000,-0.600000,0.600000
471,0.600000,-0.600000,-0.600000,1.000000,-0.600000,-1.000000,-0.600000,0.600000,0.600000,0.600000,0.600000,-0.600000,-0.600000,-0.600000,-0.600000,-0.600000,0.600000,-0.600000,-0.600000,-0.600000,0.557380,0.600000,-0.600000,-0.621416,-0.600000,-0.600000,-0.630792,0.600000,-0.600000,0.600000,0.600000,-0.600000,0.600000,-0.600000,-0.600000,-0.600000,0.600000,-0.600000,-0.600000,0.716323,-0.600000,-0.600000,0.559845,-0.600000,-0.600000,-0.600000,-0.600000,0.589158,-0.600000,-0.621416,-0.600000,-0.600000,0.600000,-0.600000,-0.600000,0.600000,-0.600000,-0.600000,-0.600000,-0.600000,0.600000,0.600000,-0.600000,1.000000,-0.600000,0.600000,-0.600000,-0.600000,-0.635443,-0.600000,-0.600000,0.600000
472,0.600000,-0.600000,-0.600000,1.000000,-0.600000,-1.000000,-0.600000,0.600000,0.600000,0.600000,0.600000,-0.600000,-0.600000,-0.600000,-0.600000,-0.600000,0.600000,-0.600000,-0.600000,-0.600000,0.557380,0.600000,-0.600000,-0.621416,-0.600000,-0.600000,-0.630792,0.600000,-0.600000,0.600000,0.600000,-0.600000,0.600000,-0.600000,-0.600000,-0.600000,0.600000,-0.600000,-0.600000,0.716323,-0.600000,-0.600000,0.559845,-0.600000,-0.600000,-0.600000,-0.600000,0.589158,-0.600000,-0.621416,-0.600000,-0.600000,0.600000,-0.600000,-0.600000,0.600000,-0.600000,-0.600000,-0.600000,-0.600000,0.600000,0.600000,-0.600000,1.000000,-0.600000,0.600000,-0.600000,-0.600000,-0.635443,-0.600000,-0.600000,0.600000
473,0.600000,-0.600000,-0.600000,1.000000,-0.600000,-1.000000,-0.600000,0.600000,0.600000,0.600000,0.600000,-0.600000,-0.600000,-0.600000,-0.600000,-0.600000,0.600000,-0.600000,-0.600000,-0.600000,0.557380,0.600000,-0.600000,-0.621416,-0.600000,-0.600000,-0.630792,0.600000,-0.600000,0.600000,0.600000,-0.600000,0.600000,-0.600000,-0.600000,-0.600000,0.600000,-0.600000,-0.600000,0.716323,-0.600000,-0.600000,0.559845,-0.600000,-0.600000,-0.600000,-0.600000,0.589158,-0.600000,-0.621416,-0.600000,-0.600000,0.600000,-0.600000,-0.600000,0.600000,-0.600000,-0.600000,-0.600000,-0.600000,0.600000,0.600000,-0.600000,1.000000,-0.600000,0.600000,-0.600000,-0.600000,-0.635443,-0.600000,-0.600000,0.600000
474,0.600000,-0.600000,-0.600000,1.000000,-0.600000,-1.000000,-0.600000,0.600000,0.600000,0.600000,0.600000,-0.600000,-0.600000,-0.600000,-0.600000,-0.600000,0.600000,-0.600000,-0.600000,-0.600000,0.557380,0.600000,-0.600000,-0.621416,-0.600000,-0.600000,-0.630792,0.600000,-0.600000,0.600000,0.600000,-0.600000,0.600000,-0.600000,-0.600000,-0.600000,0.600000,-0.600000,-0.600000,0.716323,-0.600000,-0.600000,0.559845,-0.600000,-0.600000,-0.600000,-0.600000,0.589158,-0.600000,-0.621416,-0.600000,-0.600000,0.600000,-0.600000,-0.600000,0.600000,-0.600000,-0.600000,-0.600000,-0.600000,0.600000,0.600000,-0.600000,1.000000,-0.600000,0.600000,-0.600000,-0.600000,-0.635443,-0.600000,-0.600000,0.600000
475,0.600000,-0.600000,-0.600000,1.000000,-0.600000,-1.000000,-0.600000,0.600000,0.600000,0.600000,0.600000,-0.600000,-0.600000,-0.600000,-0.600000,-0.600000,0.600000,-0.600000,-0.600000,-0.600000,0.557380,0.600000,-0.600000,-0.621416,-0.600000,-0.600000,-0.630792,0.600000,-0.600000,0.600000,0.600000,-0.600000,0.600000,-0.600000,-0.600000,-0.600000,0.600000,-0.600000,-0.600000,0.716323,-0.600000,-0.600000,0.559845,-0.600000,-0.600000,-0.600000,-0.600000,0.589158,-0.600000,-0.621416,-0.600000,-0.600000,0.600000,-0.600000,-0.600000,0.600000,-0.600000,-0.600000,-0.600000,-0.600000,0.600000,0.600000,-0.600000,1.000000,-0.600000,0.600000,-0.600000,-0.600000,-0.635443,-0.600000,-0.600000,0.600000
476,0.600000,-0.600000,-0.600000,1.000000,-0.600000,-1.000000,-0.600000,0.600000,0.600000,0.600000,0.600000,-0.600000,-0.600000,-0.600000,-0.600000,-0.600000,0.600000,-0.600000,-0.600000,-0.600000,0.557380,0.600000,-0.600000,-0.621416,-0.600000,-0.600000,-0.630792,0.600000,-0.600000,0.600000,0.600000,-0.600000,0.600000,-0.600000,-0.600000,-0.600000,0.600000,-0.600000,-0.600000,0.716323,-0.600000,-0.600000,0.559845,-0.600000,-0.600000,-0.600000,-0.600000,0.589158,-0.600000,-0.621416,-0.600000,-0.600000,0.600000,-0.600000,-0.600000,0.600000,-0.600000,-0.600000,-0.600000,-0.600000,0.600000,0.600000,-0.600000,1.000000,-0.600000,0.600000,-0.600000,-0.600000,-0.635443,-0.600000,-0.600000,0.600000
477,0.600000,-0.600000,-0.600000,1.000000,-0.600000,-1.000000,-0.600000,0.600000,0.600000,0.600000,0.600000,-0.600000,-0.600000,-0.600000,-0.600000,-0.600000,0.600000,-0.600000,-0.600000,-0.600000,0.557380,0.600000,-0.600000,-0.621416,-0.600000,-0.600000,-0.630792,0.600000,-0.600000,0.600000,0.600000,-0.600000,0.600000,-0.600000,-0.600000,-0.600000,0.600000,-0.600000,-0.600000,0.716323,-0.600000,-0.600000,0.559845,-0.600000,-0.600000,-0.600000,-0.600000,0.589158,-0.600000,-0.621416,-0.600000,-0.600000,0.600000,-0.600000,-0.600000,0.600000,-0.600000,-0.600000,-0.600000,-0.600000,0.600000,0.600000,-0.600000,1.000000,-0.600000,0.600000,-0.600000,-0.600000,-0.635443,-0.600000,-0.600000,0.600000
478,0.600000,-0.600000,-0.600000,1.000000,-0.600000,-1.000000,-0.600000,0.600000,0.600000,0.600000,0.600000,-0.600000,-0.600000,-0.600000,-0.600000,-0.600000,0.600000,-0.600000,-0.600000,-0.600000,0.557380,0.600000,-0.600000,-0.621416,-0.600000,-0.600000,-0.630792,0.600000,-0.600000,0.600000,0.600000,-0.600000,0.600000,-0.600000,-0.600000,-0.600000,0.600000,-0.600000,-0.600000,0.716323,-0.600000,-0.600000,0.559845,-0.600000,-0.600000,-0.600000,-0.600000,0.589158,-0.600000,-0.621416,-0.600000,-0.600000,0.600000,-0.600000,-0.600000,0.600000,-0.600000,-0.600000,-0.600000,-0.600000,0.600000,0.600000,-0.600000,1.000000,-0.600000,0.600000,-0.600000,-0.600000,-0.635443,-0.600000,-0.600000,0.600000
479,0.600000,-0.600000,-0.600000,1.000000,-0.600000,-1.000000,-0.600000,0.600000,0.600000,0.600000,0.600000,-0.600000,-0.600000,-0.600000,-0.600000,-0.600000,0.600000,-0.600000,-0.600000,-0.600000,0.557380,0.600000,-0.600000,-0.621416,-0.600000,-0.600000,-0.630792,0.600000,-0.600000,0.600000,0.600000,-0.600000,0.600000,-0.600000,-0.600000,-0.600000,0.600000,-0.600000,-0.600000,0.716323,-0.600000,-0.600000,0.559845,-0.600000,-0.600000,-0.600000,-0.600000,0.589158,-0.600000,-0.621416,-0.600000,-0.600000,0.600000,-0.600000,-0.600000,0.600000,-0.600000,-0.600000,-0.600000,-0.600000,0.600000,0.600000,-0.600000,1.000000,-0.600000,0.600000,-0.600000,-0.600000,-0.635443,-0.600000,-0.600000,0.600000
480,0.600000,-0.600000,-0.600000,1.000000,-0.600000,-1.000000,-0.600000,0.600000,0.600000,0.600000,0.600000,-0.600000,-0.600000,-0.600000,-0.600000,-0.600000,0.600000,-0.600000,-0.600000,-0.600000,0.557380,0.600000,-0.600000,-0.621416,-0.600000,-0.600000,-0.630792,0.600000,-0.600000,0.600000,0.600000,-0.600000,0.600000,-0.600000,-0.600000,-0.600000,0.600000,-0.600000,-0.600000,0.716323,-0.600000,-0.600000,0.559845,-0.600000,-0.600000,-0.600000,-0.600000,0.589158,-0.600000,-0.621416,-0.600000,-0.600000,0.600000,-0.600000,-0.600000,0.600000,-0.600000,-0.600000,-0.600000,-0.600000,0.600000,0.600000,-0.600000,1.000000,-0.600000,0.600000,-0.600000,-0.600000,-0.635443,-0.600000,-0.600000,0.600000
481,0.600000,-0.600000,-0.600000,1.000000,-0.600000,-1.000000,-0.600000,0.600000,0.600000,0.600000,0.600000,-0.600000,-0.600000,-0.600000,-0.600000,-0.600000,0.600000,-0.600000,-0.600000,-0.600000,0.557380,0.600000,-0.600000,-0.621416,-0.600000,-0.600000,-0.630792,0.600000,-0.600000,0.600000,0.600000,-0.600000,0.600000,-0.600000,-0.600000,-0.600000,0.600000,-0.600000,-0.600000,0.716323,-0.600000,-0.600000,0.559845,-0.600000,-0.600000,-0.600000,-0.600000,0.589158,-0.600000,-0.621416,-0.600000,-0.600000,0.600000,-0.600000,-0.600000,0.600000,-0.600000,-0.600000,-0.600000,-0.600000,0.600000,0.600000,-0.600000,1.000000,-0.600000,0.600000,-0.600000,-0.600000,-0.635443,-0.600000,-0.600000,0.600000
482,0.600000,-0.600000,-0.600000,1.000000,-0.600000,-1.000000,-0.600000,0.600000,0.600000,0.600000,0.600000,-0.600000,-0.600000,-0.600000,-0.600000,-0.600000,0.600000,-0.600000,-0.600000,-0.600000,0.557380,0.600000,-0.600000,-0.621416,-0.600000,-0.600000,-0.630792,0.600000,-0.600000,0.600000,0.600000,-0.600000,0.600000,-0.600000,-0.600000,-0.600000,0.600000,-0.600000,-0.600000,0.716323,-0.600000,-0.600000,0.559845,-0.600000,-0.600000,-0.600000,-0.600000,0.589158,-0.600000,-0.621416,-0.600000,-0.600000,0.600000,-0.600000,-0.600000,0.600000,-0.600000,-0.600000,-0.600000,-0.600000,0.600000,0.600000,-0.600000,1.000000,-0.600000,0.600000,-0.600000,-0.600000,-0.635443,-0.600000,-0.600000,0.600000
483,0.600000,-0.600000,-0.600000,1.000000,-0.600000,-1.000000,-0.600000,0.600000,0.600000,0.600000,0.600000,-0.600000,-0.600000,-0.600000,-0.600000,-0.600000,0.600000,-0.600000,-0.600000,-0.600000,0.557380,0.600000,-0.600000,-0.621416,-0.600000,-0.600000,-0.630792,0.600000,-0.600000,0.600000,0.600000,-0.600000,0.600000,-0.600000,-0.600000,-0.600000,0.600000,-0.600000,-0.600000,0.716323,-0.600000,-0.600000,0.559845,-0.600000,-0.600000,-0.600000,-0.600000,0.589158,-0.600000,-0.621416,-0.600000,-0.600000,0.600000,-0.600000,-0.600000,0.600000,-0.600000,-0.600000,-0.600000,-0.600000,0.600000,0.600000,-0.600000,1.000000,-0.600000,0.600000,-0.600000,-0.600000,-0.635443,-0.600000,-0.600000,0.600000
484,0.600000,-0.600000,-0.600000,1.000000,-0.600000,-1.000000,-0.600000,0.600000,0.600000,0.600000,0.600000,-0.600000,-0.600000,-0.600000,-0.600000,-0.600000,0.600000,-0.600000,-0.600000,-0.600000,0.557380,0.600000,-0.600000,-0.621416,-0.600000,-0.600000,-0.630792,0.600000,-0.600000,0.600000,0.600000,-0.600000,0.600000,-0.600000,-0.600000,-0.600000,0.600000,-0.600000,-0.600000,0.716323,-0.600000,-0.600000,0.559845,-0.600000,-0.600000,-0.600000,-0.600000,0.589158,-0.600000,-0.621416,-0.600000,-0.600000,0.600000,-0.600000,-0.600000,0.600000,-0.600000,-0.600000,-0.600000,-0.600000,0.600000,0.600000,-0.600000,1.000000,-0.600000,0.600000,-0.600000,-0.600000,-0.635443,-0.600000,-0.600000,0.600000
485,0.600000,-0.600000,-0.600000,1.000000,-0.600000,-1.000000,-0.600000,0.600000,0.600000,0.600000,0.600000,-0.600000,-0.600000,-0.600000,-0.600000,-0.600000,0.600000,-0.600000,-0.600000,-0.600000,0.557380,0.600000,-0.600000,-0.621416,-0.600000,-0.600000,-0.630792,0.600000,-0.600000,0.600000,0.600000,-0.600000,0.600000,-0.600000,-0.600000,-0.600000,0.600000,-0.600000,-0.600000,0.716323,-0.600000,-0.600000,0.559845,-0.600000,-0.600000,-0.600000,-0.600000,0.589158,-0.600000,-0.621416,-0.600000,-0.600000,0.600000,-0.600000,-0.600000,0.600000,-0.600000,-0.600000,-0.600000,-0.600000,0.600000,0.600000,-0.600000,1.000000,-0.600000,0.600000,-0.600000,-0.600000,-0.635443,-0.600000,-0.600000,0.600000
486,0.600000,-0.600000,-0.600000,1.000000,-0.600000,-1.000000,-0.600000,0.600000,0.600000,0.600000,0.600000,-0.600000,-0.600000,-0.600000,-0.600000,-0.600000,0.600000,-0.600000,-0.600000,-0.600000,0.557380,0.600000,-0.600000,-0.621416,-0.600000,-0.600000,-0.630792,0.600000,-0.600000,0.600000,0.600000,-0.600000,0.600000,-0.600000,-0.600000,-0.600000,0.600000,-0.600000,-0.600000,0.716323,-0.600000,-0.600000,0.559845,-0.600000,-0.600000,-0.600000,-0.600000,0.589158,-0.600000,-0.621416,-0.600000,-0.600000,0.600000,-0.600000,-0.600000,0.600000,-0.600000,-0.600000,-0.600000,-0.600000,0.600000,0.600000,-0.600000,1.000000,-0.600000,0.600000,-0.600000,-0.600000,-0.635443,-0.600000,-0.600000,0.600000
487,0.600000,-0.600000,-0.600000,1.000000,-0.600000,-1.000000,-0.600000,0.600000,0.600000,0.600000,0.600000,-0.600000,-0.600000,-0.600000,-0.600000,-0.600000,0.600000,-0.600000,-0.600000,-0.600000,0.557380,0.600000,-0.600000,-0.621416,-0.600000,-0.600000,-0.630792,0.600000,-0.600000,0.600000,0.600000,-0.600000,0.600000,-0.600000,-0.600000,-0.600000,0.600000,-0.600000,-0.600000,0.716323,-0.600000,-0.600000,0.559845,-0.600000,-0.600000,-0.600000,-0.600000,0.589158,-0.600000,-0.621416,-0.600000,-0.600000,0.600000,-0.600000,-0.600000,0.600000,-0.600000,-0.600000,-0.600000,-0.600000,0.600000,0.600000,-0.600000,1.000000,-0.600000,0.600000,-0.600000,-0.600000,-0.635443,-0.600000,-0.600000,0.600000
488,0.600000,-0.600000,-0.600000,1.000000,-0.600000,-1.000000,-0.600000,0.600000,0.600000,0.600000,0.600000,-0.600000,-0.600000,-0.600000,-0.600000,-0.600000,0.600000,-0.600000,-0.600000,-0.600000,0.557380,0.600000,-0.600000,-0.621416,-0.600000,-0.600000,-0.630792,0.600000,-0.600000,0.600000,0.600000,-0.600000,0.600000,-0.600000,-0.600000,-0.600000,0.600000,-0.600000,-0.600000,0.716323,-0.600000,-0.600000,0.559845,-0.600000,-0.600000,-0.600000,-0.600000,0.589158,-0.600000,-0.621416,-0.600000,-0.600000,0.600000,-0.600000,-0.600000,0.600000,-0.600000,-0.600000,-0.600000,-0.600000,0.600000,0.600000,-0.600000,1.000000,-0.600000,0.600000,-0.600000,-0.600000,-0.635443,-0.600000,-0.600000,0.600000
489,0.600000,-0.600000,-0.600000,1.000000,-0.600000,-1.000000,-0.600000,0.600000,0.600000,0.600000,0.600000,-0.600000,-0.600000,-0.600000,-0.600000,-0.600000,0.600000,-0.600000,-0.600000,-0.600000,0.557380,0.600000,-0.600000,-0.621416,-0.600000,-0.600000,-0.630792,0.600000,-0.600000,0.600000,0.600000,-0.600000,0.600000,-0.600000,-0.600000,-0.600000,0.600000,-0.600000,-0.600000,0.716323,-0.600000,-0.600000,0.559845,-0.600000,-0.600000,-0.600000,-0.600000,0.589158,-0.600000,-0.621416,-0.600000,-0.600000,0.600000,-0.600000,-0.600000,0.600000,-0.600000,-0.600000,-0.600000,-0.600000,0.600000,0.600000,-0.600000,1.000000,-0.600000,0.600000,-0.600000,-0.600000,-0.635443,-0.600000,-0.600000,0.600000
490,0.600000,-0.600000,-0.600000,1.000000,-0.600000,-1.000000,-0.600000,0.600000,0.600000,0.600000,0.600000,-0.600000,-0.600000,-0.600000,-0.600000,-0.600000,0.600000,-0.600000,-0.600000,-0.600000,0.557380,0.600000,-0.600000,-0.621416,-0.600000,-0.600000,-0.630792,0.600000,-0.600000,0.600000,0.600000,-0.600000,0.600000,-0.600000,-0.600000,-0.600000,0.600000,-0.600000,-0.600000,0.716323,-0.600000,-0.600000,0.559845,-0.600000,-0.600000,-0.600000,-0.600000,0.589158,-0.600000,-0.621416,-0.600000,-0.600000,0.600000,-0.600000,-0.600000,0.600000,-0.600000,-0.600000,-0.600000,-0.600000,0.600000,0.600000,-0.600000,1.000000,-0.600000,0.600000,-0.600000,-0.600000,-0.635443,-0.600000,-0.600000,0.600000
491,0.600000,-0.600000,-0.600000,1.000000,-0.600000,-1.000000,-0.600000,0.600000,0.600000,0.600000,0.600000,-0.600000,-0.600000,-0.600000,-0.600000,-0.600000,0.600000,-0.600000,-0.600000,-0.600000,0.557380,0.600000,-0.600000,-0.621416,-0.600000,-0.600000,-0.630792,0.600000,-0.600000,0.600000,0.600000,-0.600000,0.600000,-0.600000,-0.600000,-0.600000,0.600000,-0.600000,-0.600000,0.716323,-0.600000,-0.600000,0.559845,-0.600000,-0.600000,-0.600000,-0.600000,0.589158,-0.600000,-0.621416,-0.600000,-0.600000,0.600000,-0.600000,-0.600000,0.600000,-0.600000,-0.600000,-0.600000,-0.600000,0.600000,0.600000,-0.600000,1.000000,-0.600000,0.600000,-0.600000,-0.600000,-0.635443,-0.600000,-0.600000,0.600000
492,0.600000,-0.600000,-0.600000,1.000000,-0.600000,-1.000000,-0.600000,0.600000,0.600000,0.600000,0.600000,-0.600000,-0.600000,-0.600000,-0.600000,-0.600000,0.600000,-0.600000,-0.600000,-0.600000,0.557380,0.600000,-0.600000,-0.621416,-0.600000,-0.600000,-0.630792,0.600000,-0.600000,0.600000,0.600000,-0.600000,0.600000,-0.600000,-0.600000,-0.600000,0.600000,-0.600000,-0.600000,0.716323,-0.600000,-0.600000,0.559845,-0.600000,-0.600000,-0.600000,-0.600000,0.589158,-0.600000,-0.621416,-0.600000,-0.600000,0.600000,-0.600000,-0.600000,0.600000,-0.600000,-0.600000,-0.600000,-0.600000,0.600000,0.600000,-0.600000,1.000000,-0.600000,0.600000,-0.600000,-0.600000,-0.635443,-0.600000,-0.600000,0.600000
493,0.600000,-0.600000,-0.600000,1.000000,-0.600000,-1.000000,-0.600000,0.600000,0.600000,0.600000,0.600000,-0.600000,-0.600000,-0.600000,-0.600000,-0.600000,0.600000,-0.600000,-0.600000,-0.600000,0.557380,0.600000,-0.600000,-0.621416,-0.600000,-0.600000,-0.630792,0.600000,-0.600000,0.600000,0.600000,-0.600000,0.600000,-0.600000,-0.600000,-0.600000,0.600000,-0.600000,-0.600000,0.716323,-0.600000,-0.600000,0.559845,-0.600000,-0.600000,-0.600000,-0.600000,0.589158,-0.600000,-0.621416,-0.600000,-0.600000,0.600000,-0.600000,-0.600000,0.600000,-0.600000,-0.600000,-0.600000,-0.600000,0.600000,0.600000,-0.600000,1.000000,-0.600000,0.600000,-0.600000,-0.600000,-0.635443,-0.600000,-0.600000,0.600000
494,0.600000,-0.600000,-0.600000,1.000000,-0.600000,-1.000000,-0.600000,0.600000,0.600000,0.600000,0.600000,-0.600000,-0.600000,-0.600000,-0.600000,-0.600000,0.600000,-0.600000,-0.600000,-0.600000,0.557380,0.600000,-0.600000,-0.621416,-0.600000,-0.600000,-0.630792,0.600000,-0.600000,0.600000,0.600000,-0.600000,0.600000,-0.600000,-0.600000,-0.600000,0.600000,-0.600000,-0.600000,0.716323,-0.600000,-0.600000,0.559845,-0.600000,-0.600000,-0.600000,-0.600000,0.589158,-0.600000,-0.621416,-0.600000,-0.600000,0.600000,-0.600000,-0.600000,0.600000,-0.600000,-0.600000,-0.600000,-0.600000,0.600000,0.600000,-0.600000,1.000000,-0.600000,0.600000,-0.600000,-0.600000,-0.635443,-0.600000,-0.600000,0.600000
495,0.600000,-0.600000,-0.600000,1.000000,-0.600000,-1.000000,-0.600000,0.600000,0.600000,0.600000,0.600000,-0.600000,-0.600000,-0.600000,-0.600000,-0.600000,0.600000,-0.600000,-0.600000,-0.600000,0.557380,0.600000,-0.600000,-0.621416,-0.600000,-0.600000,-0.630792,0.600000,-0.600000,0.600000,0.600000,-0.600000,0.600000,-0.600000,-0.600000,-0.600000,0.600000,-0.600000,-0.600000,0.716323,-0.600000,-0.600000,0.559845,-0.600000,-0.600000,-0.600000,-0.600000,0.589158,-0.600000,-0.621416,-0.600000,-0.600000,0.600000,-0.600000,-0.600000,0.600000,-0.600000,-0.600000,-0.600000,-0.600000,0.600000,0.600000,-0.600000,1.000000,-0.600000,0.600000,-0.600000,-0.600000,-0.635443,-0.600000,-0.600000,0.600000
496,0.600000,-0.600000,-0.600000,1.000000,-0.600000,-1.000000,-0.600000,0.600000,0.600000,0.600000,0.600000,-0.600000,-0.600000,-0.600000,-0.600000,-0.600000,0.600000,-0.600000,-0.600000,-0.600000,0.557380,0.600000,-0.600000,-0.621416,-0.600000,-0.600000,-0.630792,0.600000,-0.600000,0.600000,0.600000,-0.600000,0.600000,-0.600000,-0.600000,-0.600000,0.600000,-0.600000,-0.600000,0.716323,-0.600000,-0.600000,0.559845,-0.600000,-0.600000,-0.600000,-0.600000,0.589158,-0.600000,-0.621416,-0.600000,-0.600000,0.600000,-0.600000,-0.600000,0.600000,-0.600000,-0.600000,-0.600000,-0.600000,0.600000,0.600000,-0.600000,1.000000,-0.600000,0.600000,-0.600000,-0.600000,-0.635443,-0.600000,-0.600000,0.600000
497,0.600000,-0.600000,-0.600000,1.000000,-0.600000,-1.000000,-0.600000,0.600000,0.600000,0.600000,0.600000,-0.600000,-0.600000,-0.600000,-0.600000,-0.600000,0.600000,-0.600000,-0.600000,-0.600000,0.557380,0.600000,-0.600000,-0.621416,-0.600000,-0.600000,-0.630792,0.600000,-0.600000,0.600000,0.600000,-0.600000,0.600000,-0.600000,-0.600000,-0.600000,0.600000,-0.600000,-0.600000,0.716323,-0.600000,-0.600000,0.559845,-0.600000,-0.600000,-0.600000,-0.600000,0.589158,-0.600000,-0.621416,-0.600000,-0.600000,0.600000,-0.600000,-0.600000,0.600000,-0.600000,-0.600000,-0.600000,-0.600000,0.600000,0.600000,-0.600000,1.000000,-0.600000,0.600000,-0.600000,-0.600000,-0.635443,-0.600000,-0.600000,0.600000
498,0.600000,-0.600000,-0.600000,1.000000,-0.600000,-1.000000,-0.600000,0.600000,0.600000,0.600000,0.600000,-0.600000,-0.600000,-0.600000,-0.600000,-0.600000,0.600000,-0.600000,-0.600000,-0.600000,0.557380,0.600000,-0.600000,-0.621416,-0.600000,-0.600000,-0.630792,0.600000,-0.600000,0.600000,0.600000,-0.600000,0.600000,-0.600000,-0.600000,-0.600000,0.600000,-0.600000,-0.600000,0.716323,-0.600000,-0.600000,0.559845,-0.600000,-0.600000,-0.600000,-0.600000,0.589158,-0.600000,-0.621416,-0.600000,-0.600000,0.600000,-0.600000,-0.600000,0.600000,-0.600000,-0.600000,-0.600000,-0.600000,0.600000,0.600000,-0.600000,1.000000,-0.600000,0.600000,-0.600000,-0.600000,-0.635443,-0.600000,-0.600000,0.600000
499,0.600000,-0.600000,-0.600000,1.000000,-0.600000,-1.000000,-0.600000,0.600000,0.600000,0.600000,0.600000,-0.600000,-0.600000,-0.600000,-0.600000,-0.600000,0.600000,-0.600000,-0.600000,-0.600000,0.557380,0.600000,-0.600000,-0.621416,-0.600000,-0.600000,-0.630792,0.600000,-0.600000,0.600000,0.600000,-0.600000,0.600000,-0.600000,-0.600000,-0.600000,0.600000,-0.600000,-0.600000,0.716323,-0.600000,-0.600000,0.559845,-0.600000,-0.600000,-0.600000,-0.600000,0.589158,-0.600000,-0.621416,-0.600000,-0.600000,0.600000,-0.600000,-0.600000,0.600000,-0.600000,-0.600000,-0.600000,-0.600000,0.600000,0.600000,-0.600000,1.000000,-0.600000,0.600000,-0.600000,-0.600000,-0.635443,-0.600000,-0.600000,0.600000
500,0.600000,-0.600000,-0.600000,1.000000,-0.600000,-1.000000,-0.600000,0.600000,0.600000,0.600000,0.600000,-0.600000,-0.600000,-0.600000,-0.600000,-0.600000,0.600000,-0.600000,-0.600000,-0.600000,0.557380,0.600000,-0.600000,-0.621416,-0.600000,-0.600000,-0.630792,0.600000,-0.600000,0.600000,0.600000,-0.600000,0.600000,-0.600000,-0.600000,-0.600000,0.600000,-0.600000,-0.600000,0.716323,-0.600000,-0.600000,0.559845,-0.600000,-0.600000,-0.600000,-0.600000,0.589158,-0.600000,-0.621416,-0.600000,-0.600000,0.600000,-0.600000,-0.600000,0.600000,-0.600000,-0.600000,-0.600000,-0.600000,0.600000,0.600000,-0.600000,1.000000,-0.600000,0.600000,-0.600000,-0.600000,-0.635443,-0.600000,-0.600000,0.600000
501,0.600000,-0.600000,-0.600000,1.000000,-0.600000,-1.000000,-0.600000,0.600000,0.600000,0.600000,0.600000,-0.600000,-0.600000,-0.600000,-0.600000,-0.600000,0.600000,-0.600000,-0.600000,-0.600000,0.557380,0.600000,-0.600000,-0.621416,-0.600000,-0.600000,-0.630792,0.600000,-0.600000,0.600000,0.600000,-0.600000,0.600000,-0.600000,-0.600000,-0.600000,0.600000,-0.600000,-0.600000,0.716323,-0.600000,-0.600000,0.559845,-0.600000,-0.600000,-0.600000,-0.600000,0.589158,-0.600000,-0.621416,-0.600000,-0.600000,0.600000,-0.600000,-0.600000,0.600000,-0.600000,-0.600000,-0.600000,-0.600000,0.600000,0.600000,-0.600000,1.000000,-0.600000,0.600000,-0.600000,-0.600000,-0.635443,-0.600000,-0.600000,0.600000
502,0.600000,-0.600000,-0.600000,1.000000,-0.600000,-1.000000,-0.600000,0.600000,0.600000,0.600000,0.600000,-0.600000,-0.600000,-0.600000,-0.600000,-0.600000,0.600000,-0.600000,-0.600000,-0.600000,0.557380,0.600000,-0.600000,-0.621416,-0.600000,-0.600000,-0.630792,0.600000,-0.600000,0.600000,0.600000,-0.600000,0.600000,-0.600000,-0.600000,-0.600000,0.600000,-0.600000,-0.600000,0.716323,-0.600000,-0.600000,0.559845,-0.600000,-0.600000,-0.600000,-0.600000,0.589158,-0.600000,-0.621416,-0.600000,-0.600000,0.600000,-0.600000,-0.600000,0.600000,-0.600000,-0.600000,-0.600000,-0.600000,0.600000,0.600000,-0.600000,1.000000,-0.600000,0.600000,-0.600000,-0.600000,-0.635443,-0.600000,-0.600000,0.600000
503,0.600000,-0.600000,-0.600000,1.000000,-0.600000,-1.000000,-0.600000,0.600000,0.600000,0.600000,0.600000,-0.600000,-0.600000,-0.600000,-0.600000,-0.600000,0.600000,-0.600000,-0.600000,-0.600000,0.557380,0.600000,-0.600000,-0.621416,-0.600000,-0.600000,-0.630792,0.600000,-0.600000,0.600000,0.600000,-0.600000,0.600000,-0.600000,-0.600000,-0.600000,0.600000,-0.600000,-0.600000,0.716323,-0.600000,-0.600000,0.559845,-0.600000,-0.600000,-0.600000,-0.600000,0.589158,-0.600000,-0.621416,-0.600000,-0.600000,0.600000,-0.600000,-0.600000,0.600000,-0.600000,-0.600000,-0.600000,-0.600000,0.600000,0.600000,-0.600000,1.000000,-0.600000,0.600000,-0.600000,-0.600000,-0.635443,-0.600000,-0.600000,0.600000
504,0.600000,-0.600000,-0.600000,1.000000,-0.600000,-1.000000,-0.600000,0.600000,0.600000,0.600000,0.600000,-0.600000,-0.600000,-0.600000,-0.600000,-0.600000,0.600000,-0.600000,-0.600000,-0.600000,0.557380,0.600000,-0.600000,-0.621416,-0.600000,-0.600000,-0.630792,0.600000,-0.600000,0.600000,0.600000,-0.600000,0.600000,-0.600000,-0.600000,-0.600000,0.600000,-0.600000,-0.600000,0.716323,-0.600000,-0.600000,0.559845,-0.600000,-0.600000,-0.600000,-0.600000,0.589158,-0.600000,-0.621416,-0.600000,-0.600000,0.600000,-0.600000,-0.600000,0.600000,-0.600000,-0.600000,-0.600000,-0.600000,0.600000,0.600000,-0.600000,1.000000,-0.600000,0.600000,-0.600000,-0.600000,-0.635443,-0.600000,-0.600000,0.600000
505,0.600000,-0.600000,-0.600000,1.000000,-0.600000,-1.000000,-0.600000,0.600000,0.600000,0.600000,0.600000,-0.600000,-0.600000,-0.600000,-0.600000,-0.600000,0.600000,-0.600000,-0.600000,-0.600000,0.557380,0.600000,-0.600000,-0.621416,-0.600000,-0.600000,-0.630792,0.600000,-0.600000,0.600000,0.600000,-0.600000,0.600000,-0.600000,-0.600000,-0.600000,0.600000,-0.600000,-0.600000,0.716323,-0.600000,-0.600000,0.559845,-0.600000,-0.600000,-0.600000,-0.600000,0.589158,-0.600000,-0.621416,-0.600000,-0.600000,0.600000,-0.600000,-0.600000,0.600000,-0.600000,-0.600000,-0.600000,-0.600000,0.600000,0.600000,-0.600000,1.000000,-0.600000,0.600000,-0.600000,-0.600000,-0.635443,-0.600000,-0.600000,0.600000
506,0.600000,-0.600000,-0.600000,1.000000,-0.600000,-1.000000,-0.600000,0.600000,0.600000,0.600000,0.600000,-0.600000,-0.600000,-0.600000,-0.600000,-0.600000,0.600000,-0.600000,-0.600000,-0.600000,0.557380,0.600000,-0.600000,-0.621416,-0.600000,-0.600000,-0.630792,0.600000,-0.600000,0.600000,0.600000,-0.600000,0.600000,-0.600000,-0.600000,-0.600000,0.600000,-0.600000,-0.600000,0.716323,-0.600000,-0.600000,0.559845,-0.600000,-0.600000,-0.600000,-0.600000,0.589158,-0.600000,-0.621416,-0.600000,-0.600000,0.600000,-0.600000,-0.600000,0.600000,-0.600000,-0.600000,-0.600000,-0.600000,0.600000,0.600000,-0.600000,1.000000,-0.600000,0.600000,-0.600000,-0.600000,-0.635443,-0.600000,-0.600000,0.600000
507,0.600000,-0.600000,-0.600000,1.000000,-0.600000,-1.000000,-0.600000,0.600000,0.600000,0.600000,0.600000,-0.600000,-0.600000,-0.600000,-0.600000,-0.600000,0.600000,-0.600000,-0.600000,-0.600000,0.557380,0.600000,-0.600000,-0.621416,-0.600000,-0.600000,-0.630792,0.600000,-0.600000,0.600000,0.600000,-0.600000,0.600000,-0.600000,-0.600000,-0.600000,0.600000,-0.600000,-0.600000,0.716323,-0.600000,-0.600000,0.559845,-0.600000,-0.600000,-0.600000,-0.600000,0.589158,-0.600000,-0.621416,-0.600000,-0.600000,0.600000,-0.600000,-0.600000,0.600000,-0.600000,-0.600000,-0.600000,-0.600000,0.600000,0.600000,-0.600000,1.000000,-0.600000,0.600000,-0.600000,-0.600000,-0.635443,-0.600000,-0.600000,0.600000
508,0.600000,-0.600000,-0.600000,1.000000,-0.600000,-1.000000,-0.600000,0.600000,0.600000,0.600000,0.600000,-0.600000,-0.600000,-0.600000,-0.600000,-0.600000,0.600000,-0.600000,-0.600000,-0.600000,0.557380,0.600000,-0.600000,-0.621416,-0.600000,-0.600000,-0.630792,0.600000,-0.600000,0.600000,0.600000,-0.600000,0.600000,-0.600000,-0.600000,-0.600000,0.600000,-0.600000,-0.600000,0.716323,-0.600000,-0.600000,0.559845,-0.600000,-0.600000,-0.600000,-0.600000,0.589158,-0.600000,-0.621416,-0.600000,-0.600000,0.600000,-0.600000,-0.600000,0.600000,-0.600000,-0.600000,-0.600000,-0.600000,0.600000,0.600000,-0.600000,1.000000,-0.600000,0.600000,-0.600000,-0.600000,-0.635443,-0.600000,-0.600000,0.600000
509,0.600000,-0.600000,-0.600000,1.000000,-0.600000,-1.000000,-0.600000,0.600000,0.600000,0.600000,0.600000,-0.600000,-0.600000,-0.600000,-0.600000,-0.600000,0.600000,-0.600000,-0.600000,-0.600000,0.557380,0.600000,-0.600000,-0.621416,-0.600000,-0.600000,-0.630792,0.600000,-0.600000,0.600000,0.600000,-0.600000,0.600000,-0.600000,-0.600000,-0.600000,0.600000,-0.600000,-0.600000,0.716323,-0.600000,-0.600000,0.559845,-0.600000,-0.600000,-0.600000,-0.600000,0.589158,-0.600000,-0.621416,-0.600000,-0.600000,0.600000,-0.600000,-0.600000,0.600000,-0.600000,-0.600000,-0.600000,-0.600000,0.600000,0.600000,-0.600000,1.000000,-0.600000,0.600000,-0.600000,-0.600000,-0.635443,-0.600000,-0.600000,0.600000
510,0.600000,-0.600000,-0.600000,1.000000,-0.600000,-1.000000,-0.600000,0.600000,0.600000,0.600000,0.600000,-0.600000,-0.600000,-0.600000,-0.600000,-0.600000,0.600000,-0.600000,-0.600000,-0.600000,0.557380,0.600000,-0.600000,-0.621416,-0.600000,-0.600000,-0.630792,0.600000,-0.600000,0.600000,0.600000,-0.600000,0.600000,-0.600000,-0.600000,-0.600000,0.600000,-0.600000,-0.600000,0.716323,-0.600000,-0.600000,0.559845,-0.600000,-0.600000,-0.600000,-0.600000,0.589158,-0.600000,-0.621416,-0.600000,-0.600000,0.600000,-0.600000,-0.600000,0.600000,-0.600000,-0.600000,-0.600000,-0.600000,0.600000,0.600000,-0.600000,1.000000,-0.600000,0.600000,-0.600000,-0.600000,-0.635443,-0.600000,-0.600000,0.600000
511,0.600000,-0.600000,-0.600000,1.000000,-0.600000,-1.000000,-0.600000,0.600000,0.600000,0.600000,0.600000,-0.600000,-0.600000,-0.600000,-0.600000,-0.600000,0.600000,-0.600000,-0.600000,-0.600000,0.557380,0.600000,-0.600000,-0.621416,-0.600000,-0.600000,-0.630792,0.600000,-0.600000,0.600000,0.600000,-0.600000,0.600000,-0.600000,-0.600000,-0.600000,0.600000,-0.600000,-0.600000,0.716323,-0.600000,-0.600000,0.559845,-0.600000,-0.600000,-0.600000,-0.600000,0.589158,-0.600000,-0.621416,-0.600000,-0.600000,0.600000,-0.600000,-0.600000,0.600000,-0.600000,-0.600000,-0.600000,-0.600000,0.600000,0.600000,-0.600000,1.000000,-0.600000,0.600000,-0.600000,-0.600000,-0.635443,-0.600000,-0.600000,0.600000
512,0.600000,-0.600000,-0.600000,1.000000,-0.600000,-1.000000,-0.600000,0.600000,0.600000,0.600000,0.600000,-0.600000,-0.600000,-0.600000,-0.600000,-0.600000,0.600000,-0.600000,-0.600000,-0.600000,0.557380,0.600000,-0.600000,-0.621416,-0.600000,-0.600000,-0.630792,0.600000,-0.600000,0.600000,0.600000,-0.600000,0.600000,-0.600000,-0.600000,-0.600000,0.600000,-0.600000,-0.600000,0.716323,-0.600000,-0.600000,0.559845,-0.600000,-0.600000,-0.600000,-0.600000,0.589158,-0.600000,-0.621416,-0.600000,-0.600000,0.600000,-0.600000,-0.600000,0.600000,-0.600000,-0.600000,-0.600000,-0.600000,0.600000,0.600000,-0.600000,1.000000,-0.600000,0.600000,-0.600000,-0.600000,-0.635443,-0.600000,-0.600000,0.600000
513,0.600000,-0.600000,-0.600000,1.000000,-0.600000,-1.000000,-0.600000,0.600000,0.600000,0.600000,0.600000,-0.600000,-0.600000,-0.600000,-0.600000,-0.600000,0.600000,-0.600000,-0.600000,-0.600000,0.557380,0.600000,-0.600000,-0.621416,-0.600000,-0.600000,-0.630792,0.600000,-0.600000,0.600000,0.600000,-0.600000,0.600000,-0.600000,-0.600000,-0.600000,0.600000,-0.600000,-0.600000,0.716323,-0.600000,-0.600000,0.559845,-0.600000,-0.600000,-0.600000,-0.600000,0.589158,-0.600000,-0.621416,-0.600000,-0.600000,0.600000,-0.600000,-0.600000,0.600000,-0.600000,-0.600000,-0.600000,-0.600000,0.600000,0.600000,-0.600000,1.000000,-0.600000,0.600000,-0.600000,-0.600000,-0.635443,-0.600000,-0.600000,0.600000
514,0.600000,-0.600000,-0.600000,1.000000,-0.600000,-1.000000,-0.600000,0.600000,0.600000,0.600000,0.600000,-0.600000,-0.600000,-0.600000,-0.600000,-0.600000,0.600000,-0.600000,-0.600000,-0.600000,0.557380,0.600000,-0.600000,-0.621416,-0.600000,-0.600000,-0.630792,0.600000,-0.600000,0.600000,0.600000,-0.600000,0.600000,-0.600000,-0.600000,-0.600000,0.600000,-0.600000,-0.600000,0.716323,-0.600000,-0.600000,0.559845,-0.600000,-0.600000,-0.600000,-0.600000,0.589158,-0.600000,-0.621416,-0.600000,-0.600000,0.600000,-0.600000,-0.600000,0.600000,-0.600000,-0.600000,-0.600000,-0.600000,0.600000,0.600000,-0.600000,1.000000,-0.600000,0.600000,-0.600000,-0.600000,-0.635443,-0.600000,-0.600000,0.600000
515,0.600000,-0.600000,-0.600000,1.000000,-0.600000,-1.000000,-0.600000,0.600000,0.600000,0.600000,0.600000,-0.600000,-0.600000,-0.600000,-0.600000,-0.600000,0.600000,-0.600000,-0.600000,-0.600000,0.557380,0.600000,-0.600000,-0.621416,-0.600000,-0.600000,-0.630792,0.600000,-0.600000,0.600000,0.600000,-0.600000,0.600000,-0.600000,-0.600000,-0.600000,0.600000,-0.600000,-0.600000,0.716323,-0.600000,-0.600000,0.559845,-0.600000,-0.600000,-0.600000,-0.600000,0.589158,-0.600000,-0.621416,-0.600000,-0.600000,0.600000,-0.600000,-0.600000,0.600000,-0.600000,-0.600000,-0.600000,-0.600000,0.600000,0.600000,-0.600000,1.000000,-0.600000,0.600000,-0.600000,-0.600000,-0.635443,-0.600000,-0.600000,0.600000
516,0.600000,-0.600000,-0.600000,1.000000,-0.600000,-1.000000,-0.600000,0.600000,0.600000,0.600000,0.600000,-0.600000,-0.600000,-0.600000,-0.600000,-0.600000,0.600000,-0.600000,-0.600000,-0.600000,0.557380,0.600000,-0.600000,-0.621416,-0.600000,-0.600000,-0.630792,0.600000,-0.600000,0.600000,0.600000,-0.600000,0.600000,-0.600000,-0.600000,-0.600000,0.600000,-0.600000,-0.600000,0.716323,-0.600000,-0.600000,0.559845,-0.600000,-0.600000,-0.600000,-0.600000,0.589158,-0.600000,-0.621416,-0.600000,-0.600000,0.600000,-0.600000,-0.600000,0.600000,-0.600000,-0.600000,-0.600000,-0.600000,0.600000,0.600000,-0.600000,1.000000,-0.600000,0.600000,-0.600000,-0.600000,-0.635443,-0.600000,-0.600000,0.600000
517,0.600000,-0.600000,-0.600000,1.000000,-0.600000,-1.000000,-0.600000,0.600000,0.600000,0.600000,0.600000,-0.600000,-0.600000,-0.600000,-0.600000,-0.600000,0.600000,-0.600000,-0.600000,-0.600000,0.557380,0.600000,-0.600000,-0.621416,-0.600000,-0.600000,-0.630792,0.600000,-0.600000,0.600000,0.600000,-0.600000,0.600000,-0.600000,-0.600000,-0.600000,0.600000,-0.600000,-0.600000,0.716323,-0.600000,-0.600000,0.559845,-0.600000,-0.600000,-0.600000,-0.600000,0.589158,-0.600000,-0.621416,-0.600000,-0.600000,0.600000,-0.600000,-0.600000,0.600000,-0.600000,-0.600000,-0.600000,-0.600000,0.600000,0.600000,-0.600000,1.000000,-0.600000,0.600000,-0.600000,-0.600000,-0.635443,-0.600000,-0.600000,0.600000
518,0.600000,-0.600000,-0.600000,1.000000,-0.600000,-1.000000,-0.600000,0.600000,0.600000,0.600000,0.600000,-0.600000,-0.600000,-0.600000,-0.600000,-0.600000,0.600000,-0.600000,-0.600000,-0.600000,0.557380,0.600000,-0.600000,-0.621416,-0.600000,-0.600000,-0.630792,0.600000,-0.600000,0.600000,0.600000,-0.600000,0.600000,-0.600000,-0.600000,-0.600000,0.600000,-0.600000,-0.600000,0.716323,-0.600000,-0.600000,0.559845,-0.600000,-0.600000,-0.600000,-0.600000,0.589158,-0.600000,-0.621416,-0.600000,-0.600000,0.600000,-0.600000,-0.600000,0.600000,-0.600000,-0.600000,-0.600000,-0.600000,0.600000,0.600000,-0.600000,1.000000,-0.600000,0.600000,-0.600000,-0.600000,-0.635443,-0.600000,-0.600000,0.600000
519,0.600000,-0.600000,-0.600000,1.000000,-0.600000,-1.000000,-0.600000,0.600000,0.600000,0.600000,0.600000,-0.600000,-0.600000,-0.600000,-0.600000,-0.600000,0.600000,-0.600000,-0.600000,-0.600000,0.557380,0.600000,-0.600000,-0.621416,-0.600000,-0.600000,-0.630792,0.600000,-0.600000,0.600000,0.600000,-0.600000,0.600000,-0.600000,-0.600000,-0.600000,0.600000,-0.600000,-0.600000,0.716323,-0.600000,-0.600000,0.559845,-0.600000,-0.600000,-0.600000,-0.600000,0.589158,-0.600000,-0.621416,-0.600000,-0.600000,0.600000,-0.600000,-0.600000,0.600000,-0.600000,-0.600000,-0.600000,-0.600000,0.600000,0.600000,-0.600000,1.000000,-0.600000,0.600000,-0.600000,-0.600000,-0.635443,-0.600000,-0.600000,0.600000
520,0.600000,-0.600000,-0.600000,1.000000,-0.600000,-1.000000,-0.600000,0.600000,0.600000,0.600000,0.600000,-0.600000,-0.600000,-0.600000,-0.600000,-0.600000,0.600000,-0.600000,-0.600000,-0.600000,0.557380,0.600000,-0.600000,-0.621416,-0.600000,-0.600000,-0.630792,0.600000,-0.600000,0.600000,0.600000,-0.600000,0.600000,-0.600000,-0.600000,-0.600000,0.600000,-0.600000,-0.600000,0.716323,-0.600000,-0.600000,0.559845,-0.600000,-0.600000,-0.600000,-0.600000,0.589158,-0.600000,-0.621416,-0.600000,-0.600000,0.600000,-0.600000,-0.600000,0.600000,-0.600000,-0.600000,-0.600000,-0.600000,0.600000,0.600000,-0.600000,1.000000,-0.600000,0.600000,-0.600000,-0.600000,-0.635443,-0.600000,-0.600000,0.600000
521,0.600000,-0.600000,-0.600000,1.000000,-0.600000,-1.000000,-0.600000,0.600000,0.600000,0.600000,0.600000,-0.600000,-0.600000,-0.600000,-0.600000,-0.600000,0.600000,-0.600000,-0.600000,-0.600000,0.557380,0.600000,-0.600000,-0.621416,-0.600000,-0.600000,-0.630792,0.600000,-0.600000,0.600000,0.600000,-0.600000,0.600000,-0.600000,-0.600000,-0.600000,0.600000,-0.600000,-0.600000,0.716323,-0.600000,-0.600000,0.559845,-0.600000,-0.600000,-0.600000,-0.600000,0.589158,-0.600000,-0.621416,-0.600000,-0.600000,0.600000,-0.600000,-0.600000,0.600000,-0.600000,-0.600000,-0.600000,-0.600000,0.600000,0.600000,-0.600000,1.000000,-0.600000,0.600000,-0.600000,-0.600000,-0.635443,-0.600000,-0.600000,0.600000
522,0.600000,-0.600000,-0.600000,1.000000,-0.600000,-1.000000,-0.600000,0.600000,0.600000,0.600000,0.600000,-0.600000,-0.600000,-0.600000,-0.600000,-0.600000,0.600000,-0.600000,-0.600000,-0.600000,0.557380,0.600000,-0.600000,-0.621416,-0.600000,-0.600000,-0.630792,0.600000,-0.600000,0.600000,0.600000,-0.600000,0.600000,-0.600000,-0.600000,-0.600000,0.600000,-0.600000,-0.600000,0.716323,-0.600000,-0.600000,0.559845,-0.600000,-0.600000,-0.600000,-0.600000,0.589158,-0.600000,-0.621416,-0.600000,-0.600000,0.600000,-0.600000,-0.600000,0.600000,-0.600000,-0.600000,-0.600000,-0.600000,0.600000,0.600000,-0.600000,1.000000,-0.600000,0.600000,-0.600000,-0.600000,-0.635443,-0.600000,-0.600000,0.600000
523,0.600000,-0.600000,-0.600000,1.000000,-0.600000,-1.000000,-0.600000,0.600000,0.600000,0.600000,0.600000,-0.600000,-0.600000,-0.600000,-0.600000,-0.600000,0.600000,-0.600000,-0.600000,-0.600000,0.557380,0.600000,-0.600000,-0.621416,-0.600000,-0.600000,-0.630792,0.600000,-0.600000,0.600000,0.600000,-0.600000,0.600000,-0.600000,-0.600000,-0.600000,0.600000,-0.600000,-0.600000,0.716323,-0.600000,-0.600000,0.559845,-0.600000,-0.600000,-0.600000,-0.600000,0.589158,-0.600000,-0.621416,-0.600000,-0.600000,0.600000,-0.600000,-0.600000,0.600000,-0.600000,-0.600000,-0.600000,-0.600000,0.600000,0.600000,-0.600000,1.000000,-0.600000,0.600000,-0.600000,-0.600000,-0.635443,-0.600000,-0.600000,0.600000
524,0.600000,-0.600000,-0.600000,1.000000,-0.600000,-1.000000,-0.600000,0.600000,0.600000,0.600000,0.600000,-0.600000,-0.600000,-0.600000,-0.600000,-0.600000,0.600000,-0.600000,-0.600000,-0.600000,0.557380,0.600000,-0.600000,-0.621416,-0.600000,-0.600000,-0.630792,0.600000,-0.600000,0.600000,0.600000,-0.600000,0.600000,-0.600000,-0.600000,-0.600000,0.600000,-0.600000,-0.600000,0.716323,-0.600000,-0.600000,0.559845,-0.600000,-0.600000,-0.600000,-0.600000,0.589158,-0.600000,-0.621416,-0.600000,-0.600000,0.600000,-0.600000,-0.600000,0.600000,-0.600000,-0.600000,-0.600000,-0.600000,0.600000,0.600000,-0.600000,1.000000,-0.600000,0.600000,-0.600000,-0.600000,-0.635443,-0.600000,-0.600000,0.600000
525,0.600000,-0.600000,-0.600000,1.000000,-0.600000,-1.000000,-0.600000,0.600000,0.600000,0.600000,0.600000,-0.600000,-0.600000,-0.600000,-0.600000,-0.600000,0.600000,-0.600000,-0.600000,-0.600000,0.557380,0.600000,-0.600000,-0.621416,-0.600000,-0.600000,-0.630792,0.600000,-0.600000,0.600000,0.600000,-0.600000,0.600000,-0.600000,-0.600000,-0.600000,0.600000,-0.600000,-0.600000,0.716323,-0.600000,-0.600000,0.559845,-0.600000,-0.600000,-0.600000,-0.600000,0.589158,-0.600000,-0.621416,-0.600000,-0.600000,0.600000,-0.600000,-0.600000,0.600000,-0.600000,-0.600000,-0.600000,-0.600000,0.600000,0.600000,-0.600000,1.000000,-0.600000,0.600000,-0.600000,-0.600000,-0.635443,-0.600000,-0.600000,0.600000
526,0.600000,-0.600000,-0.600000,1.000000,-0.600000,-1.000000,-0.600000,0.600000,0.600000,0.600000,0.600000,-0.600000,-0.600000,-0.600000,-0.600000,-0.600000,0.600000,-0.600000,-0.600000,-0.600000,0.557380,0.600000,-0.600000,-0.621416,-0.600000,-0.600000,-0.630792,0.600000,-0.600000,0.600000,0.600000,-0.600000,0.600000,-0.600000,-0.600000,-0.600000,0.600000,-0.600000,-0.600000,0.716323,-0.600000,-0.600000,0.559845,-0.600000,-0.600000,-0.600000,-0.600000,0.589158,-0.600000,-0.621416,-0.600000,-0.600000,0.600000,-0.600000,-0.600000,0.600000,-0.600000,-0.600000,-0.600000,-0.600000,0.600000,0.600000,-0.600000,1.000000,-0.600000,0.600000,-0.600000,-0.600000,-0.635443,-0.600000,-0.600000,0.600000
527,0.600000,-0.600000,-0.600000,1.000000,-0.600000,-1.000000,-0.600000,0.600000,0.600000,0.600000,0.600000,-0.600000,-0.600000,-0.600000,-0.600000,-0.600000,0.600000,-0.600000,-0.600000,-0.600000,0.557380,0.600000,-0.600000,-0.621416,-0.600000,-0.600000,-0.630792,0.600000,-0.600000,0.600000,0.600000,-0.600000,0.600000,-0.600000,-0.600000,-0.600000,0.600000,-0.600000,-0.600000,0.716323,-0.600000,-0.600000,0.559845,-0.600000,-0.600000,-0.600000,-0.600000,0.589158,-0.600000,-0.621416,-0.600000,-0.600000,0.600000,-0.600000,-0.600000,0.600000,-0.600000,-0.600000,-0.600000,-0.600000,0.600000,0.600000,-0.600000,1.000000,-0.600000,0.600000,-0.600000,-0.600000,-0.635443,-0.600000,-0.600000,0.600000
528,0.600000,-0.600000,-0.600000,1.000000,-0.600000,-1.000000,-0.600000,0.600000,0.600000,0.600000,0.600000,-0.600000,-0.600000,-0.600000,-0.600000,-0.600000,0.600000,-0.600000,-0.600000,-0.600000,0.557380,0.600000,-0.600000,-0.621416,-0.600000,-0.600000,-0.630792,0.600000,-0.600000,0.600000,0.600000,-0.600000,0.600000,-0.600000,-0.600000,-0.600000,0.600000,-0.600000,-0.600000,0.716323,-0.600000,-0.600000,0.559845,-0.600000,-0.600000,-0.600000,-0.600000,0.589158,-0.600000,-0.621416,-0.600000,-0.600000,0.600000,-0.600000,-0.600000,0.600000,-0.600000,-0.600000,-0.600000,-0.600000,0.600000,0.600000,-0.600000,1.000000,-0.600000,0.600000,-0.600000,-0.600000,-0.635443,-0.600000,-0.600000,0.600000
529,0.600000,-0.600000,-0.600000,1.000000,-0.600000,-1.000000,-0.600000,0.600000,0.600000,0.600000,0.600000,-0.600000,-0.600000,-0.600000,-0.600000,-0.600000,0.600000,-0.600000,-0.600000,-0.600000,0.557380,0.600000,-0.600000,-0.621416,-0.600000,-0.600000,-0.630792,0.600000,-0.600000,0.600000,0.600000,-0.600000,0.600000,-0.600000,-0.600000,-0.600000,0.600000,-0.600000,-0.600000,0.716323,-0.600000,-0.600000,0.559845,-0.600000,-0.600000,-0.600000,-0.600000,0.589158,-0.600000,-0.621416,-0.600000,-0.600000,0.600000,-0.600000,-0.600000,0.600000,-0.600000,-0.600000,-0.600000,-0.600000,0.600000,0.600000,-0.600000,1.000000,-0.600000,0.600000,-0.600000,-0.600000,-0.635443,-0.600000,-0.600000,0.600000
530,0.600000,-0.600000,-0.600000,1.000000,-0.600000,-1.000000,-0.600000,0.600000,0.600000,0.600000,0.600000,-0.600000,-0.600000,-0.600000,-0.600000,-0.600000,0.600000,-0.600000,-0.600000,-0.600000,0.557380,0.600000,-0.600000,-0.621416,-0.600000,-0.600000,-0.630792,0.600000,-0.600000,0.600000,0.600000,-0.600000,0.600000,-0.600000,-0.600000,-0.600000,0.600000,-0.600000,-0.600000,0.716323,-0.600000,-0.600000,0.559845,-0.600000,-0.600000,-0.600000,-0.600000,0.589158,-0.600000,-0.621416,-0.600000,-0.600000,0.600000,-0.600000,-0.600000,0.600000,-0.600000,-0.600000,-0.600000,-0.600000,0.600000,0.600000,-0.600000,1.000000,-0.600000,0.600000,-0.600000,-0.600000,-0.635443,-0.600000,-0.600000,0.600000
531,0.600000,-0.600000,-0.600000,1.000000,-0.600000,-1.000000,-0.600000,0.600000,0.600000,0.600000,0.600000,-0.600000,-0.600000,-0.600000,-0.600000,-0.600000,0.600000,-0.600000,-0.600000,-0.600000,0.557380,0.600000,-0.600000,-0.621416,-0.600000,-0.600000,-0.630792,0.600000,-0.600000,0.600000,0.600000,-0.600000,0.600000,-0.600000,-0.600000,-0.600000,0.600000,-0.600000,-0.600000,0.716323,-0.600000,-0.600000,0.559845,-0.600000,-0.600000,-0.600000,-0.600000,0.589158,-0.600000,-0.621416,-0.600000,-0.600000,0.600000,-0.600000,-0.600000,0.600000,-0.600000,-0.600000,-0.600000,-0.600000,0.600000,0.600000,-0.600000,1.000000,-0.600000,0.600000,-0.600000,-0.600000,-0.635443,-0.600000,-0.600000,0.600000
532,0.600000,-0.600000,-0.600000,1.000000,-0.600000,-1.000000,-0.600000,0.600000,0.600000,0.600000,0.600000,-0.600000,-0.600000,-0.600000,-0.600000,-0.600000,0.600000,-0.600000,-0.600000,-0.600000,0.557380,0.600000,-0.600000,-0.621416,-0.600000,-0.600000,-0.630792,0.600000,-0.600000,0.600000,0.600000,-0.600000,0.600000,-0.600000,-0.600000,-0.600000,0.600000,-0.600000,-0.600000,0.716323,-0.600000,-0.600000,0.559845,-0.600000,-0.600000,-0.600000,-0.600000,0.589158,-0.600000,-0.621416,-0.600000,-0.600000,0.600000,-0.600000,-0.600000,0.600000,-0.600000,-0.600000,-0.600000,-0.600000,0.600000,0.600000,-0.600000,1.000000,-0.600000,0.600000,-0.600000,-0.600000,-0.635443,-0.600000,-0.600000,0.600000
533,0.600000,-0.600000,-0.600000,1.000000,-0.600000,-1.000000,-0.600000,0.600000,0.600000,0.600000,0.600000,-0.600000,-0.600000,-0.600000,-0.600000,-0.600000,0.600000,-0.600000,-0.600000,-0.600000,0.557380,0.600000,-0.600000,-0.621416,-0.600000,-0.600000,-0.630792,0.600000,-0.600000,0.600000,0.600000,-0.600000,0.600000,-0.600000,-0.600000,-0.600000,0.600000,-0.600000,-0.600000,0.716323,-0.600000,-0.600000,0.559845,-0.600000,-0.600000,-0.600000,-0.600000,0.589158,-0.600000,-0.621416,-0.600000,-0.600000,0.600000,-0.600000,-0.600000,0.600000,-0.600000,-0.600000,-0.600000,-0.600000,0.600000,0.600000,-0.600000,1.000000,-0.600000,0.600000,-0.600000,-0.600000,-0.635443,-0.600000,-0.600000,0.600000
534,0.600000,-0.600000,-0.600000,1.000000,-0.600000,-1.000000,-0.600000,0.600000,0.600000,0.600000,0.600000,-0.600000,-0.600000,-0.600000,-0.600000,-0.600000,0.600000,-0.600000,-0.600000,-0.600000,0.557380,0.600000,-0.600000,-0.621416,-0.600000,-0.600000,-0.630792,0.600000,-0.600000,0.600000,0.600000,-0.600000,0.600000,-0.600000,-0.600000,-0.600000,0.600000,-0.600000,-0.600000,0.716323,-0.600000,-0.600000,0.559845,-0.600000,-0.600000,-0.600000,-0.600000,0.589158,-0.600000,-0.621416,-0.600000,-0.600000,0.600000,-0.600000,-0.600000,0.600000,-0.600000,-0.600000,-0.600000,-0.600000,0.600000,0.600000,-0.600000,1.000000,-0.600000,0.600000,-0.600000,-0.600000,-0.635443,-0.600000,-0.600000,0.600000
535,0.600000,-0.600000,-0.600000,1.000000,-0.600000,-1.000000,-0.600000,0.600000,0.600000,0.600000,0.600000,-0.600000,-0.600000,-0.600000,-0.600000,-0.600000,0.600000,-0.600000,-0.600000,-0.600000,0.557380,0.600000,-0.600000,-0.621416,-0.600000,-0.600000,-0.630792,0.600000,-0.600000,0.600000,0.600000,-0.600000,0.600000,-0.600000,-0.600000,-0.600000,0.600000,-0.600000,-0.600000,0.716323,-0.600000,-0.600000,0.559845,-0.600000,-0.600000,-0.600000,-0.600000,0.589158,-0.600000,-0.621416,-0.600000,-0.600000,0.600000,-0.600000,-0.600000,0.600000,-0.600000,-0.600000,-0.600000,-0.600000,0.600000,0.600000,-0.600000,1.000000,-0.600000,0.600000,-0.600000,-0.600000,-0.635443,-0.600000,-0.600000,0.600000
536,0.600000,-0.600000,-0.600000,1.000000,-0.600000,-1.000000,-0.600000,0.600000,0.600000,0.600000,0.600000,-0.600000,-0.600000,-0.600000,-0.600000,-0.600000,0.600000,-0.600000,-0.600000,-0.600000,0.557380,0.600000,-0.600000,-0.621416,-0.600000,-0.600000,-0.630792,0.600000,-0.600000,0.600000,0.600000,-0.600000,0.600000,-0.600000,-0.600000,-0.600000,0.600000,-0.600000,-0.600000,0.716323,-0.600000,-0.600000,0.559845,-0.600000,-0.600000,-0.600000,-0.600000,0.589158,-0.600000,-0.621416,-0.600000,-0.600000,0.600000,-0.600000,-0.600000,0.600000,-0.600000,-0.600000,-0.600000,-0.600000,0.600000,0.600000,-0.600000,1.000000,-0.600000,0.600000,-0.600000,-0.600000,-0.635443,-0.600000,-0.600000,0.600000
537,0.600000,-0.600000,-0.600000,1.000000,-0.600000,-1.000000,-0.600000,0.600000,0.600000,0.600000,0.600000,-0.600000,-0.600000,-0.600000,-0.600000,-0.600000,0.600000,-0.600000,-0.600000,-0.600000,0.557380,0.600000,-0.600000,-0.621416,-0.600000,-0.600000,-0.630792,0.600000,-0.600000,0.600000,0.600000,-0.600000,0.600000,-0.600000,-0.600000,-0.600000,0.600000,-0.600000,-0.600000,0.716323,-0.600000,-0.600000,0.559845,-0.600000,-0.600000,-0.600000,-0.600000,0.589158,-0.600000,-0.621416,-0.600000,-0.600000,0.600000,-0.600000,-0.600000,0.600000,-0.600000,-0.600000,-0.600000,-0.600000,0.600000,0.600000,-0.600000,1.000000,-0.600000,0.600000,-0.600000,-0.600000,-0.635443,-0.600000,-0.600000,0.600000
538,0.600000,-0.600000,-0.600000,1.000000,-0.600000,-1.000000,-0.600000,0.600000,0.600000,0.600000,0.600000,-0.600000,-0.600000,-0.600000,-0.600000,-0.600000,0.600000,-0.600000,-0.600000,-0.600000,0.557380,0.600000,-0.600000,-0.621416,-0.600000,-0.600000,-0.630792,0.600000,-0.600000,0.600000,0.600000,-0.600000,0.600000,-0.600000,-0.600000,-0.600000,0.600000,-0.600000,-0.600000,0.716323,-0.600000,-0.600000,0.559845,-0.600000,-0.600000,-0.600000,-0.600000,0.589158,-0.600000,-0.621416,-0.600000,-0.600000,0.600000,-0.600000,-0.600000,0.600000,-0.600000,-0.600000,-0.600000,-0.600000,0.600000,0.600000,-0.600000,1.000000,-0.600000,0.600000,-0.600000,-0.600000,-0.635443,-0.600000,-0.600000,0.600000
539,0.600000,-0.600000,-0.600000,1.000000,-0.600000,-1.000000,-0.600000,0.600000,0.600000,0.600000,0.600000,-0.600000,-0.600000,-0.600000,-0.600000,-0.600000,0.600000,-0.600000,-0.600000,-0.600000,0.557380,0.600000,-0.600000,-0.621416,-0.600000,-0.600000,-0.630792,0.600000,-0.600000,0.600000,0.600000,-0.600000,0.600000,-0.600000,-0.600000,-0.600000,0.600000,-0.600000,-0.600000,0.716323,-0.600000,-0.600000,0.559845,-0.600000,-0.600000,-0.600000,-0.600000,0.589158,-0.600000,-0.621416,-0.600000,-0.600000,0.600000,-0.600000,-0.600000,0.600000,-0.600000,-0.600000,-0.600000,-0.600000,0.600000,0.600000,-0.600000,1.000000,-0.600000,0.600000,-0.600000,-0.600000,-0.635443,-0.600000,-0.600000,0.600000
540,0.600000,-0.600000,-0.600000,1.000000,-0.600000,-1.000000,-0.600000,0.600000,0.600000,0.600000,0.600000,-0.600000,-0.600000,-0.600000,-0.600000,-0.600000,0.600000,-0.600000,-0.600000,-0.600000,0.557380,0.600000,-0.600000,-0.621416,-0.600000,-0.600000,-0.630792,0.600000,-0.600000,0.600000,0.600000,-0.600000,0.600000,-0.600000,-0.600000,-0.600000,0.600000,-0.600000,-0.600000,0.716323,-0.600000,-0.600000,0.559845,-0.600000,-0.600000,-0.600000,-0.600000,0.589158,-0.600000,-0.621416,-0.600000,-0.600000,0.600000,-0.600000,-0.600000,0.600000,-0.600000,-0.600000,-0.600000,-0.600000,0.600000,0.600000,-0.600000,1.000000,-0.600000,0.600000,-0.600000,-0.600000,-0.635443,-0.600000,-0.600000,0.600000
541,0.600000,-0.600000,-0.600000,1.000000,-0.600000,-1.000000,-0.600000,0.600000,0.600000,0.600000,0.600000,-0.600000,-0.600000,-0.600000,-0.600000,-0.600000,0.600000,-0.600000,-0.600000,-0.600000,0.557380,0.600000,-0.600000,-0.621416,-0.600000,-0.600000,-0.630792,0.600000,-0.600000,0.600000,0.600000,-0.600000,0.600000,-0.600000,-0.600000,-0.600000,0.600000,-0.600000,-0.600000,0.716323,-0.600000,-0.600000,0.559845,-0.600000,-0.600000,-0.600000,-0.600000,0.589158,-0.600000,-0.621416,-0.600000,-0.600000,0.600000,-0.600000,-0.600000,0.600000,-0.600000,-0.600000,-0.600000,-0.600000,0.600000,0.600000,-0.600000,1.000000,-0.600000,0.600000,-0.600000,-0.600000,-0.635443,-0.600000,-0.600000,0.600000
542,0.600000,-0.600000,-0.600000,1.000000,-0.600000,-1.000000,-0.600000,0.600000,0.600000,0.600000,0.600000,-0.600000,-0.600000,-0.600000,-0.600000,-0.600000,0.600000,-0.600000,-0.600000,-0.600000,0.557380,0.600000,-0.600000,-0.621416,-0.600000,-0.600000,-0.630792,0.600000,-0.600000,0.600000,0.600000,-0.600000,0.600000,-0.600000,-0.600000,-0.600000,0.600000,-0.600000,-0.600000,0.716323,-0.600000,-0.600000,0.559845,-0.600000,-0.600000,-0.600000,-0.600000,0.589158,-0.600000,-0.621416,-0.600000,-0.600000,0.600000,-0.600000,-0.600000,0.600000,-0.600000,-0.600000,-0.600000,-0.600000,0.600000,0.600000,-0.600000,1.000000,-0.600000,0.600000,-0.600000,-0.600000,-0.635443,-0.600000,-0.600000,0.600000
543,0.600000,-0.600000,-0.600000,1.000000,-0.600000,-1.000000,-0.600000,0.600000,0.600000,0.600000,0.600000,-0.600000,-0.600000,-0.600000,-0.600000,-0.600000,0.600000,-0.600000,-0.600000,-0.600000,0.557380,0.600000,-0.600000,-0.621416,-0.600000,-0.600000,-0.630792,0.600000,-0.600000,0.600000,0.600000,-0.600000,0.600000,-0.600000,-0.600000,-0.600000,0.600000,-0.600000,-0.600000,0.716323,-0.600000,-0.600000,0.559845,-0.600000,-0.600000,-0.600000,-0.600000,0.589158,-0.600000,-0.621416,-0.600000,-0.600000,0.600000,-0.600000,-0.600000,0.600000,-0.600000,-0.600000,-0.600000,-0.600000,0.600000,0.600000,-0.600000,1.000000,-0.600000,0.600000,-0.600000,-0.600000,-0.635443,-0.600000,-0.600000,0.600000
544,0.600000,-0.600000,-0.600000,1.000000,-0.600000,-1.000000,-0.600000,0.600000,0.600000,0.600000,0.600000,-0.600000,-0.600000,-0.600000,-0.600000,-0.600000,0.600000,-0.600000,-0.600000,-0.600000,0.557380,0.600000,-0.600000,-0.621416,-0.600000,-0.600000,-0.630792,0.600000,-0.600000,0.600000,0.600000,-0.600000,0.600000,-0.600000,-0.600000,-0.600000,0.600000,-0.600000,-0.600000,0.716323,-0.600000,-0.600000,0.559845,-0.600000,-0.600000,-0.600000,-0.600000,0.589158,-0.600000,-0.621416,-0.600000,-0.600000,0.600000,-0.600000,-0.600000,0.600000,-0.600000,-0.600000,-0.600000,-0.600000,0.600000,0.600000,-0.600000,1.000000,-0.600000,0.600000,-0.600000,-0.600000,-0.635443,-0.600000,-0.600000,0.600000
545,0.600000,-0.600000,-0.600000,1.000000,-0.600000,-1.000000,-0.600000,0.600000,0.600000,0.600000,0.600000,-0.600000,-0.600000,-0.600000,-0.600000,-0.600000,0.600000,-0.600000,-0.600000,-0.600000,0.557380,0.600000,-0.600000,-0.621416,-0.600000,-0.600000,-0.630792,0.600000,-0.600000,0.600000,0.600000,-0.600000,0.600000,-0.600000,-0.600000,-0.600000,0.600000,-0.600000,-0.600000,0.716323,-0.600000,-0.600000,0.559845,-0.600000,-0.600000,-0.600000,-0.600000,0.589158,-0.600000,-0.621416,-0.600000,-0.600000,0.600000,-0.600000,-0.600000,0.600000,-0.600000,-0.600000,-0.600000,-0.600000,0.600000,0.600000,-0.600000,1.000000,-0.600000,0.600000,-0.600000,-0.600000,-0.635443,-0.600000,-0.600000,0.600000
546,0.600000,-0.600000,-0.600000,1.000000,-0.600000,-1.000000,-0.600000,0.600000,0.600000,0.600000,0.600000,-0.600000,-0.600000,-0.600000,-0.600000,-0.600000,0.600000,-0.600000,-0.600000,-0.600000,0.557380,0.600000,-0.600000,-0.621416,-0.600000,-0.600000,-0.630792,0.600000,-0.600000,0.600000,0.600000,-0.600000,0.600000,-0.600000,-0.600000,-0.600000,0.600000,-0.600000,-0.600000,0.716323,-0.600000,-0.600000,0.559845,-0.600000,-0.600000,-0.600000,-0.600000,0.589158,-0.600000,-0.621416,-0.600000,-0.600000,0.600000,-0.600000,-0.600000,0.600000,-0.600000,-0.600000,-0.600000,-0.600000,0.600000,0.600000,-0.600000,1.000000,-0.600000,0.600000,-0.600000,-0.600000,-0.635443,-0.600000,-0.600000,0.600000
547,0.600000,-0.600000,-0.600000,1.000000,-0.600000,-1.000000,-0.600000,0.600000,0.600000,0.600000,0.600000,-0.600000,-0.600000,-0.600000,-0.600000,-0.600000,0.600000,-0.600000,-0.600000,-0.600000,0.557380,0.600000,-0.600000,-0.621416,-0.600000,-0.600000,-0.630792,0.600000,-0.600000,0.600000,0.600000,-0.600000,0.600000,-0.600000,-0.600000,-0.600000,0.600000,-0.600000,-0.600000,0.716323,-0.600000,-0.600000,0.559845,-0.600000,-0.600000,-0.600000,-0.600000,0.589158,-0.600000,-0.621416,-0.600000,-0.600000,0.600000,-0.600000,-0.600000,0.600000,-0.600000,-0.600000,-0.600000,-0.600000,0.600000,0.600000,-0.600000,1.000000,-0.600000,0.600000,-0.600000,-0.600000,-0.635443,-0.600000,-0.600000,0.600000
548,0.600000,-0.600000,-0.600000,1.000000,-0.600000,-1.000000,-0.600000,0.600000,0.600000,0.600000,0.600000,-0.600000,-0.600000,-0.600000,-0.600000,-0.600000,0.600000,-0.600000,-0.600000,-0.600000,0.557380,0.600000,-0.600000,-0.621416,-0.600000,-0.600000,-0.630792,0.600000,-0.600000,0.600000,0.600000,-0.600000,0.600000,-0.600000,-0.600000,-0.600000,0.600000,-0.600000,-0.600000,0.716323,-0.600000,-0.600000,0.559845,-0.600000,-0.600000,-0.600000,-0.600000,0.589158,-0.600000,-0.621416,-0.600000,-0.600000,0.600000,-0.600000,-0.600000,0.600000,-0.600000,-0.600000,-0.600000,-0.600000,0.600000,0.600000,-0.600000,1.000000,-0.600000,0.600000,-0.600000,-0.600000,-0.635443,-0.600000,-0.600000,0.600000
549,0.600000,-0.600000,-0.600000,1.000000,-0.600000,-1.000000,-0.600000,0.600000,0.600000,0.600000,0.600000,-0.600000,-0.600000,-0.600000,-0.600000,-0.600000,0.600000,-0.600000,-0.600000,-0.600000,0.557380,0.600000,-0.600000,-0.621416,-0.600000,-0.600000,-0.630792,0.600000,-0.600000,0.600000,0.600000,-0.600000,0.600000,-0.600000,-0.600000,-0.600000,0.600000,-0.600000,-0.600000,0.716323,-0.600000,-0.600000,0.559845,-0.600000,-0.600000,-0.600000,-0.600000,0.589158,-0.600000,-0.621416,-0.600000,-0.600000,0.600000,-0.600000,-0.600000,0.600000,-0.600000,-0.600000,-0.600000,-0.600000,0.600000,0.600000,-0.600000,1.000000,-0.600000,0.600000,-0.600000,-0.600000,-0.635443,-0.600000,-0.600000,0.600000
550,0.600000,-0.600000,-0.600000,1.000000,-0.600000,-1.000000,-0.600000,0.600000,0.600000,0.600000,0.600000,-0.600000,-0.600000,-0.600000,-0.600000,-0.600000,0.600000,-0.600000,-0.600000,-0.600000,0.557380,0.600000,-0.600000,-0.621416,-0.600000,-0.600000,-0.630792,0.600000,-0.600000,0.600000,0.600000,-0.600000,0.600000,-0.600000,-0.600000,-0.600000,0.600000,-0.600000,-0.600000,0.716323,-0.600000,-0.600000,0.559845,-0.600000,-0.600000,-0.600000,-0.600000,0.589158,-0.600000,-0.621416,-0.600000,-0.600000,0.600000,-0.600000,-0.600000,0.600000,-0.600000,-0.600000,-0.600000,-0.600000,0.600000,0.600000,-0.600000,1.000000,-0.600000,0.600000,-0.600000,-0.600000,-0.635443,-0.600000,-0.600000,0.600000
551,0.600000,-0.600000,-0.600000,1.000000,-0.600000,-1.000000,-0.600000,0.600000,0.600000,0.600000,0.600000,-0.600000,-0.600000,-0.600000,-0.600000,-0.600000,0.600000,-0.600000,-0.600000,-0.600000,0.557380,0.600000,-0.600000,-0.621416,-0.600000,-0.600000,-0.630792,0.600000,-0.600000,0.600000,0.600000,-0.600000,0.600000,-0.600000,-0.600000,-0.600000,0.600000,-0.600000,-0.600000,0.716323,-0.600000,-0.600000,0.559845,-0.600000,-0.600000,-0.600000,-0.600000,0.589158,-0.600000,-0.621416,-0.600000,-0.600000,0.600000,-0.600000,-0.600000,0.600000,-0.600000,-0.600000,-0.600000,-0.600000,0.600000,0.600000,-0.600000,1.000000,-0.600000,0.600000,-0.600000,-0.600000,-0.635443,-0.600000,-0.600000,0.600000
552,0.600000,-0.600000,-0.600000,1.000000,-0.600000,-1.000000,-0.600000,0.600000,0.600000,0.600000,0.600000,-0.600000,-0.600000,-0.600000,-0.600000,-0.600000,0.600000,-0.600000,-0.600000,-0.600000,0.557380,0.600000,-0.600000,-0.621416,-0.600000,-0.600000,-0.630792,0.600000,-0.600000,0.600000,0.600000,-0.600000,0.600000,-0.600000,-0.600000,-0.600000,0.600000,-0.600000,-0.600000,0.716323,-0.600000,-0.600000,0.559845,-0.600000,-0.600000,-0.600000,-0.600000,0.589158,-0.600000,-0.621416,-0.600000,-0.600000,0.600000,-0.600000,-0.600000,0.600000,-0.600000,-0.600000,-0.600000,-0.600000,0.600000,0.600000,-0.600000,1.000000,-0.600000,0.600000,-0.600000,-0.600000,-0.635443,-0.600000,-0.600000,0.600000
553,0.600000,-0.600000,-0.600000,1.000000,-0.600000,-1.000000,-0.600000,0.600000,0.600000,0.600000,0.600000,-0.600000,-0.600000,-0.600000,-0.600000,-0.600000,0.600000,-0.600000,-0.600000,-0.600000,0.557380,0.600000,-0.600000,-0.621416,-0.600000,-0.600000,-0.630792,0.600000,-0.600000,0.600000,0.600000,-0.600000,0.600000,-0.600000,-0.600000,-0.600000,0.600000,-0.600000,-0.600000,0.716323,-0.600000,-0.600000,0.559845,-0.600000,-0.600000,-0.600000,-0.600000,0.589158,-0.600000,-0.621416,-0.600000,-0.600000,0.600000,-0.600000,-0.600000,0.600000,-0.600000,-0.600000,-0.600000,-0.600000,0.600000,0.600000,-0.600000,1.000000,-0.600000,0.600000,-0.600000,-0.600000,-0.635443,-0.600000,-0.600000,0.600000
554,0.600000,-0.600000,-0.600000,1.000000,-0.600000,-1.000000,-0.600000,0.600000,0.600000,0.600000,0.600000,-0.600000,-0.600000,-0.600000,-0.600000,-0.600000,0.600000,-0.600000,-0.600000,-0.600000,0.557380,0.600000,-0.600000,-0.621416,-0.600000,-0.600000,-0.630792,0.600000,-0.600000,0.600000,0.600000,-0.600000,0.600000,-0.600000,-0.600000,-0.600000,0.600000,-0.600000,-0.600000,0.716323,-0.600000,-0.600000,0.559845,-0.600000,-0.600000,-0.600000,-0.600000,0.589158,-0.600000,-0.621416,-0.600000,-0.600000,0.600000,-0.600000,-0.600000,0.600000,-0.600000,-0.600000,-0.600000,-0.600000,0.600000,0.600000,-0.600000,1.000000,-0.600000,0.600000,-0.600000,-0.600000,-0.635443,-0.600000,-0.600000,0.600000
555,0.600000,-0.600000,-0.600000,1.000000,-0.600000,-1.000000,-0.600000,0.600000,0.600000,0.600000,0.600000,-0.600000,-0.600000,-0.600000,-0.600000,-0.600000,0.600000,-0.600000,-0.600000,-0.600000,0.557380,0.600000,-0.600000,-0.621416,-0.600000,-0.600000,-0.630792,0.600000,-0.600000,0.600000,0.600000,-0.600000,0.600000,-0.600000,-0.600000,-0.600000,0.600000,-0.600000,-0.600000,0.716323,-0.600000,-0.600000,0.559845,-0.600000,-0.600000,-0.600000,-0.600000,0.589158,-0.600000,-0.621416,-0.600000,-0.600000,0.600000,-0.600000,-0.600000,0.600000,-0.600000,-0.600000,-0.600000,-0.600000,0.600000,0.600000,-0.600000,1.000000,-0.600000,0.600000,-0.600000,-0.600000,-0.635443,-0.600000,-0.600000,0.600000
556,0.600000,-0.600000,-0.600000,1.000000,-0.600000,-1.000000,-0.600000,0.600000,0.600000,0.600000,0.600000,-0.600000,-0.600000,-0.600000,-0.600000,-0.600000,0.600000,-0.600000,-0.600000,-0.600000,0.557380,0.600000,-0.600000,-0.621416,-0.600000,-0.600000,-0.630792,0.600000,-0.600000,0.600000,0.600000,-0.600000,0.600000,-0.600000,-0.600000,-0.600000,0.600000,-0.600000,-0.600000,0.716323,-0.600000,-0.600000,0.559845,-0.600000,-0.600000,-0.600000,-0.600000,0.589158,-0.600000,-0.621416,-0.600000,-0.600000,0.600000,-0.600000,-0.600000,0.600000,-0.600000,-0.600000,-0.600000,-0.600000,0.600000,0.600000,-0.600000,1.000000,-0.600000,0.600000,-0.600000,-0.600000,-0.635443,-0.600000,-0.600000,0.600000
557,0.600000,-0.600000,-0.600000,1.000000,-0.600000,-1.000000,-0.600000,0.600000,0.600000,0.600000,0.600000,-0.600000,-0.600000,-0.600000,-0.600000,-0.600000,0.600000,-0.600000,-0.600000,-0.600000,0.557380,0.600000,-0.600000,-0.621416,-0.600000,-0.600000,-0.630792,0.600000,-0.600000,0.600000,0.600000,-0.600000,0.600000,-0.600000,-0.600000,-0.600000,0.600000,-0.600000,-0.600000,0.716323,-0.600000,-0.600000,0.559845,-0.600000,-0.600000,-0.600000,-0.600000,0.589158,-0.600000,-0.621416,-0.600000,-0.600000,0.600000,-0.600000,-0.600000,0.600000,-0.600000,-0.600000,-0.600000,-0.600000,0.600000,0.600000,-0.600000,1.000000,-0.600000,0.600000,-0.600000,-0.600000,-0.635443,-0.600000,-0.600000,0.600000
558,0.600000,-0.600000,-0.600000,1.000000,-0.600000,-1.000000,-0.600000,0.600000,0.600000,0.600000,0.600000,-0.600000,-0.600000,-0.600000,-0.600000,-0.600000,0.600000,-0.600000,-0.600000,-0.600000,0.557380,0.600000,-0.600000,-0.621416,-0.600000,-0.600000,-0.630792,0.600000,-0.600000,0.600000,0.600000,-0.600000,0.600000,-0.600000,-0.600000,-0.600000,0.600000,-0.600000,-0.600000,0.716323,-0.600000,-0.600000,0.559845,-0.600000,-0.600000,-0.600000,-0.600000,0.589158,-0.600000,-0.621416,-0.600000,-0.600000,0.600000,-0.600000,-0.600000,0.600000,-0.600000,-0.600000,-0.600000,-0.600000,0.600000,0.600000,-0.600000,1.000000,-0.600000,0.600000,-0.600000,-0.600000,-0.635443,-0.600000,-0.600000,0.600000
559,0.600000,-0.600000,-0.600000,1.000000,-0.600000,-1.000000,-0.600000,0.600000,0.600000,0.600000,0.600000,-0.600000,-0.600000,-0.600000,-0.600000,-0.600000,0.600000,-0.600000,-0.600000,-0.600000,0.557380,0.600000,-0.600000,-0.621416,-0.600000,-0.600000,-0.630792,0.600000,-0.600000,0.600000,0.600000,-0.600000,0.600000,-0.600000,-0.600000,-0.600000,0.600000,-0.600000,-0.600000,0.716323,-0.600000,-0.600000,0.559845,-0.600000,-0.600000,-0.600000,-0.600000,0.589158,-0.600000,-0.621416,-0.600000,-0.600000,0.600000,-0.600000,-0.600000,0.600000,-0.600000,-0.600000,-0.600000,-0.600000,0.600000,0.600000,-0.600000,1.000000,-0.600000,0.600000,-0.600000,-0.600000,-0.635443,-0.600000,-0.600000,0.600000
560,0.600000,-0.600000,-0.600000,1.000000,-0.600000,-1.000000,-0.600000,0.600000,0.600000,0.600000,0.600000,-0.600000,-0.600000,-0.600000,-0.600000,-0.600000,0.600000,-0.600000,-0.600000,-0.600000,0.557380,0.600000,-0.600000,-0.621416,-0.600000,-0.600000,-0.630792,0.600000,-0.600000,0.600000,0.600000,-0.600000,0.600000,-0.600000,-0.600000,-0.600000,0.600000,-0.600000,-0.600000,0.716323,-0.600000,-0.600000,0.559845,-0.600000,-0.600000,-0.600000,-0.600000,0.589158,-0.600000,-0.621416,-0.600000,-0.600000,0.600000,-0.600000,-0.600000,0.600000,-0.600000,-0.600000,-0.600000,-0.600000,0.600000,0.600000,-0.600000,1.000000,-0.600000,0.600000,-0.600000,-0.600000,-0.635443,-0.600000,-0.600000,0.600000
561,0.600000,-0.600000,-0.600000,1.000000,-0.600000,-1.000000,-0.600000,0.600000,0.600000,0.600000,0.600000,-0.600000,-0.600000,-0.600000,-0.600000,-0.600000,0.600000,-0.600000,-0.600000,-0.600000,0.557380,0.600000,-0.600000,-0.621416,-0.600000,-0.600000,-0.630792,0.600000,-0.600000,0.600000,0.600000,-0.600000,0.600000,-0.600000,-0.600000,-0.600000,0.600000,-0.600000,-0.600000,0.716323,-0.600000,-0.600000,0.559845,-0.600000,-0.600000,-0.600000,-0.600000,0.589158,-0.600000,-0.621416,-0.600000,-0.600000,0.600000,-0.600000,-0.600000,0.600000,-0.600000,-0.600000,-0.600000,-0.600000,0.600000,0.600000,-0.600000,1.000000,-0.600000,0.600000,-0.600000,-0.600000,-0.635443,-0.600000,-0.600000,0.600000
562,0.600000,-0.600000,-0.600000,1.000000,-0.600000,-1.000000,-0.600000,0.600000,0.600000,0.600000,0.600000,-0.600000,-0.600000,-0.600000,-0.600000,-0.600000,0.600000,-0.600000,-0.600000,-0.600000,0.557380,0.600000,-0.600000,-0.621416,-0.600000,-0.600000,-0.630792,0.600000,-0.600000,0.600000,0.600000,-0.600000,0.600000,-0.600000,-0.600000,-0.600000,0.600000,-0.600000,-0.600000,0.716323,-0.600000,-0.600000,0.559845,-0.600000,-0.600000,-0.600000,-0.600000,0.589158,-0.600000,-0.621416,-0.600000,-0.600000,0.600000,-0.600000,-0.600000,0.600000,-0.600000,-0.600000,-0.600000,-0.600000,0.600000,0.600000,-0.600000,1.000000,-0.600000,0.600000,-0.600000,-0.600000,-0.635443,-0.600000,-0.600000,0.600000
563,0.600000,-0.600000,-0.600000,1.000000,-0.600000,-1.000000,-0.600000,0.600000,0.600000,0.600000,0.600000,-0.600000,-0.600000,-0.600000,-0.600000,-0.600000,0.600000,-0.600000,-0.600000,-0.600000,0.557380,0.600000,-0.600000,-0.621416,-0.600000,-0.600000,-0.630792,0.600000,-0.600000,0.600000,0.600000,-0.600000,0.600000,-0.600000,-0.600000,-0.600000,0.600000,-0.600000,-0.600000,0.716323,-0.600000,-0.600000,0.559845,-0.600000,-0.600000,-0.600000,-0.600000,0.589158,-0.600000,-0.621416,-0.600000,-0.600000,0.600000,-0.600000,-0.600000,0.600000,-0.600000,-0.600000,-0.600000,-0.600000,0.600000,0.600000,-0.600000,1.000000,-0.600000,0.600000,-0.600000,-0.600000,-0.635443,-0.600000,-0.600000,0.600000
564,0.600000,-0.600000,-0.600000,1.000000,-0.600000,-1.000000,-0.600000,0.600000,0.600000,0.600000,0.600000,-0.600000,-0.600000,-0.600000,-0.600000,-0.600000,0.600000,-0.600000,-0.600000,-0.600000,0.557380,0.600000,-0.600000,-0.621416,-0.600000,-0.600000,-0.630792,0.600000,-0.600000,0.600000,0.600000,-0.600000,0.600000,-0.600000,-0.600000,-0.600000,0.600000,-0.600000,-0.600000,0.716323,-0.600000,-0.600000,0.559845,-0.600000,-0.600000,-0.600000,-0.600000,0.589158,-0.600000,-0.621416,-0.600000,-0.600000,0.600000,-0.600000,-0.600000,0.600000,-0.600000,-0.600000,-0.600000,-0.600000,0.600000,0.600000,-0.600000,1.000000,-0.600000,0.600000,-0.600000,-0.600000,-0.635443,-0.600000,-0.600000,0.600000
565,0.600000,-0.600000,-0.600000,1.000000,-0.600000,-1.000000,-0.600000,0.600000,0.600000,0.600000,0.600000,-0.600000,-0.600000,-0.600000,-0.600000,-0.600000,0.600000,-0.600000,-0.600000,-0.600000,0.557380,0.600000,-0.600000,-0.621416,-0.600000,-0.600000,-0.630792,0.600000,-0.600000,0.600000,0.600000,-0.600000,0.600000,-0.600000,-0.600000,-0.600000,0.600000,-0.600000,-0.600000,0.716323,-0.600000,-0.600000,0.559845,-0.600000,-0.600000,-0.600000,-0.600000,0.589158,-0.600000,-0.621416,-0.600000,-0.600000,0.600000,-0.600000,-0.600000,0.600000,-0.600000,-0.600000,-0.600000,-0.600000,0.600000,0.600000,-0.600000,1.000000,-0.600000,0.600000,-0.600000,-0.600000,-0.635443,-0.600000,-0.600000,0.600000
566,0.600000,-0.600000,-0.600000,1.000000,-0.600000,-1.000000,-0.600000,0.600000,0.600000,0.600000,0.600000,-0.600000,-0.600000,-0.600000,-0.600000,-0.600000,0.600000,-0.600000,-0.600000,-0.600000,0.557380,0.600000,-0.600000,-0.621416,-0.600000,-0.600000,-0.630792,0.600000,-0.600000,0.600000,0.600000,-0.600000,0.600000,-0.600000,-0.600000,-0.600000,0.600000,-0.600000,-0.600000,0.716323,-0.600000,-0.600000,0.559845,-0.600000,-0.600000,-0.600000,-0.600000,0.589158,-0.600000,-0.621416,-0.600000,-0.600000,0.600000,-0.600000,-0.600000,0.600000,-0.600000,-0.600000,-0.600000,-0.600000,0.600000,0.600000,-0.600000,1.000000,-0.600000,0.600000,-0.600000,-0.600000,-0.635443,-0.600000,-0.600000,0.600000
567,0.600000,-0.600000,-0.600000,1.000000,-0.600000,-1.000000,-0.600000,0.600000,0.600000,0.600000,0.600000,-0.600000,-0.600000,-0.600000,-0.600000,-0.600000,0.600000,-0.600000,-0.600000,-0.600000,0.557380,0.600000,-0.600000,-0.621416,-0.600000,-0.600000,-0.630792,0.600000,-0.600000,0.600000,0.600000,-0.600000,0.600000,-0.600000,-0.600000,-0.600000,0.600000,-0.600000,-0.600000,0.716323,-0.600000,-0.600000,0.559845,-0.600000,-0.600000,-0.600000,-0.600000,0.589158,-0.600000,-0.621416,-0.600000,-0.600000,0.600000,-0.600000,-0.600000,0.600000,-0.600000,-0.600000,-0.600000,-0.600000,0.600000,0.600000,-0.600000,1.000000,-0.600000,0.600000,-0.600000,-0.600000,-0.635443,-0.600000,-0.600000,0.600000
568,0.600000,-0.600000,-0.600000,1.000000,-0.600000,-1.000000,-0.600000,0.600000,0.600000,0.600000,0.600000,-0.600000,-0.600000,-0.600000,-0.600000,-0.600000,0.600000,-0.600000,-0.600000,-0.600000,0.557380,0.600000,-0.600000,-0.621416,-0.600000,-0.600000,-0.630792,0.600000,-0.600000,0.600000,0.600000,-0.600000,0.600000,-0.600000,-0.600000,-0.600000,0.600000,-0.600000,-0.600000,0.716323,-0.600000,-0.600000,0.559845,-0.600000,-0.600000,-0.600000,-0.600000,0.589158,-0.600000,-0.621416,-0.600000,-0.600000,0.600000,-0.600000,-0.600000,0.600000,-0.600000,-0.600000,-0.600000,-0.600000,0.600000,0.600000,-0.600000,1.000000,-0.600000,0.600000,-0.600000,-0.600000,-0.635443,-0.600000,-0.600000,0.600000
569,0.600000,-0.600000,-0.600000,1.000000,-0.600000,-1.000000,-0.600000,0.600000,0.600000,0.600000,0.600000,-0.600000,-0.600000,-0.600000,-0.600000,-0.600000,0.600000,-0.600000,-0.600000,-0.600000,0.557380,0.600000,-0.600000,-0.621416,-0.600000,-0.600000,-0.630792,0.600000,-0.600000,0.600000,0.600000,-0.600000,0.600000,-0.600000,-0.600000,-0.600000,0.600000,-0.600000,-0.600000,0.716323,-0.600000,-0.600000,0.559845,-0.600000,-0.600000,-0.600000,-0.600000,0.589158,-0.600000,-0.621416,-0.600000,-0.600000,0.600000,-0.600000,-0.600000,0.600000,-0.600000,-0.600000,-0.600000,-0.600000,0.600000,0.600000,-0.600000,1.000000,-0.600000,0.600000,-0.600000,-0.600000,-0.635443,-0.600000,-0.600000,0.600000
570,0.600000,-0.600000,-0.600000,1.000000,-0.600000,-1.000000,-0.600000,0.600000,0.600000,0.600000,0.600000,-0.600000,-0.600000,-0.600000,-0.600000,-0.600000,0.600000,-0.600000,-0.600000,-0.600000,0.557380,0.600000,-0.600000,-0.621416,-0.600000,-0.600000,-0.630792,0.600000,-0.600000,0.600000,0.600000,-0.600000,0.600000,-0.600000,-0.600000,-0.600000,0.600000,-0.600000,-0.600000,0.716323,-0.600000,-0.600000,0.559845,-0.600000,-0.600000,-0.600000,-0.600000,0.589158,-0.600000,-0.621416,-0.600000,-0.600000,0.600000,-0.600000,-0.600000,0.600000,-0.600000,-0.600000,-0.600000,-0.600000,0.600000,0.600000,-0.600000,1.000000,-0.600000,0.600000,-0.600000,-0.600000,-0.635443,-0.600000,-0.600000,0.600000
571,0.600000,-0.600000,-0.600000,1.000000,-0.600000,-1.000000,-0.600000,0.600000,0.600000,0.600000,0.600000,-0.600000,-0.600000,-0.600000,-0.600000,-0.600000,0.600000,-0.600000,-0.600000,-0.600000,0.557380,0.600000,-0.600000,-0.621416,-0.600000,-0.600000,-0.630792,0.600000,-0.600000,0.600000,0.600000,-0.600000,0.600000,-0.600000,-0.600000,-0.600000,0.600000,-0.600000,-0.600000,0.716323,-0.600000,-0.600000,0.559845,-0.600000,-0.600000,-0.600000,-0.600000,0.589158,-0.600000,-0.621416,-0.600000,-0.600000,0.600000,-0.600000,-0.600000,0.600000,-0.600000,-0.600000,-0.600000,-0.600000,0.600000,0.600000,-0.600000,1.000000,-0.600000,0.600000,-0.600000,-0.600000,-0.635443,-0.600000,-0.600000,0.600000
572,0.600000,-0.600000,-0.600000,1.000000,-0.600000,-1.000000,-0.600000,0.600000,0.600000,0.600000,0.600000,-0.600000,-0.600000,-0.600000,-0.600000,-0.600000,0.600000,-0.600000,-0.600000,-0.600000,0.557380,0.600000,-0.600000,-0.621416,-0.600000,-0.600000,-0.630792,0.600000,-0.600000,0.600000,0.600000,-0.600000,0.600000,-0.600000,-0.600000,-0.600000,0.600000,-0.600000,-0.600000,0.716323,-0.600000,-0.600000,0.559845,-0.600000,-0.600000,-0.600000,-0.600000,0.589158,-0.600000,-0.621416,-0.600000,-0.600000,0.600000,-0.600000,-0.600000,0.600000,-0.600000,-0.600000,-0.600000,-0.600000,0.600000,0.600000,-0.600000,1.000000,-0.600000,0.600000,-0.600000,-0.600000,-0.635443,-0.600000,-0.600000,0.600000
573,0.600000,-0.600000,-0.600000,1.000000,-0.600000,-1.000000,-0.600000,0.600000,0.600000,0.600000,0.600000,-0.600000,-0.600000,-0.600000,-0.600000,-0.600000,0.600000,-0.600000,-0.600000,-0.600000,0.557380,0.600000,-0.600000,-0.621416,-0.600000,-0.600000,-0.630792,0.600000,-0.600000,0.600000,0.600000,-0.600000,0.600000,-0.600000,-0.600000,-0.600000,0.600000,-0.600000,-0.600000,0.716323,-0.600000,-0.600000,0.559845,-0.600000,-0.600000,-0.600000,-0.600000,0.589158,-0.600000,-0.621416,-0.600000,-0.600000,0.600000,-0.600000,-0.600000,0.600000,-0.600000,-0.600000,-0.600000,-0.600000,0.600000,0.600000,-0.600000,1.000000,-0.600000,0.600000,-0.600000,-0.600000,-0.635443,-0.600000,-0.600000,0.600000
574,0.600000,-0.600000,-0.600000,1.000000,-0.600000,-1.000000,-0.600000,0.600000,0.600000,0.600000,0.600000,-0.600000,-0.600000,-0.600000,-0.600000,-0.600000,0.600000,-0.600000,-0.600000,-0.600000,0.557380,0.600000,-0.600000,-0.621416,-0.600000,-0.600000,-0.630792,0.600000,-0.600000,0.600000,0.600000,-0.600000,0.600000,-0.600000,-0.600000,-0.600000,0.600000,-0.600000,-0.600000,0.716323,-0.600000,-0.600000,0.559845,-0.600000,-0.600000,-0.600000,-0.600000,0.589158,-0.600000,-0.621416,-0.600000,-0.600000,0.600000,-0.600000,-0.600000,0.600000,-0.600000,-0.600000,-0.600000,-0.600000,0.600000,0.600000,-0.600000,1.000000,-0.600000,0.600000,-0.600000,-0.600000,-0.635443,-0.600000,-0.600000,0.600000
575,0.600000,-0.600000,-0.600000,1.000000,-0.600000,-1.000000,-0.600000,0.600000,0.600000,0.600000,0.600000,-0.600000,-0.600000,-0.600000,-0.600000,-0.600000,0.600000,-0.600000,-0.600000,-0.600000,0.557380,0.600000,-0.600000,-0.621416,-0.600000,-0.600000,-0.630792,0.600000,-0.600000,0.600000,0.600000,-0.600000,0.600000,-0.600000,-0.600000,-0.600000,0.600000,-0.600000,-0.600000,0.716323,-0.600000,-0.600000,0.559845,-0.600000,-0.600000,-0.600000,-0.600000,0.589158,-0.600000,-0.621416,-0.600000,-0.600000,0.600000,-0.600000,-0.600000,0.600000,-0.600000,-0.600000,-0.600000,-0.600000,0.600000,0.600000,-0.600000,1.000000,-0.600000,0.600000,-0.600000,-0.600000,-0.635443,-0.600000,-0.600000,0.600000
576,0.600000,-0.600000,-0.600000,1.000000,-0.600000,-1.000000,-0.600000,0.600000,0.600000,0.600000,0.600000,-0.600000,-0.600000,-0.600000,-0.600000,-0.600000,0.600000,-0.600000,-0.600000,-0.600000,0.557380,0.600000,-0.600000,-0.621416,-0.600000,-0.600000,-0.630792,0.600000,-0.600000,0.600000,0.600000,-0.600000,0.600000,-0.600000,-0.600000,-0.600000,0.600000,-0.600000,-0.600000,0.716323,-0.600000,-0.600000,0.559845,-0.600000,-0.600000,-0.600000,-0.600000,0.589158,-0.600000,-0.621416,-0.600000,-0.600000,0.600000,-0.600000,-0.600000,0.600000,-0.600000,-0.600000,-0.600000,-0.600000,0.600000,0.600000,-0.600000,1.000000,-0.600000,0.600000,-0.600000,-0.600000,-0.635443,-0.600000,-0.600000,0.600000
577,0.600000,-0.600000,-0.600000,1.000000,-0.600000,-1.000000,-0.600000,0.600000,0.600000,0.600000,0.600000,-0.600000,-0.600000,-0.600000,-0.600000,-0.600000,0.600000,-0.600000,-0.600000,-0.600000,0.557380,0.600000,-0.600000,-0.621416,-0.600000,-0.600000,-0.630792,0.600000,-0.600000,0.600000,0.600000,-0.600000,0.600000,-0.600000,-0.600000,-0.600000,0.600000,-0.600000,-0.600000,0.716323,-0.600000,-0.600000,0.559845,-0.600000,-0.600000,-0.600000,-0.600000,0.589158,-0.600000,-0.621416,-0.600000,-0.600000,0.600000,-0.600000,-0.600000,0.600000,-0.600000,-0.600000,-0.600000,-0.600000,0.600000,0.600000,-0.600000,1.000000,-0.600000,0.600000,-0.600000,-0.600000,-0.635443,-0.600000,-0.600000,0.600000
578,0.600000,-0.600000,-0.600000,1.000000,-0.600000,-1.000000,-0.600000,0.600000,0.600000,0.600000,0.600000,-0.600000,-0.600000,-0.600000,-0.600000,-0.600000,0.600000,-0.600000,-0.600000,-0.600000,0.557380,0.600000,-0.600000,-0.621416,-0.600000,-0.600000,-0.630792,0.600000,-0.600000,0.600000,0.600000,-0.600000,0.600000,-0.600000,-0.600000,-0.600000,0.600000,-0.600000,-0.600000,0.716323,-0.600000,-0.600000,0.559845,-0.600000,-0.600000,-0.600000,-0.600000,0.589158,-0.600000,-0.621416,-0.600000,-0.600000,0.600000,-0.600000,-0.600000,0.600000,-0.600000,-0.600000,-0.600000,-0.600000,0.600000,0.600000,-0.600000,1.000000,-0.600000,0.600000,-0.600000,-0.600000,-0.635443,-0.600000,-0.600000,0.600000
579,0.600000,-0.600000,-0.600000,1.000000,-0.600000,-1.000000,-0.600000,0.600000,0.600000,0.600000,0.600000,-0.600000,-0.600000,-0.600000,-0.600000,-0.600000,0.600000,-0.600000,-0.600000,-0.600000,0.557380,0.600000,-0.600000,-0.621416,-0.600000,-0.600000,-0.630792,0.600000,-0.600000,0.600000,0.600000,-0.600000,0.600000,-0.600000,-0.600000,-0.600000,0.600000,-0.600000,-0.600000,0.716323,-0.600000,-0.600000,0.559845,-0.600000,-0.600000,-0.600000,-0.600000,0.589158,-0.600000,-0.621416,-0.600000,-0.600000,0.600000,-0.600000,-0.600000,0.600000,-0.600000,-0.600000,-0.600000,-0.600000,0.600000,0.600000,-0.600000,1.000000,-0.600000,0.600000,-0.600000,-0.600000,-0.635443,-0.600000,-0.600000,0.600000
580,0.600000,-0.600000,-0.600000,1.000000,-0.600000,-1.000000,-0.600000,0.600000,0.600000,0.600000,0.600000,-0.600000,-0.600000,-0.600000,-0.600000,-0.600000,0.600000,-0.600000,-0.600000,-0.600000,0.557380,0.600000,-0.600000,-0.621416,-0.600000,-0.600000,-0.630792,0.600000,-0.600000,0.600000,0.600000,-0.600000,0.600000,-0.600000,-0.600000,-0.600000,0.600000,-0.600000,-0.600000,0.716323,-0.600000,-0.600000,0.559845,-0.600000,-0.600000,-0.600000,-0.600000,0.589158,-0.600000,-0.621416,-0.600000,-0.600000,0.600000,-0.600000,-0.600000,0.600000,-0.600000,-0.600000,-0.600000,-0.600000,0.600000,0.600000,-0.600000,1.000000,-0.600000,0.600000,-0.600000,-0.600000,-0.635443,-0.600000,-0.600000,0.600000
581,0.600000,-0.600000,-0.600000,1.000000,-0.600000,-1.000000,-0.600000,0.600000,0.600000,0.600000,0.600000,-0.600000,-0.600000,-0.600000,-0.600000,-0.600000,0.600000,-0.600000,-0.600000,-0.600000,0.557380,0.600000,-0.600000,-0.621416,-0.600000,-0.600000,-0.630792,0.600000,-0.600000,0.600000,0.600000,-0.600000,0.600000,-0.600000,-0.600000,-0.600000,0.600000,-0.600000,-0.600000,0.716323,-0.600000,-0.600000,0.559845,-0.600000,-0.600000,-0.600000,-0.600000,0.589158,-0.600000,-0.621416,-0.600000,-0.600000,0.600000,-0.600000,-0.600000,0.600000,-0.600000,-0.600000,-0.600000,-0.600000,0.600000,0.600000,-0.600000,1.000000,-0.600000,0.600000,-0.600000,-0.600000,-0.635443,-0.600000,-0.600000,0.600000
582,0.600000,-0.600000,-0.600000,1.000000,-0.600000,-1.000000,-0.600000,0.600000,0.600000,0.600000,0.600000,-0.600000,-0.600000,-0.600000,-0.600000,-0.600000,0.600000,-0.600000,-0.600000,-0.600000,0.557380,0.600000,-0.600000,-0.621416,-0.600000,-0.600000,-0.630792,0.600000,-0.600000,0.600000,0.600000,-0.600000,0.600000,-0.600000,-0.600000,-0.600000,0.600000,-0.600000,-0.600000,0.716323,-0.600000,-0.600000,0.559845,-0.600000,-0.600000,-0.600000,-0.600000,0.589158,-0.600000,-0.621416,-0.600000,-0.600000,0.600000,-0.600000,-0.600000,0.600000,-0.600000,-0.600000,-0.600000,-0.600000,0.600000,0.600000,-0.600000,1.000000,-0.600000,0.600000,-0.600000,-0.600000,-0.635443,-0.600000,-0.600000,0.600000
583,0.600000,-0.600000,-0.600000,1.000000,-0.600000,-1.000000,-0.600000,0.600000,0.600000,0.600000,0.600000,-0.600000,-0.600000,-0.600000,-0.600000,-0.600000,0.600000,-0.600000,-0.600000,-0.600000,0.557380,0.600000,-0.600000,-0.621416,-0.600000,-0.600000,-0.630792,0.600000,-0.600000,0.600000,0.600000,-0.600000,0.600000,-0.600000,-0.600000,-0.600000,0.600000,-0.600000,-0.600000,0.716323,-0.600000,-0.600000,0.559845,-0.600000,-0.600000,-0.600000,-0.600000,0.589158,-0.600000,-0.621416,-0.600000,-0.600000,0.600000,-0.600000,-0.600000,0.600000,-0.600000,-0.600000,-0.600000,-0.600000,0.600000,0.600000,-0.600000,1.000000,-0.600000,0.600000,-0.600000,-0.600000,-0.635443,-0.600000,-0.600000,0.600000
584,0.600000,-0.600000,-0.600000,1.000000,-0.600000,-1.000000,-0.600000,0.600000,0.600000,0.600000,0.600000,-0.600000,-0.600000,-0.600000,-0.600000,-0.600000,0.600000,-0.600000,-0.600000,-0.600000,0.557380,0.600000,-0.600000,-0.621416,-0.600000,-0.600000,-0.630792,0.600000,-0.600000,0.600000,0.600000,-0.600000,0.600000,-0.600000,-0.600000,-0.600000,0.600000,-0.600000,-0.600000,0.716323,-0.600000,-0.600000,0.559845,-0.600000,-0.600000,-0.600000,-0.600000,0.589158,-0.600000,-0.621416,-0.600000,-0.600000,0.600000,-0.600000,-0.600000,0.600000,-0.600000,-0.600000,-0.600000,-0.600000,0.600000,0.600000,-0.600000,1.000000,-0.600000,0.600000,-0.600000,-0.600000,-0.635443,-0.600000,-0.600000,0.600000
585,0.600000,-0.600000,-0.600000,1.000000,-0.600000,-1.000000,-0.600000,0.600000,0.600000,0.600000,0.600000,-0.600000,-0.600000,-0.600000,-0.600000,-0.600000,0.600000,-0.600000,-0.600000,-0.600000,0.557380,0.600000,-0.600000,-0.621416,-0.600000,-0.600000,-0.630792,0.600000,-0.600000,0.600000,0.600000,-0.600000,0.600000,-0.600000,-0.600000,-0.600000,0.600000,-0.600000,-0.600000,0.716323,-0.600000,-0.600000,0.559845,-0.600000,-0.600000,-0.600000,-0.600000,0.589158,-0.600000,-0.621416,-0.600000,-0.600000,0.600000,-0.600000,-0.600000,0.600000,-0.600000,-0.600000,-0.600000,-0.600000,0.600000,0.600000,-0.600000,1.000000,-0.600000,0.600000,-0.600000,-0.600000,-0.635443,-0.600000,-0.600000,0.600000
586,0.600000,-0.600000,-0.600000,1.000000,-0.600000,-1.000000,-0.600000,0.600000,0.600000,0.600000,0.600000,-0.600000,-0.600000,-0.600000,-0.600000,-0.600000,0.600000,-0.600000,-0.600000,-0.600000,0.557380,0.600000,-0.600000,-0.621416,-0.600000,-0.600000,-0.630792,0.600000,-0.600000,0.600000,0.600000,-0.600000,0.600000,-0.600000,-0.600000,-0.600000,0.600000,-0.600000,-0.600000,0.716323,-0.600000,-0.600000,0.559845,-0.600000,-0.600000,-0.600000,-0.600000,0.589158,-0.600000,-0.621416,-0.600000,-0.600000,0.600000,-0.600000,-0.600000,0.600000,-0.600000,-0.600000,-0.600000,-0.600000,0.600000,0.600000,-0.600000,1.000000,-0.600000,0.600000,-0.600000,-0.600000,-0.635443,-0.600000,-0.600000,0.600000
587,0.600000,-0.600000,-0.600000,1.000000,-0.600000,-1.000000,-0.600000,0.600000,0.600000,0.600000,0.600000,-0.600000,-0.600000,-0.600000,-0.600000,-0.600000,0.600000,-0.600000,-0.600000,-0.600000,0.557380,0.600000,-0.600000,-0.621416,-0.600000,-0.600000,-0.630792,0.600000,-0.600000,0.600000,0.600000,-0.600000,0.600000,-0.600000,-0.600000,-0.600000,0.600000,-0.600000,-0.600000,0.716323,-0.600000,-0.600000,0.559845,-0.600000,-0.600000,-0.600000,-0.600000,0.589158,-0.600000,-0.621416,-0.600000,-0.600000,0.600000,-0.600000,-0.600000,0.600000,-0.600000,-0.600000,-0.600000,-0.600000,0.600000,0.600000,-0.600000,1.000000,-0.600000,0.600000,-0.600000,-0.600000,-0.635443,-0.600000,-0.600000,0.600000
588,0.600000,-0.600000,-0.600000,1.000000,-0.600000,-1.000000,-0.600000,0.600000,0.600000,0.600000,0.600000,-0.600000,-0.600000,-0.600000,-0.600000,-0.600000,0.600000,-0.600000,-0.600000,-0.600000,0.557380,0.600000,-0.600000,-0.621416,-0.600000,-0.600000,-0.630792,0.600000,-0.600000,0.600000,0.600000,-0.600000,0.600000,-0.600000,-0.600000,-0.600000,0.600000,-0.600000,-0.600000,0.716323,-0.600000,-0.600000,0.559845,-0.600000,-0.600000,-0.600000,-0.600000,0.589158,-0.600000,-0.621416,-0.600000,-0.600000,0.600000,-0.600000,-0.600000,0.600000,-0.600000,-0.600000,-0.600000,-0.600000,0.600000,0.600000,-0.600000,1.000000,-0.600000,0.600000,-0.600000,-0.600000,-0.635443,-0.600000,-0.600000,0.600000
589,0.600000,-0.600000,-0.600000,1.000000,-0.600000,-1.000000,-0.600000,0.600000,0.600000,0.600000,0.600000,-0.600000,-0.600000,-0.600000,-0.600000,-0.600000,0.600000,-0.600000,-0.600000,-0.600000,0.557380,0.600000,-0.600000,-0.621416,-0.600000,-0.600000,-0.630792,0.600000,-0.600000,0.600000,0.600000,-0.600000,0.600000,-0.600000,-0.600000,-0.600000,0.600000,-0.600000,-0.600000,0.716323,-0.600000,-0.600000,0.559845,-0.600000,-0.600000,-0.600000,-0.600000,0.589158,-0.600000,-0.621416,-0.600000,-0.600000,0.600000,-0.600000,-0.600000,0.600000,-0.600000,-0.600000,-0.600000,-0.600000,0.600000,0.600000,-0.600000,1.000000,-0.600000,0.600000,-0.600000,-0.600000,-0.635443,-0.600000,-0.600000,0.600000
590,0.600000,-0.600000,-0.600000,1.000000,-0.600000,-1.000000,-0.600000,0.600000,0.600000,0.600000,0.600000,-0.600000,-0.600000,-0.600000,-0.600000,-0.600000,0.600000,-0.600000,-0.600000,-0.600000,0.557380,0.600000,-0.600000,-0.621416,-0.600000,-0.600000,-0.630792,0.600000,-0.600000,0.600000,0.600000,-0.600000,0.600000,-0.600000,-0.600000,-0.600000,0.600000,-0.600000,-0.600000,0.716323,-0.600000,-0.600000,0.559845,-0.600000,-0.600000,-0.600000,-0.600000,0.589158,-0.600000,-0.621416,-0.600000,-0.600000,0.600000,-0.600000,-0.600000,0.600000,-0.600000,-0.600000,-0.600000,-0.600000,0.600000,0.600000,-0.600000,1.000000,-0.600000,0.600000,-0.600000,-0.600000,-0.635443,-0.600000,-0.600000,0.600000
591,0.600000,-0.600000,-0.600000,1.000000,-0.600000,-1.000000,-0.600000,0.600000,0.600000,0.600000,0.600000,-0.600000,-0.600000,-0.600000,-0.600000,-0.600000,0.600000,-0.600000,-0.600000,-0.600000,0.557380,0.600000,-0.600000,-0.621416,-0.600000,-0.600000,-0.630792,0.600000,-0.600000,0.600000,0.600000,-0.600000,0.600000,-0.600000,-0.600000,-0.600000,0.600000,-0.600000,-0.600000,0.716323,-0.600000,-0.600000,0.559845,-0.600000,-0.600000,-0.600000,-0.600000,0.589158,-0.600000,-0.621416,-0.600000,-0.600000,0.600000,-0.600000,-0.600000,0.600000,-0.600000,-0.600000,-0.600000,-0.600000,0.600000,0.600000,-0.600000,1.000000,-0.600000,0.600000,-0.600000,-0.600000,-0.635443,-0.600000,-0.600000,0.600000
592,0.600000,-0.600000,-0.600000,1.000000,-0.600000,-1.000000,-0.600000,0.600000,0.600000,0.600000,0.600000,-0.600000,-0.600000,-0.600000,-0.600000,-0.600000,0.600000,-0.600000,-0.600000,-0.600000,0.557380,0.600000,-0.600000,-0.621416,-0.600000,-0.600000,-0.630792,0.600000,-0.600000,0.600000,0.600000,-0.600000,0.600000,-0.600000,-0.600000,-0.600000,0.600000,-0.600000,-0.600000,0.716323,-0.600000,-0.600000,0.559845,-0.600000,-0.600000,-0.600000,-0.600000,0.589158,-0.600000,-0.621416,-0.600000,-0.600000,0.600000,-0.600000,-0.600000,0.600000,-0.600000,-0.600000,-0.600000,-0.600000,0.600000,0.600000,-0.600000,1.000000,-0.600000,0.600000,-0.600000,-0.600000,-0.635443,-0.600000,-0.600000,0.600000
593,0.600000,-0.600000,-0.600000,1.000000,-0.600000,-1.000000,-0.600000,0.600000,0.600000,0.600000,0.600000,-0.600000,-0.600000,-0.600000,-0.600000,-0.600000,0.600000,-0.600000,-0.600000,-0.600000,0.557380,0.600000,-0.600000,-0.621416,-0.600000,-0.600000,-0.630792,0.600000,-0.600000,0.600000,0.600000,-0.600000,0.600000,-0.600000,-0.600000,-0.600000,0.600000,-0.600000,-0.600000,0.716323,-0.600000,-0.600000,0.559845,-0.600000,-0.600000,-0.600000,-0.600000,0.589158,-0.600000,-0.621416,-0.600000,-0.600000,0.600000,-0.600000,-0.600000,0.600000,-0.600000,-0.600000,-0.600000,-0.600000,0.600000,0.600000,-0.600000,1.000000,-0.600000,0.600000,-0.600000,-0.600000,-0.635443,-0.600000,-0.600000,0.600000
594,0.600000,-0.600000,-0.600000,1.000000,-0.600000,-1.000000,-0.600000,0.600000,0.600000,0.600000,0.600000,-0.600000,-0.600000,-0.600000,-0.600000,-0.600000,0.600000,-0.600000,-0.600000,-0.600000,0.557380,0.600000,-0.600000,-0.621416,-0.600000,-0.600000,-0.630792,0.600000,-0.600000,0.600000,0.600000,-0.600000,0.600000,-0.600000,-0.600000,-0.600000,0.600000,-0.600000,-0.600000,0.716323,-0.600000,-0.600000,0.559845,-0.600000,-0.600000,-0.600000,-0.600000,0.589158,-0.600000,-0.621416,-0.600000,-0.600000,0.600000,-0.600000,-0.600000,0.600000,-0.600000,-0.600000,-0.600000,-0.600000,0.600000,0.600000,-0.600000,1.000000,-0.600000,0.600000,-0.600000,-0.600000,-0.635443,-0.600000,-0.600000,0.600000
595,0.600000,-0.600000,-0.600000,1.000000,-0.600000,-1.000000,-0.600000,0.600000,0.600000,0.600000,0.600000,-0.600000,-0.600000,-0.600000,-0.600000,-0.600000,0.600000,-0.600000,-0.600000,-0.600000,0.557380,0.600000,-0.600000,-0.621416,-0.600000,-0.600000,-0.630792,0.600000,-0.600000,0.600000,0.600000,-0.600000,0.600000,-0.600000,-0.600000,-0.600000,0.600000,-0.600000,-0.600000,0.716323,-0.600000,-0.600000,0.559845,-0.600000,-0.600000,-0.600000,-0.600000,0.589158,-0.600000,-0.621416,-0.600000,-0.600000,0.600000,-0.600000,-0.600000,0.600000,-0.600000,-0.600000,-0.600000,-0.600000,0.600000,0.600000,-0.600000,1.000000,-0.600000,0.600000,-0.600000,-0.600000,-0.635443,-0.600000,-0.600000,0.600000
596,0.600000,-0.600000,-0.600000,1.000000,-0.600000,-1.000000,-0.600000,0.600000,0.600000,0.600000,0.600000,-0.600000,-0.600000,-0.600000,-0.600000,-0.600000,0.600000,-0.600000,-0.600000,-0.600000,0.557380,0.600000,-0.600000,-0.621416,-0.600000,-0.600000,-0.630792,0.600000,-0.600000,0.600000,0.600000,-0.600000,0.600000,-0.600000,-0.600000,-0.600000,0.600000,-0.600000,-0.600000,0.716323,-0.600000,-0.600000,0.559845,-0.600000,-0.600000,-0.600000,-0.600000,0.589158,-0.600000,-0.621416,-0.600000,-0.600000,0.600000,-0.600000,-0.600000,0.600000,-0.600000,-0.600000,-0.600000,-0.600000,0.600000,0.600000,-0.600000,1.000000,-0.600000,0.600000,-0.600000,-0.600000,-0.635443,-0.600000,-0.600000,0.600000
597,0.600000,-0.600000,-0.600000,1.000000,-0.600000,-1.000000,-0.600000,0.600000,0.600000,0.600000,0.600000,-0.600000,-0.600000,-0.600000,-0.600000,-0.600000,0.600000,-0.600000,-0.600000,-0.600000,0.557380,0.600000,-0.600000,-0.621416,-0.600000,-0.600000,-0.630792,0.600000,-0.600000,0.600000,0.600000,-0.600000,0.600000,-0.600000,-0.600000,-0.600000,0.600000,-0.600000,-0.600000,0.716323,-0.600000,-0.600000,0.559845,-0.600000,-0.600000,-0.600000,-0.600000,0.589158,-0.600000,-0.621416,-0.600000,-0.600000,0.600000,-0.600000,-0.600000,0.600000,-0.600000,-0.600000,-0.600000,-0.600000,0.600000,0.600000,-0.600000,1.000000,-0.600000,0.600000,-0.600000,-0.600000,-0.635443,-0.600000,-0.600000,0.600000
598,0.600000,-0.600000,-0.600000,1.000000,-0.600000,-1.000000,-0.600000,0.600000,0.600000,0.600000,0.600000,-0.600000,-0.600000,-0.600000,-0.600000,-0.600000,0.600000,-0.600000,-0.600000,-0.600000,0.557380,0.600000,-0.600000,-0.621416,-0.600000,-0.600000,-0.630792,0.600000,-0.600000,0.600000,0.600000,-0.600000,0.600000,-0.600000,-0.600000,-0.600000,0.600000,-0.600000,-0.600000,0.716323,-0.600000,-0.600000,0.559845,-0.600000,-0.600000,-0.600000,-0.600000,0.589158,-0.600000,-0.621416,-0.600000,-0.600000,0.600000,-0.600000,-0.600000,0.600000,-0.600000,-0.600000,-0.600000,-0.600000,0.600000,0.600000,-0.600000,1.000000,-0.600000,0.600000,-0.600000,-0.600000,-0.635443,-0.600000,-0.600000,0.600000
599,0.600000,-0.600000,-0.600000,1.000000,-0.600000,-1.000000,-0.600000,0.600000,0.600000,0.600000,0.600000,-0.600000,-0.600000,-0.600000,-0.600000,-0.600000,0.600000,-0.600000,-0.600000,-0.600000,0.557380,0.600000,-0.600000,-0.621416,-0.600000,-0.600000,-0.630792,0.600000,-0.600000,0.600000,0.600000,-0.600000,0.600000,-0.600000,-0.600000,-0.600000,0.600000,-0.600000,-0.600000,0.716323,-0.600000,-0.600000,0.559845,-0.600000,-0.600000,-0.600000,-0.600000,0.589158,-0.600000,-0.621416,-0.600000,-0.600000,0.600000,-0.600000,-0.600000,0.600000,-0.600000,-0.600000,-0.600000,-0.600000,0.600000,0.600000,-0.600000,1.000000,-0.600000,0.600000,-0.600000,-0.600000,-0.635443,-0.600000,-0.600000,0.600000
600,0.600000,-0.600000,-0.600000,1.000000,-0.600000,-1.000000,-0.600000,0.600000,0.600000,0.600000,0.600000,-0.600000,-0.600000,-0.600000,-0.600000,-0.600000,0.600000,-0.600000,-0.600000,-0.600000,0.557380,0.600000,-0.600000,-0.621416,-0.600000,-0.600000,-0.630792,0.600000,-0.600000,0.600000,0.600000,-0.600000,0.600000,-0.600000,-0.600000,-0.600000,0.600000,-0.600000,-0.600000,0.716323,-0.600000,-0.600000,0.559845,-0.600000,-0.600000,-0.600000,-0.600000,0.589158,-0.600000,-0.621416,-0.600000,-0.600000,0.600000,-0.600000,-0.600000,0.600000,-0.600000,-0.600000,-0.600000,-0.600000,0.600000,0.600000,-0.600000,1.000000,-0.600000,0.600000,-0.600000,-0.600000,-0.635443,-0.600000,-0.600000,0.600000
601,0.600000,-0.600000,-0.600000,1.000000,-0.600000,-1.000000,-0.600000,0.600000,0.600000,0.600000,0.600000,-0.600000,-0.600000,-0.600000,-0.600000,-0.600000,0.600000,-0.600000,-0.600000,-0.600000,0.557380,0.600000,-0.600000,-0.621416,-0.600000,-0.600000,-0.630792,0.600000,-0.600000,0.600000,0.600000,-0.600000,0.600000,-0.600000,-0.600000,-0.600000,0.600000,-0.600000,-0.600000,0.716323,-0.600000,-0.600000,0.559845,-0.600000,-0.600000,-0.600000,-0.600000,0.589158,-0.600000,-0.621416,-0.600000,-0.600000,0.600000,-0.600000,-0.600000,0.600000,-0.600000,-0.600000,-0.600000,-0.600000,0.600000,0.600000,-0.600000,1.000000,-0.600000,0.600000,-0.600000,-0.600000,-0.635443,-0.600000,-0.600000,0.600000
602,0.600000,-0.600000,-0.600000,1.000000,-0.600000,-1.000000,-0.600000,0.600000,0.600000,0.600000,0.600000,-0.600000,-0.600000,-0.600000,-0.600000,-0.600000,0.600000,-0.600000,-0.600000,-0.600000,0.557380,0.600000,-0.600000,-0.621416,-0.600000,-0.600000,-0.630792,0.600000,-0.600000,0.600000,0.600000,-0.600000,0.600000,-0.600000,-0.600000,-0.600000,0.600000,-0.600000,-0.600000,0.716323,-0.600000,-0.600000,0.559845,-0.600000,-0.600000,-0.600000,-0.600000,0.589158,-0.600000,-0.621416,-0.600000,-0.600000,0.600000,-0.600000,-0.600000,0.600000,-0.600000,-0.600000,-0.600000,-0.600000,0.600000,0.600000,-0.600000,1.000000,-0.600000,0.600000,-0.600000,-0.600000,-0.635443,-0.600000,-0.600000,0.600000
603,0.600000,-0.600000,-0.600000,1.000000,-0.600000,-1.000000,-0.600000,0.600000,0.600000,0.600000,0.600000,-0.600000,-0.600000,-0.600000,-0.600000,-0.600000,0.600000,-0.600000,-0.600000,-0.600000,0.557380,0.600000,-0.600000,-0.621416,-0.600000,-0.600000,-0.630792,0.600000,-0.600000,0.600000,0.600000,-0.600000,0.600000,-0.600000,-0.600000,-0.600000,0.600000,-0.600000,-0.600000,0.716323,-0.600000,-0.600000,0.559845,-0.600000,-0.600000,-0.600000,-0.600000,0.589158,-0.600000,-0.621416,-0.600000,-0.600000,0.600000,-0.600000,-0.600000,0.600000,-0.600000,-0.600000,-0.600000,-0.600000,0.600000,0.600000,-0.600000,1.000000,-0.600000,0.600000,-0.600000,-0.600000,-0.635443,-0.600000,-0.600000,0.600000
604,0.600000,-0.600000,-0.600000,1.000000,-0.600000,-1.000000,-0.600000,0.600000,0.600000,0.600000,0.600000,-0.600000,-0.600000,-0.600000,-0.600000,-0.600000,0.600000,-0.600000,-0.600000,-0.600000,0.557380,0.600000,-0.600000,-0.621416,-0.600000,-0.600000,-0.630792,0.600000,-0.600000,0.600000,0.600000,-0.600000,0.600000,-0.600000,-0.600000,-0.600000,0.600000,-0.600000,-0.600000,0.716323,-0.600000,-0.600000,0.559845,-0.600000,-0.600000,-0.600000,-0.600000,0.589158,-0.600000,-0.621416,-0.600000,-0.600000,0.600000,-0.600000,-0.600000,0.600000,-0.600000,-0.600000,-0.600000,-0.600000,0.600000,0.600000,-0.600000,1.000000,-0.600000,0.600000,-0.600000,-0.600000,-0.635443,-0.600000,-0.600000,0.600000
605,0.600000,-0.600000,-0.600000,1.000000,-0.600000,-1.000000,-0.600000,0.600000,0.600000,0.600000,0.600000,-0.600000,-0.600000,-0.600000,-0.600000,-0.600000,0.600000,-0.600000,-0.600000,-0.600000,0.557380,0.600000,-0.600000,-0.621416,-0.600000,-0.600000,-0.630792,0.600000,-0.600000,0.600000,0.600000,-0.600000,0.600000,-0.600000,-0.600000,-0.600000,0.600000,-0.600000,-0.600000,0.716323,-0.600000,-0.600000,0.559845,-0.600000,-0.600000,-0.600000,-0.600000,0.589158,-0.600000,-0.621416,-0.600000,-0.600000,0.600000,-0.600000,-0.600000,0.600000,-0.600000,-0.600000,-0.600000,-0.600000,0.600000,0.600000,-0.600000,1.000000,-0.600000,0.600000,-0.600000,-0.600000,-0.635443,-0.600000,-0.600000,0.600000
606,0.600000,-0.600000,-0.600000,1.000000,-0.600000,-1.000000,-0.600000,0.600000,0.600000,0.600000,0.600000,-0.600000,-0.600000,-0.600000,-0.600000,-0.600000,0.600000,-0.600000,-0.600000,-0.600000,0.557380,0.600000,-0.600000,-0.621416,-0.600000,-0.600000,-0.630792,0.600000,-0.600000,0.600000,0.600000,-0.600000,0.600000,-0.600000,-0.600000,-0.600000,0.600000,-0.600000,-0.600000,0.716323,-0.600000,-0.600000,0.559845,-0.600000,-0.600000,-0.600000,-0.600000,0.589158,-0.600000,-0.621416,-0.600000,-0.600000,0.600000,-0.600000,-0.600000,0.600000,-0.600000,-0.600000,-0.600000,-0.600000,0.600000,0.600000,-0.600000,1.000000,-0.600000,0.600000,-0.600000,-0.600000,-0.635443,-0.600000,-0.600000,0.600000
607,0.600000,-0.600000,-0.600000,1.000000,-0.600000,-1.000000,-0.600000,0.600000,0.600000,0.600000,0.600000,-0.600000,-0.600000,-0.600000,-0.600000,-0.600000,0.600000,-0.600000,-0.600000,-0.600000,0.557380,0.600000,-0.600000,-0.621416,-0.600000,-0.600000,-0.630792,0.600000,-0.600000,0.600000,0.600000,-0.600000,0.600000,-0.600000,-0.600000,-0.600000,0.600000,-0.600000,-0.600000,0.716323,-0.600000,-0.600000,0.559845,-0.600000,-0.600000,-0.600000,-0.600000,0.589158,-0.600000,-0.621416,-0.600000,-0.600000,0.600000,-0.600000,-0.600000,0.600000,-0.600000,-0.600000,-0.600000,-0.600000,0.600000,0.600000,-0.600000,1.000000,-0.600000,0.600000,-0.600000,-0.600000,-0.635443,-0.600000,-0.600000,0.600000
608,0.600000,-0.600000,-0.600000,1.000000,-0.600000,-1.000000,-0.600000,0.600000,0.600000,0.600000,0.600000,-0.600000,-0.600000,-0.600000,-0.600000,-0.600000,0.600000,-0.600000,-0.600000,-0.600000,0.557380,0.600000,-0.600000,-0.621416,-0.600000,-0.600000,-0.630792,0.600000,-0.600000,0.600000,0.600000,-0.600000,0.600000,-0.600000,-0.600000,-0.600000,0.600000,-0.600000,-0.600000,0.716323,-0.600000,-0.600000,0.559845,-0.600000,-0.600000,-0.600000,-0.600000,0.589158,-0.600000,-0.621416,-0.600000,-0.600000,0.600000,-0.600000,-0.600000,0.600000,-0.600000,-0.600000,-0.600000,-0.600000,0.600000,0.600000,-0.600000,1.000000,-0.600000,0.600000,-0.600000,-0.600000,-0.635443,-0.600000,-0.600000,0.600000
609,0.600000,-0.600000,-0.600000,1.000000,-0.600000,-1.000000,-0.600000,0.600000,0.600000,0.600000,0.600000,-0.600000,-0.600000,-0.600000,-0.600000,-0.600000,0.600000,-0.600000,-0.600000,-0.600000,0.557380,0.600000,-0.600000,-0.621416,-0.600000,-0.600000,-0.630792,0.600000,-0.600000,0.600000,0.600000,-0.600000,0.600000,-0.600000,-0.600000,-0.600000,0.600000,-0.600000,-0.600000,0.716323,-0.600000,-0.600000,0.559845,-0.600000,-0.600000,-0.600000,-0.600000,0.589158,-0.600000,-0.621416,-0.600000,-0.600000,0.600000,-0.600000,-0.600000,0.600000,-0.600000,-0.600000,-0.600000,-0.600000,0.600000,0.600000,-0.600000,1.000000,-0.600000,0.600000,-0.600000,-0.600000,-0.635443,-0.600000,-0.600000,0.600000
610,0.600000,-0.600000,-0.600000,1.000000,-0.600000,-1.000000,-0.600000,0.600000,0.600000,0.600000,0.600000,-0.600000,-0.600000,-0.600000,-0.600000,-0.600000,0.600000,-0.600000,-0.600000,-0.600000,0.557380,0.600000,-0.600000,-0.621416,-0.600000,-0.600000,-0.630792,0.600000,-0.600000,0.600000,0.600000,-0.600000,0.600000,-0.600000,-0.600000,-0.600000,0.600000,-0.600000,-0.600000,0.716323,-0.600000,-0.600000,0.559845,-0.600000,-0.600000,-0.600000,-0.600000,0.589158,-0.600000,-0.621416,-0.600000,-0.600000,0.600000,-0.600000,-0.600000,0.600000,-0.600000,-0.600000,-0.600000,-0.600000,0.600000,0.600000,-0.600000,1.000000,-0.600000,0.600000,-0.600000,-0.600000,-0.635443,-0.600000,-0.600000,0.600000
611,0.600000,-0.600000,-0.600000,1.000000,-0.600000,-1.000000,-0.600000,0.600000,0.600000,0.600000,0.600000,-0.600000,-0.600000,-0.600000,-0.600000,-0.600000,0.600000,-0.600000,-0.600000,-0.600000,0.557380,0.600000,-0.600000,-0.621416,-0.600000,-0.600000,-0.630792,0.600000,-0.600000,0.600000,0.600000,-0.600000,0.600000,-0.600000,-0.600000,-0.600000,0.600000,-0.600000,-0.600000,0.716323,-0.600000,-0.600000,0.559845,-0.600000,-0.600000,-0.600000,-0.600000,0.589158,-0.600000,-0.621416,-0.600000,-0.600000,0.600000,-0.600000,-0.600000,0.600000,-0.600000,-0.600000,-0.600000,-0.600000,0.600000,0.600000,-0.600000,1.000000,-0.600000,0.600000,-0.600000,-0.600000,-0.635443,-0.600000,-0.600000,0.600000
612,0.600000,-0.600000,-0.600000,1.000000,-0.600000,-1.000000,-0.600000,0.600000,0.600000,0.600000,0.600000,-0.600000,-0.600000,-0.600000,-0.600000,-0.600000,0.600000,-0.600000,-0.600000,-0.600000,0.557380,0.600000,-0.600000,-0.621416,-0.600000,-0.600000,-0.630792,0.600000,-0.600000,0.600000,0.600000,-0.600000,0.600000,-0.600000,-0.600000,-0.600000,0.600000,-0.600000,-0.600000,0.716323,-0.600000,-0.600000,0.559845,-0.600000,-0.600000,-0.600000,-0.600000,0.589158,-0.600000,-0.621416,-0.600000,-0.600000,0.600000,-0.600000,-0.600000,0.600000,-0.600000,-0.600000,-0.600000,-0.600000,0.600000,0.600000,-0.600000,1.000000,-0.600000,0.600000,-0.600000,-0.600000,-0.635443,-0.600000,-0.600000,0.600000
613,0.600000,-0.600000,-0.600000,1.000000,-0.600000,-1.000000,-0.600000,0.600000,0.600000,0.600000,0.600000,-0.600000,-0.600000,-0.600000,-0.600000,-0.600000,0.600000,-0.600000,-0.600000,-0.600000,0.557380,0.600000,-0.600000,-0.621416,-0.600000,-0.600000,-0.630792,0.600000,-0.600000,0.600000,0.600000,-0.600000,0.600000,-0.600000,-0.600000,-0.600000,0.600000,-0.600000,-0.600000,0.716323,-0.600000,-0.600000,0.559845,-0.600000,-0.600000,-0.600000,-0.600000,0.589158,-0.600000,-0.621416,-0.600000,-0.600000,0.600000,-0.600000,-0.600000,0.600000,-0.600000,-0.600000,-0.600000,-0.600000,0.600000,0.600000,-0.600000,1.000000,-0.600000,0.600000,-0.600000,-0.600000,-0.635443,-0.600000,-0.600000,0.600000
614,0.600000,-0.600000,-0.600000,1.000000,-0.600000,-1.000000,-0.600000,0.600000,0.600000,0.600000,0.600000,-0.600000,-0.600000,-0.600000,-0.600000,-0.600000,0.600000,-0.600000,-0.600000,-0.600000,0.557380,0.600000,-0.600000,-0.621416,-0.600000,-0.600000,-0.630792,0.600000,-0.600000,0.600000,0.600000,-0.600000,0.600000,-0.600000,-0.600000,-0.600000,0.600000,-0.600000,-0.600000,0.716323,-0.600000,-0.600000,0.559845,-0.600000,-0.600000,-0.600000,-0.600000,0.589158,-0.600000,-0.621416,-0.600000,-0.600000,0.600000,-0.600000,-0.600000,0.600000,-0.600000,-0.600000,-0.600000,-0.600000,0.600000,0.600000,-0.600000,1.000000,-0.600000,0.600000,-0.600000,-0.600000,-0.635443,-0.600000,-0.600000,0.600000
615,0.600000,-0.600000,-0.600000,1.000000,-0.600000,-1.000000,-0.600000,0.600000,0.600000,0.600000,0.600000,-0.600000,-0.600000,-0.600000,-0.600000,-0.600000,0.600000,-0.600000,-0.600000,-0.600000,0.557380,0.600000,-0.600000,-0.621416,-0.600000,-0.600000,-0.630792,0.600000,-0.600000,0.600000,0.600000,-0.600000,0.600000,-0.600000,-0.600000,-0.600000,0.600000,-0.600000,-0.600000,0.716323,-0.600000,-0.600000,0.559845,-0.600000,-0.600000,-0.600000,-0.600000,0.589158,-0.600000,-0.621416,-0.600000,-0.600000,0.600000,-0.600000,-0.600000,0.600000,-0.600000,-0.600000,-0.600000,-0.600000,0.600000,0.600000,-0.600000,1.000000,-0.600000,0.600000,-0.600000,-0.600000,-0.635443,-0.600000,-0.600000,0.600000
616,0.600000,-0.600000,-0.600000,1.000000,-0.600000,-1.000000,-0.600000,0.600000,0.600000,0.600000,0.600000,-0.600000,-0.600000,-0.600000,-0.600000,-0.600000,0.600000,-0.600000,-0.600000,-0.600000,0.557380,0.600000,-0.600000,-0.621416,-0.600000,-0.600000,-0.630792,0.600000,-0.600000,0.600000,0.600000,-0.600000,0.600000,-0.600000,-0.600000,-0.600000,0.600000,-0.600000,-0.600000,0.716323,-0.600000,-0.600000,0.559845,-0.600000,-0.600000,-0.600000,-0.600000,0.589158,-0.600000,-0.621416,-0.600000,-0.600000,0.600000,-0.600000,-0.600000,0.600000,-0.600000,-0.600000,-0.600000,-0.600000,0.600000,0.600000,-0.600000,1.000000,-0.600000,0.600000,-0.600000,-0.600000,-0.635443,-0.600000,-0.600000,0.600000
617,0.600000,-0.600000,-0.600000,1.000000,-0.600000,-1.000000,-0.600000,0.600000,0.600000,0.600000,0.600000,-0.600000,-0.600000,-0.600000,-0.600000,-0.600000,0.600000,-0.600000,-0.600000,-0.600000,0.557380,0.600000,-0.600000,-0.621416,-0.600000,-0.600000,-0.630792,0.600000,-0.600000,0.600000,0.600000,-0.600000,0.600000,-0.600000,-0.600000,-0.600000,0.600000,-0.600000,-0.600000,0.716323,-0.600000,-0.600000,0.559845,-0.600000,-0.600000,-0.600000,-0.600000,0.589158,-0.600000,-0.621416,-0.600000,-0.600000,0.600000,-0.600000,-0.600000,0.600000,-0.600000,-0.600000,-0.600000,-0.600000,0.600000,0.600000,-0.600000,1.000000,-0.600000,0.600000,-0.600000,-0.600000,-0.635443,-0.600000,-0.600000,0.600000
618,0.600000,-0.600000,-0.600000,1.000000,-0.600000,-1.000000,-0.600000,0.600000,0.600000,0.600000,0.600000,-0.600000,-0.600000,-0.600000,-0.600000,-0.600000,0.600000,-0.600000,-0.600000,-0.600000,0.557380,0.600000,-0.600000,-0.621416,-0.600000,-0.600000,-0.630792,0.600000,-0.600000,0.600000,0.600000,-0.600000,0.600000,-0.600000,-0.600000,-0.600000,0.600000,-0.600000,-0.600000,0.716323,-0.600000,-0.600000,0.559845,-0.600000,-0.600000,-0.600000,-0.600000,0.589158,-0.600000,-0.621416,-0.600000,-0.600000,0.600000,-0.600000,-0.600000,0.600000,-0.600000,-0.600000,-0.600000,-0.600000,0.600000,0.600000,-0.600000,1.000000,-0.600000,0.600000,-0.600000,-0.600000,-0.635443,-0.600000,-0.600000,0.600000
619,0.600000,-0.600000,-0.600000,1.000000,-0.600000,-1.000000,-0.600000,0.600000,0.600000,0.600000,0.600000,-0.600000,-0.600000,-0.600000,-0.600000,-0.600000,0.600000,-0.600000,-0.600000,-0.600000,0.557380,0.600000,-0.600000,-0.621416,-0.600000,-0.600000,-0.630792,0.600000,-0.600000,0.600000,0.600000,-0.600000,0.600000,-0.600000,-0.600000,-0.600000,0.600000,-0.600000,-0.600000,0.716323,-0.600000,-0.600000,0.559845,-0.600000,-0.600000,-0.600000,-0.600000,0.589158,-0.600000,-0.621416,-0.600000,-0.600000,0.600000,-0.600000,-0.600000,0.600000,-0.600000,-0.600000,-0.600000,-0.600000,0.600000,0.600000,-0.600000,1.000000,-0.600000,0.600000,-0.600000,-0.600000,-0.635443,-0.600000,-0.600000,0.600000
620,0.600000,-0.600000,-0.600000,1.000000,-0.600000,-1.000000,-0.600000,0.600000,0.600000,0.600000,0.600000,-0.600000,-0.600000,-0.600000,-0.600000,-0.600000,0.600000,-0.600000,-0.600000,-0.600000,0.557380,0.600000,-0.600000,-0.621416,-0.600000,-0.600000,-0.630792,0.600000,-0.600000,0.600000,0.600000,-0.600000,0.600000,-0.600000,-0.600000,-0.600000,0.600000,-0.600000,-0.600000,0.716323,-0.600000,-0.600000,0.559845,-0.600000,-0.600000,-0.600000,-0.600000,0.589158,-0.600000,-0.621416,-0.600000,-0.600000,0.600000,-0.600000,-0.600000,0.600000,-0.600000,-0.600000,-0.600000,-0.600000,0.600000,0.600000,-0.600000,1.000000,-0.600000,0.600000,-0.600000,-0.600000,-0.635443,-0.600000,-0.600000,0.600000
621,0.600000,-0.600000,-0.600000,1.000000,-0.600000,-1.000000,-0.600000,0.600000,0.600000,0.600000,0.600000,-0.600000,-0.600000,-0.600000,-0.600000,-0.600000,0.600000,-0.600000,-0.600000,-0.600000,0.557380,0.600000,-0.600000,-0.621416,-0.600000,-0.600000,-0.630792,0.600000,-0.600000,0.600000,0.600000,-0.600000,0.600000,-0.600000,-0.600000,-0.600000,0.600000,-0.600000,-0.600000,0.716323,-0.600000,-0.600000,0.559845,-0.600000,-0.600000,-0.600000,-0.600000,0.589158,-0.600000,-0.621416,-0.600000,-0.600000,0.600000,-0.600000,-0.600000,0.600000,-0.600000,-0.600000,-0.600000,-0.600000,0.600000,0.600000,-0.600000,1.000000,-0.600000,0.600000,-0.600000,-0.600000,-0.635443,-0.600000,-0.600000,0.600000
622,0.600000,-0.600000,-0.600000,1.000000,-0.600000,-1.000000,-0.600000,0.600000,0.600000,0.600000,0.600000,-0.600000,-0.600000,-0.600000,-0.600000,-0.600000,0.600000,-0.600000,-0.600000,-0.600000,0.557380,0.600000,-0.600000,-0.621416,-0.600000,-0.600000,-0.630792,0.600000,-0.600000,0.600000,0.600000,-0.600000,0.600000,-0.600000,-0.600000,-0.600000,0.600000,-0.600000,-0.600000,0.716323,-0.600000,-0.600000,0.559845,-0.600000,-0.600000,-0.600000,-0.600000,0.589158,-0.600000,-0.621416,-0.600000,-0.600000,0.600000,-0.600000,-0.600000,0.600000,-0.600000,-0.600000,-0.600000,-0.600000,0.600000,0.600000,-0.600000,1.000000,-0.600000,0.600000,-0.600000,-0.600000,-0.635443,-0.600000,-0.600000,0.600000
623,0.600000,-0.600000,-0.600000,1.000000,-0.600000,-1.000000,-0.600000,0.600000,0.600000,0.600000,0.600000,-0.600000,-0.600000,-0.600000,-0.600000,-0.600000,0.600000,-0.600000,-0.600000,-0.600000,0.557380,0.600000,-0.600000,-0.621416,-0.600000,-0.600000,-0.630792,0.600000,-0.600000,0.600000,0.600000,-0.600000,0.600000,-0.600000,-0.600000,-0.600000,0.600000,-0.600000,-0.600000,0.716323,-0.600000,-0.600000,0.559845,-0.600000,-0.600000,-0.600000,-0.600000,0.589158,-0.600000,-0.621416,-0.600000,-0.600000,0.600000,-0.600000,-0.600000,0.600000,-0.600000,-0.600000,-0.600000,-0.600000,0.600000,0.600000,-0.600000,1.000000,-0.600000,0.600000,-0.600000,-0.600000,-0.635443,-0.600000,-0.600000,0.600000
624,0.600000,-0.600000,-0.600000,1.000000,-0.600000,-1.000000,-0.600000,0.600000,0.600000,0.600000,0.600000,-0.600000,-0.600000,-0.600000,-0.600000,-0.600000,0.600000,-0.600000,-0.600000,-0.600000,0.557380,0.600000,-0.600000,-0.621416,-0.600000,-0.600000,-0.630792,0.600000,-0.600000,0.600000,0.600000,-0.600000,0.600000,-0.600000,-0.600000,-0.600000,0.600000,-0.600000,-0.600000,0.716323,-0.600000,-0.600000,0.559845,-0.600000,-0.600000,-0.600000,-0.600000,0.589158,-0.600000,-0.621416,-0.600000,-0.600000,0.600000,-0.600000,-0.600000,0.600000,-0.600000,-0.600000,-0.600000,-0.600000,0.600000,0.600000,-0.600000,1.000000,-0.600000,0.600000,-0.600000,-0.600000,-0.635443,-0.600000,-0.600000,0.600000
625,0.600000,-0.600000,-0.600000,1.000000,-0.600000,-1.000000,-0.600000,0.600000,0.600000,0.600000,0.600000,-0.600000,-0.600000,-0.600000,-0.600000,-0.600000,0.600000,-0.600000,-0.600000,-0.600000,0.557380,0.600000,-0.600000,-0.621416,-0.600000,-0.600000,-0.630792,0.600000,-0.600000,0.600000,0.600000,-0.600000,0.600000,-0.600000,-0.600000,-0.600000,0.600000,-0.600000,-0.600000,0.716323,-0.600000,-0.600000,0.559845,-0.600000,-0.600000,-0.600000,-0.600000,0.589158,-0.600000,-0.621416,-0.600000,-0.600000,0.600000,-0.600000,-0.600000,0.600000,-0.600000,-0.600000,-0.600000,-0.600000,0.600000,0.600000,-0.600000,1.000000,-0.600000,0.600000,-0.600000,-0.600000,-0.635443,-0.600000,-0.600000,0.600000
626,0.600000,-0.600000,-0.600000,1.000000,-0.600000,-1.000000,-0.600000,0.600000,0.600000,0.600000,0.600000,-0.600000,-0.600000,-0.600000,-0.600000,-0.600000,0.600000,-0.600000,-0.600000,-0.600000,0.557380,0.600000,-0.600000,-0.621416,-0.600000,-0.600000,-0.630792,0.600000,-0.600000,0.600000,0.600000,-0.600000,0.600000,-0.600000,-0.600000,-0.600000,0.600000,-0.600000,-0.600000,0.716323,-0.600000,-0.600000,0.559845,-0.600000,-0.600000,-0.600000,-0.600000,0.589158,-0.600000,-0.621416,-0.600000,-0.600000,0.600000,-0.600000,-0.600000,0.600000,-0.600000,-0.600000,-0.600000,-0.600000,0.600000,0.600000,-0.600000,1.000000,-0.600000,0.600000,-0.600000,-0.600000,-0.635443,-0.600000,-0.600000,0.600000
627,0.600000,-0.600000,-0.600000,1.000000,-0.600000,-1.000000,-0.600000,0.600000,0.600000,0.600000,0.600000,-0.600000,-0.600000,-0.600000,-0.600000,-0.600000,0.600000,-0.600000,-0.600000,-0.600000,0.557380,0.600000,-0.600000,-0.621416,-0.600000,-0.600000,-0.630792,0.600000,-0.600000,0.600000,0.600000,-0.600000,0.600000,-0.600000,-0.600000,-0.600000,0.600000,-0.600000,-0.600000,0.716323,-0.600000,-0.600000,0.559845,-0.600000,-0.600000,-0.600000,-0.600000,0.589158,-0.600000,-0.621416,-0.600000,-0.600000,0.600000,-0.600000,-0.600000,0.600000,-0.600000,-0.600000,-0.600000,-0.600000,0.600000,0.600000,-0.600000,1.000000,-0.600000,0.600000,-0.600000,-0.600000,-0.635443,-0.600000,-0.600000,0.600000
628,0.600000,-0.600000,-0.600000,1.000000,-0.600000,-1.000000,-0.600000,0.600000,0.600000,0.600000,0.600000,-0.600000,-0.600000,-0.600000,-0.600000,-0.600000,0.600000,-0.600000,-0.600000,-0.600000,0.557380,0.600000,-0.600000,-0.621416,-0.600000,-0.600000,-0.630792,0.600000,-0.600000,0.600000,0.600000,-0.600000,0.600000,-0.600000,-0.600000,-0.600000,0.600000,-0.600000,-0.600000,0.716323,-0.600000,-0.600000,0.559845,-0.600000,-0.600000,-0.600000,-0.600000,0.589158,-0.600000,-0.621416,-0.600000,-0.600000,0.600000,-0.600000,-0.600000,0.600000,-0.600000,-0.600000,-0.600000,-0.600000,0.600000,0.600000,-0.600000,1.000000,-0.600000,0.600000,-0.600000,-0.600000,-0.635443,-0.600000,-0.600000,0.600000
629,0.600000,-0.600000,-0.600000,1.000000,-0.600000,-1.000000,-0.600000,0.600000,0.600000,0.600000,0.600000,-0.600000,-0.600000,-0.600000,-0.600000,-0.600000,0.600000,-0.600000,-0.600000,-0.600000,0.557380,0.600000,-0.600000,-0.621416,-0.600000,-0.600000,-0.630792,0.600000,-0.600000,0.600000,0.600000,-0.600000,0.600000,-0.600000,-0.600000,-0.600000,0.600000,-0.600000,-0.600000,0.716323,-0.600000,-0.600000,0.559845,-0.600000,-0.600000,-0.600000,-0.600000,0.589158,-0.600000,-0.621416,-0.600000,-0.600000,0.600000,-0.600000,-0.600000,0.600000,-0.600000,-0.600000,-0.600000,-0.600000,0.600000,0.600000,-0.600000,1.000000,-0.600000,0.600000,-0.600000,-0.600000,-0.635443,-0.600000,-0.600000,0.600000
630,0.600000,-0.600000,-0.600000,1.000000,-0.600000,-1.000000,-0.600000,0.600000,0.600000,0.600000,0.600000,-0.600000,-0.600000,-0.600000,-0.600000,-0.600000,0.600000,-0.600000,-0.600000,-0.600000,0.557380,0.600000,-0.600000,-0.621416,-0.600000,-0.600000,-0.630792,0.600000,-0.600000,0.600000,0.600000,-0.600000,0.600000,-0.600000,-0.600000,-0.600000,0.600000,-0.600000,-0.600000,0.716323,-0.600000,-0.600000,0.559845,-0.600000,-0.600000,-0.600000,-0.600000,0.589158,-0.600000,-0.621416,-0.600000,-0.600000,0.600000,-0.600000,-0.600000,0.600000,-0.600000,-0.600000,-0.600000,-0.600000,0.600000,0.600000,-0.600000,1.000000,-0.600000,0.600000,-0.600000,-0.600000,-0.635443,-0.600000,-0.600000,0.600000
631,0.600000,-0.600000,-0.600000,1.000000,-0.600000,-1.000000,-0.600000,0.600000,0.600000,0.600000,0.600000,-0.600000,-0.600000,-0.600000,-0.600000,-0.600000,0.600000,-0.600000,-0.600000,-0.600000,0.557380,0.600000,-0.600000,-0.621416,-0.600000,-0.600000,-0.630792,0.600000,-0.600000,0.600000,0.600000,-0.600000,0.600000,-0.600000,-0.600000,-0.600000,0.600000,-0.600000,-0.600000,0.716323,-0.600000,-0.600000,0.559845,-0.600000,-0.600000,-0.600000,-0.600000,0.589158,-0.600000,-0.621416,-0.600000,-0.600000,0.600000,-0.600000,-0.600000,0.600000,-0.600000,-0.600000,-0.600000,-0.600000,0.600000,0.600000,-0.600000,1.000000,-0.600000,0.600000,-0.600000,-0.600000,-0.635443,-0.600000,-0.600000,0.600000
632,0.600000,-0.600000,-0.600000,1.000000,-0.600000,-1.000000,-0.600000,0.600000,0.600000,0.600000,0.600000,-0.600000,-0.600000,-0.600000,-0.600000,-0.600000,0.600000,-0.600000,-0.600000,-0.600000,0.557380,0.600000,-0.600000,-0.621416,-0.600000,-0.600000,-0.630792,0.600000,-0.600000,0.600000,0.600000,-0.600000,0.600000,-0.600000,-0.600000,-0.600000,0.600000,-0.600000,-0.600000,0.716323,-0.600000,-0.600000,0.559845,-0.600000,-0.600000,-0.600000,-0.600000,0.589158,-0.600000,-0.621416,-0.600000,-0.600000,0.600000,-0.600000,-0.600000,0.600000,-0.600000,-0.600000,-0.600000,-0.600000,0.600000,0.600000,-0.600000,1.000000,-0.600000,0.600000,-0.600000,-0.600000,-0.635443,-0.600000,-0.600000,0.600000
633,0.600000,-0.600000,-0.600000,1.000000,-0.600000,-1.000000,-0.600000,0.600000,0.600000,0.600000,0.600000,-0.600000,-0.600000,-0.600000,-0.600000,-0.600000,0.600000,-0.600000,-0.600000,-0.600000,0.557380,0.600000,-0.600000,-0.621416,-0.600000,-0.600000,-0.630792,0.600000,-0.600000,0.600000,0.600000,-0.600000,0.600000,-0.600000,-0.600000,-0.600000,0.600000,-0.600000,-0.600000,0.716323,-0.600000,-0.600000,0.559845,-0.600000,-0.600000,-0.600000,-0.600000,0.589158,-0.600000,-0.621416,-0.600000,-0.600000,0.600000,-0.600000,-0.600000,0.600000,-0.600000,-0.600000,-0.600000,-0.600000,0.600000,0.600000,-0.600000,1.000000,-0.600000,0.600000,-0.600000,-0.600000,-0.635443,-0.600000,-0.600000,0.600000
634,0.600000,-0.600000,-0.600000,1.000000,-0.600000,-1.000000,-0.600000,0.600000,0.600000,0.600000,0.600000,-0.600000,-0.600000,-0.600000,-0.600000,-0.600000,0.600000,-0.600000,-0.600000,-0.600000,0.557380,0.600000,-0.600000,-0.621416,-0.600000,-0.600000,-0.630792,0.600000,-0.600000,0.600000,0.600000,-0.600000,0.600000,-0.600000,-0.600000,-0.600000,0.600000,-0.600000,-0.600000,0.716323,-0.600000,-0.600000,0.559845,-0.600000,-0.600000,-0.600000,-0.600000,0.589158,-0.600000,-0.621416,-0.600000,-0.600000,0.600000,-0.600000,-0.600000,0.600000,-0.600000,-0.600000,-0.600000,-0.600000,0.600000,0.600000,-0.600000,1.000000,-0.600000,0.600000,-0.600000,-0.600000,-0.635443,-0.600000,-0.600000,0.600000
635,0.600000,-0.600000,-0.600000,1.000000,-0.600000,-1.000000,-0.600000,0.600000,0.600000,0.600000,0.600000,-0.600000,-0.600000,-0.600000,-0.600000,-0.600000,0.600000,-0.600000,-0.600000,-0.600000,0.557380,0.600000,-0.600000,-0.621416,-0.600000,-0.600000,-0.630792,0.600000,-0.600000,0.600000,0.600000,-0.600000,0.600000,-0.600000,-0.600000,-0.600000,0.600000,-0.600000,-0.600000,0.716323,-0.600000,-0.600000,0.559845,-0.600000,-0.600000,-0.600000,-0.600000,0.589158,-0.600000,-0.621416,-0.600000,-0.600000,0.600000,-0.600000,-0.600000,0.600000,-0.600000,-0.600000,-0.600000,-0.600000,0.600000,0.600000,-0.600000,1.000000,-0.600000,0.600000,-0.600000,-0.600000,-0.635443,-0.600000,-0.600000,0.600000
636,0.600000,-0.600000,-0.600000,1.000000,-0.600000,-1.000000,-0.600000,0.600000,0.600000,0.600000,0.600000,-0.600000,-0.600000,-0.600000,-0.600000,-0.600000,0.600000,-0.600000,-0.600000,-0.600000,0.557380,0.600000,-0.600000,-0.621416,-0.600000,-0.600000,-0.630792,0.600000,-0.600000,0.600000,0.600000,-0.600000,0.600000,-0.600000,-0.600000,-0.600000,0.600000,-0.600000,-0.600000,0.716323,-0.600000,-0.600000,0.559845,-0.600000,-0.600000,-0.600000,-0.600000,0.589158,-0.600000,-0.621416,-0.600000,-0.600000,0.600000,-0.600000,-0.600000,0.600000,-0.600000,-0.600000,-0.600000,-0.600000,0.600000,0.600000,-0.600000,1.000000,-0.600000,0.600000,-0.600000,-0.600000,-0.635443,-0.600000,-0.600000,0.600000
637,0.600000,-0.600000,-0.600000,1.000000,-0.600000,-1.000000,-0.600000,0.600000,0.600000,0.600000,0.600000,-0.600000,-0.600000,-0.600000,-0.600000,-0.600000,0.600000,-0.600000,-0.600000,-0.600000,0.557380,0.600000,-0.600000,-0.621416,-0.600000,-0.600000,-0.630792,0.600000,-0.600000,0.600000,0.600000,-0.600000,0.600000,-0.600000,-0.600000,-0.600000,0.600000,-0.600000,-0.600000,0.716323,-0.600000,-0.600000,0.559845,-0.600000,-0.600000,-0.600000,-0.600000,0.589158,-0.600000,-0.621416,-0.600000,-0.600000,0.600000,-0.600000,-0.600000,0.600000,-0.600000,-0.600000,-0.600000,-0.600000,0.600000,0.600000,-0.600000,1.000000,-0.600000,0.600000,-0.600000,-0.600000,-0.635443,-0.600000,-0.600000,0.600000
638,0.600000,-0.600000,-0.600000,1.000000,-0.600000,-1.000000,-0.600000,0.600000,0.600000,0.600000,0.600000,-0.600000,-0.600000,-0.600000,-0.600000,-0.600000,0.600000,-0.600000,-0.600000,-0.600000,0.557380,0.600000,-0.600000,-0.621416,-0.600000,-0.600000,-0.630792,0.600000,-0.600000,0.600000,0.600000,-0.600000,0.600000,-0.600000,-0.600000,-0.600000,0.600000,-0.600000,-0.600000,0.716323,-0.600000,-0.600000,0.559845,-0.600000,-0.600000,-0.600000,-0.600000,0.589158,-0.600000,-0.621416,-0.600000,-0.600000,0.600000,-0.600000,-0.600000,0.600000,-0.600000,-0.600000,-0.600000,-0.600000,0.600000,0.600000,-0.600000,1.000000,-0.600000,0.600000,-0.600000,-0.600000,-0.635443,-0.600000,-0.600000,0.600000
639,0.600000,-0.600000,-0.600000,1.000000,-0.600000,-1.000000,-0.600000,0.600000,0.600000,0.600000,0.600000,-0.600000,-0.600000,-0.600000,-0.600000,-0.600000,0.600000,-0.600000,-0.600000,-0.600000,0.557380,0.600000,-0.600000,-0.621416,-0.600000,-0.600000,-0.630792,0.600000,-0.600000,0.600000,0.600000,-0.600000,0.600000,-0.600000,-0.600000,-0.600000,0.600000,-0.600000,-0.600000,0.716323,-0.600000,-0.600000,0.559845,-0.600000,-0.600000,-0.600000,-0.600000,0.589158,-0.600000,-0.621416,-0.600000,-0.600000,0.600000,-0.600000,-0.600000,0.600000,-0.600000,-0.600000,-0.600000,-0.600000,0.600000,0.600000,-0.600000,1.000000,-0.600000,0.600000,-0.600000,-0.600000,-0.635443,-0.600000,-0.600000,0.600000
640,0.600000,-0.600000,-0.600000,1.000000,-0.600000,-1.000000,-0.600000,0.600000,0.600000,0.600000,0.600000,-0.600000,-0.600000,-0.600000,-0.600000,-0.600000,0.600000,-0.600000,-0.600000,-0.600000,0.557380,0.600000,-0.600000,-0.621416,-0.600000,-0.600000,-0.630792,0.600000,-0.600000,0.600000,0.600000,-0.600000,0.600000,-0.600000,-0.600000,-0.600000,0.600000,-0.600000,-0.600000,0.716323,-0.600000,-0.600000,0.559845,-0.600000,-0.600000,-0.600000,-0.600000,0.589158,-0.600000,-0.621416,-0.600000,-0.600000,0.600000,-0.600000,-0.600000,0.600000,-0.600000,-0.600000,-0.600000,-0.600000,0.600000,0.600000,-0.600000,1.000000,-0.600000,0.600000,-0.600000,-0.600000,-0.635443,-0.600000,-0.600000,0.600000
641,0.600000,-0.600000,-0.600000,1.000000,-0.600000,-1.000000,-0.600000,0.600000,0.600000,0.600000,0.600000,-0.600000,-0.600000,-0.600000,-0.600000,-0.600000,0.600000,-0.600000,-0.600000,-0.600000,0.557380,0.600000,-0.600000,-0.621416,-0.600000,-0.600000,-0.630792,0.600000,-0.600000,0.600000,0.600000,-0.600000,0.600000,-0.600000,-0.600000,-0.600000,0.600000,-0.600000,-0.600000,0.716323,-0.600000,-0.600000,0.559845,-0.600000,-0.600000,-0.600000,-0.600000,0.589158,-0.600000,-0.621416,-0.600000,-0.600000,0.600000,-0.600000,-0.600000,0.600000,-0.600000,-0.600000,-0.600000,-0.600000,0.600000,0.600000,-0.600000,1.000000,-0.600000,0.600000,-0.600000,-0.600000,-0.635443,-0.600000,-0.600000,0.600000
642,0.600000,-0.600000,-0.600000,1.000000,-0.600000,-1.000000,-0.600000,0.600000,0.600000,0.600000,0.600000,-0.600000,-0.600000,-0.600000,-0.600000,-0.600000,0.600000,-0.600000,-0.600000,-0.600000,0.557380,0.600000,-0.600000,-0.621416,-0.600000,-0.600000,-0.630792,0.600000,-0.600000,0.600000,0.600000,-0.600000,0.600000,-0.600000,-0.600000,-0.600000,0.600000,-0.600000,-0.600000,0.716323,-0.600000,-0.600000,0.559845,-0.600000,-0.600000,-0.600000,-0.600000,0.589158,-0.600000,-0.621416,-0.600000,-0.600000,0.600000,-0.600000,-0.600000,0.600000,-0.600000,-0.600000,-0.600000,-0.600000,0.600000,0.600000,-0.600000,1.000000,-0.600000,0.600000,-0.600000,-0.600000,-0.635443,-0.600000,-0.600000,0.600000
643,0.600000,-0.600000,-0.600000,1.000000,-0.600000,-1.000000,-0.600000,0.600000,0.600000,0.600000,0.600000,-0.600000,-0.600000,-0.600000,-0.600000,-0.600000,0.600000,-0.600000,-0.600000,-0.600000,0.557380,0.600000,-0.600000,-0.621416,-0.600000,-0.600000,-0.630792,0.600000,-0.600000,0.600000,0.600000,-0.600000,0.600000,-0.600000,-0.600000,-0.600000,0.600000,-0.600000,-0.600000,0.716323,-0.600000,-0.600000,0.559845,-0.600000,-0.600000,-0.600000,-0.600000,0.589158,-0.600000,-0.621416,-0.600000,-0.600000,0.600000,-0.600000,-0.600000,0.600000,-0.600000,-0.600000,-0.600000,-0.600000,0.600000,0.600000,-0.600000,1.000000,-0.600000,0.600000,-0.600000,-0.600000,-0.635443,-0.600000,-0.600000,0.600000
644,0.600000,-0.600000,-0.600000,1.000000,-0.600000,-1.000000,-0.600000,0.600000,0.600000,0.600000,0.600000,-0.600000,-0.600000,-0.600000,-0.600000,-0.600000,0.600000,-0.600000,-0.600000,-0.600000,0.557380,0.600000,-0.600000,-0.621416,-0.600000,-0.600000,-0.630792,0.600000,-0.600000,0.600000,0.600000,-0.600000,0.600000,-0.600000,-0.600000,-0.600000,0.600000,-0.600000,-0.600000,0.716323,-0.600000,-0.600000,0.559845,-0.600000,-0.600000,-0.600000,-0.600000,0.589158,-0.600000,-0.621416,-0.600000,-0.600000,0.600000,-0.600000,-0.600000,0.600000,-0.600000,-0.600000,-0.600000,-0.600000,0.600000,0.600000,-0.600000,1.000000,-0.600000,0.600000,-0.600000,-0.600000,-0.635443,-0.600000,-0.600000,0.600000
645,0.600000,-0.600000,-0.600000,1.000000,-0.600000,-1.000000,-0.600000,0.600000,0.600000,0.600000,0.600000,-0.600000,-0.600000,-0.600000,-0.600000,-0.600000,0.600000,-0.600000,-0.600000,-0.600000,0.557380,0.600000,-0.600000,-0.621416,-0.600000,-0.600000,-0.630792,0.600000,-0.600000,0.600000,0.600000,-0.600000,0.600000,-0.600000,-0.600000,-0.600000,0.600000,-0.600000,-0.600000,0.716323,-0.600000,-0.600000,0.559845,-0.600000,-0.600000,-0.600000,-0.600000,0.589158,-0.600000,-0.621416,-0.600000,-0.600000,0.600000,-0.600000,-0.600000,0.600000,-0.600000,-0.600000,-0.600000,-0.600000,0.600000,0.600000,-0.600000,1.000000,-0.600000,0.600000,-0.600000,-0.600000,-0.635443,-0.600000,-0.600000,0.600000
646,0.600000,-0.600000,-0.600000,1.000000,-0.600000,-1.000000,-0.600000,0.600000,0.600000,0.600000,0.600000,-0.600000,-0.600000,-0.600000,-0.600000,-0.600000,0.600000,-0.600000,-0.600000,-0.600000,0.557380,0.600000,-0.600000,-0.621416,-0.600000,-0.600000,-0.630792,0.600000,-0.600000,0.600000,0.600000,-0.600000,0.600000,-0.600000,-0.600000,-0.600000,0.600000,-0.600000,-0.600000,0.716323,-0.600000,-0.600000,0.559845,-0.600000,-0.600000,-0.600000,-0.600000,0.589158,-0.600000,-0.621416,-0.600000,-0.600000,0.600000,-0.600000,-0.600000,0.600000,-0.600000,-0.600000,-0.600000,-0.600000,0.600000,0.600000,-0.600000,1.000000,-0.600000,0.600000,-0.600000,-0.600000,-0.635443,-0.600000,-0.600000,0.600000
647,0.600000,-0.600000,-0.600000,1.000000,-0.600000,-1.000000,-0.600000,0.600000,0.600000,0.600000,0.600000,-0.600000,-0.600000,-0.600000,-0.600000,-0.600000,0.600000,-0.600000,-0.600000,-0.600000,0.557380,0.600000,-0.600000,-0.621416,-0.600000,-0.600000,-0.630792,0.600000,-0.600000,0.600000,0.600000,-0.600000,0.600000,-0.600000,-0.600000,-0.600000,0.600000,-0.600000,-0.600000,0.716323,-0.600000,-0.600000,0.559845,-0.600000,-0.600000,-0.600000,-0.600000,0.589158,-0.600000,-0.621416,-0.600000,-0.600000,0.600000,-0.600000,-0.600000,0.600000,-0.600000,-0.600000,-0.600000,-0.600000,0.600000,0.600000,-0.600000,1.000000,-0.600000,0.600000,-0.600000,-0.600000,-0.635443,-0.600000,-0.600000,0.600000
648,0.600000,-0.600000,-0.600000,1.000000,-0.600000,-1.000000,-0.600000,0.600000,0.600000,0.600000,0.600000,-0.600000,-0.600000,-0.600000,-0.600000,-0.600000,0.600000,-0.600000,-0.600000,-0.600000,0.557380,0.600000,-0.600000,-0.621416,-0.600000,-0.600000,-0.630792,0.600000,-0.600000,0.600000,0.600000,-0.600000,0.600000,-0.600000,-0.600000,-0.600000,0.600000,-0.600000,-0.600000,0.716323,-0.600000,-0.600000,0.559845,-0.600000,-0.600000,-0.600000,-0.600000,0.589158,-0.600000,-0.621416,-0.600000,-0.600000,0.600000,-0.600000,-0.600000,0.600000,-0.600000,-0.600000,-0.600000,-0.600000,0.600000,0.600000,-0.600000,1.000000,-0.600000,0.600000,-0.600000,-0.600000,-0.635443,-0.600000,-0.600000,0.600000
649,0.600000,-0.600000,-0.600000,1.000000,-0.600000,-1.000000,-0.600000,0.600000,0.600000,0.600000,0.600000,-0.600000,-0.600000,-0.600000,-0.600000,-0.600000,0.600000,-0.600000,-0.600000,-0.600000,0.557380,0.600000,-0.600000,-0.621416,-0.600000,-0.600000,-0.630792,0.600000,-0.600000,0.600000,0.600000,-0.600000,0.600000,-0.600000,-0.600000,-0.600000,0.600000,-0.600000,-0.600000,0.716323,-0.600000,-0.600000,0.559845,-0.600000,-0.600000,-0.600000,-0.600000,0.589158,-0.600000,-0.621416,-0.600000,-0.600000,0.600000,-0.600000,-0.600000,0.600000,-0.600000,-0.600000,-0.600000,-0.600000,0.600000,0.600000,-0.600000,1.000000,-0.600000,0.600000,-0.600000,-0.600000,-0.635443,-0.600000,-0.600000,0.600000
650,0.600000,-0.600000,-0.600000,1.000000,-0.600000,-1.000000,-0.600000,0.600000,0.600000,0.600000,0.600000,-0.600000,-0.600000,-0.600000,-0.600000,-0.600000,0.600000,-0.600000,-0.600000,-0.600000,0.557380,0.600000,-0.600000,-0.621416,-0.600000,-0.600000,-0.630792,0.600000,-0.600000,0.600000,0.600000,-0.600000,0.600000,-0.600000,-0.600000,-0.600000,0.600000,-0.600000,-0.600000,0.716323,-0.600000,-0.600000,0.559845,-0.600000,-0.600000,-0.600000,-0.600000,0.589158,-0.600000,-0.621416,-0.600000,-0.600000,0.600000,-0.600000,-0.600000,0.600000,-0.600000,-0.600000,-0.600000,-0.600000,0.600000,0.600000,-0.600000,1.000000,-0.600000,0.600000,-0.600000,-0.600000,-0.635443,-0.600000,-0.600000,0.600000
651,0.600000,-0.600000,-0.600000,1.000000,-0.600000,-1.000000,-0.600000,0.600000,0.600000,0.600000,0.600000,-0.600000,-0.600000,-0.600000,-0.600000,-0.600000,0.600000,-0.600000,-0.600000,-0.600000,0.557380,0.600000,-0.600000,-0.621416,-0.600000,-0.600000,-0.630792,0.600000,-0.600000,0.600000,0.600000,-0.600000,0.600000,-0.600000,-0.600000,-0.600000,0.600000,-0.600000,-0.600000,0.716323,-0.600000,-0.600000,0.559845,-0.600000,-0.600000,-0.600000,-0.600000,0.589158,-0.600000,-0.621416,-0.600000,-0.600000,0.600000,-0.600000,-0.600000,0.600000,-0.600000,-0.600000,-0.600000,-0.600000,0.600000,0.600000,-0.600000,1.000000,-0.600000,0.600000,-0.600000,-0.600000,-0.635443,-0.600000,-0.600000,0.600000
652,0.600000,-0.600000,-0.600000,1.000000,-0.600000,-1.000000,-0.600000,0.600000,0.600000,0.600000,0.600000,-0.600000,-0.600000,-0.600000,-0.600000,-0.600000,0.600000,-0.600000,-0.600000,-0.600000,0.557380,0.600000,-0.600000,-0.621416,-0.600000,-0.600000,-0.630792,0.600000,-0.600000,0.600000,0.600000,-0.600000,0.600000,-0.600000,-0.600000,-0.600000,0.600000,-0.600000,-0.600000,0.716323,-0.600000,-0.600000,0.559845,-0.600000,-0.600000,-0.600000,-0.600000,0.589158,-0.600000,-0.621416,-0.600000,-0.600000,0.600000,-0.600000,-0.600000,0.600000,-0.600000,-0.600000,-0.600000,-0.600000,0.600000,0.600000,-0.600000,1.000000,-0.600000,0.600000,-0.600000,-0.600000,-0.635443,-0.600000,-0.600000,0.600000
653,0.600000,-0.600000,-0.600000,1.000000,-0.600000,-1.000000,-0.600000,0.600000,0.600000,0.600000,0.600000,-0.600000,-0.600000,-0.600000,-0.600000,-0.600000,0.600000,-0.600000,-0.600000,-0.600000,0.557380,0.600000,-0.600000,-0.621416,-0.600000,-0.600000,-0.630792,0.600000,-0.600000,0.600000,0.600000,-0.600000,0.600000,-0.600000,-0.600000,-0.600000,0.600000,-0.600000,-0.600000,0.716323,-0.600000,-0.600000,0.559845,-0.600000,-0.600000,-0.600000,-0.600000,0.589158,-0.600000,-0.621416,-0.600000,-0.600000,0.600000,-0.600000,-0.600000,0.600000,-0.600000,-0.600000,-0.600000,-0.600000,0.600000,0.600000,-0.600000,1.000000,-0.600000,0.600000,-0.600000,-0.600000,-0.635443,-0.600000,-0.600000,0.600000
654,0.600000,-0.600000,-0.600000,1.000000,-0.600000,-1.000000,-0.600000,0.600000,0.600000,0.600000,0.600000,-0.600000,-0.600000,-0.600000,-0.600000,-0.600000,0.600000,-0.600000,-0.600000,-0.600000,0.557380,0.600000,-0.600000,-0.621416,-0.600000,-0.600000,-0.630792,0.600000,-0.600000,0.600000,0.600000,-0.600000,0.600000,-0.600000,-0.600000,-0.600000,0.600000,-0.600000,-0.600000,0.716323,-0.600000,-0.600000,0.559845,-0.600000,-0.600000,-0.600000,-0.600000,0.589158,-0.600000,-0.621416,-0.600000,-0.600000,0.600000,-0.600000,-0.600000,0.600000,-0.600000,-0.600000,-0.600000,-0.600000,0.600000,0.600000,-0.600000,1.000000,-0.600000,0.600000,-0.600000,-0.600000,-0.635443,-0.600000,-0.600000,0.600000
655,0.600000,-0.600000,-0.600000,1.000000,-0.600000,-1.000000,-0.600000,0.600000,0.600000,0.600000,0.600000,-0.600000,-0.600000,-0.600000,-0.600000,-0.600000,0.600000,-0.600000,-0.600000,-0.600000,0.557380,0.600000,-0.600000,-0.621416,-0.600000,-0.600000,-0.630792,0.600000,-0.600000,0.600000,0.600000,-0.600000,0.600000,-0.600000,-0.600000,-0.600000,0.600000,-0.600000,-0.600000,0.716323,-0.600000,-0.600000,0.559845,-0.600000,-0.600000,-0.600000,-0.600000,0.589158,-0.600000,-0.621416,-0.600000,-0.600000,0.600000,-0.600000,-0.600000,0.600000,-0.600000,-0.600000,-0.600000,-0.600000,0.600000,0.600000,-0.600000,1.000000,-0.600000,0.600000,-0.600000,-0.600000,-0.635443,-0.600000,-0.600000,0.600000
656,0.600000,-0.600000,-0.600000,1.000000,-0.600000,-1.000000,-0.600000,0.600000,0.600000,0.600000,0.600000,-0.600000,-0.600000,-0.600000,-0.600000,-0.600000,0.600000,-0.600000,-0.600000,-0.600000,0.557380,0.600000,-0.600000,-0.621416,-0.600000,-0.600000,-0.630792,0.600000,-0.600000,0.600000,0.600000,-0.600000,0.600000,-0.600000,-0.600000,-0.600000,0.600000,-0.600000,-0.600000,0.716323,-0.600000,-0.600000,0.559845,-0.600000,-0.600000,-0.600000,-0.600000,0.589158,-0.600000,-0.621416,-0.600000,-0.600000,0.600000,-0.600000,-0.600000,0.600000,-0.600000,-0.600000,-0.600000,-0.600000,0.600000,0.600000,-0.600000,1.000000,-0.600000,0.600000,-0.600000,-0.600000,-0.635443,-0.600000,-0.600000,0.600000
657,0.600000,-0.600000,-0.600000,1.000000,-0.600000,-1.000000,-0.600000,0.600000,0.600000,0.600000,0.600000,-0.600000,-0.600000,-0.600000,-0.600000,-0.600000,0.600000,-0.600000,-0.600000,-0.600000,0.557380,0.600000,-0.600000,-0.621416,-0.600000,-0.600000,-0.630792,0.600000,-0.600000,0.600000,0.600000,-0.600000,0.600000,-0.600000,-0.600000,-0.600000,0.600000,-0.600000,-0.600000,0.716323,-0.600000,-0.600000,0.559845,-0.600000,-0.600000,-0.600000,-0.600000,0.589158,-0.600000,-0.621416,-0.600000,-0.600000,0.600000,-0.600000,-0.600000,0.600000,-0.600000,-0.600000,-0.600000,-0.600000,0.600000,0.600000,-0.600000,1.000000,-0.600000,0.600000,-0.600000,-0.600000,-0.635443,-0.600000,-0.600000,0.600000
658,0.600000,-0.600000,-0.600000,1.000000,-0.600000,-1.000000,-0.600000,0.600000,0.600000,0.600000,0.600000,-0.600000,-0.600000,-0.600000,-0.600000,-0.600000,0.600000,-0.600000,-0.600000,-0.600000,0.557380,0.600000,-0.600000,-0.621416,-0.600000,-0.600000,-0.630792,0.600000,-0.600000,0.600000,0.600000,-0.600000,0.600000,-0.600000,-0.600000,-0.600000,0.600000,-0.600000,-0.600000,0.716323,-0.600000,-0.600000,0.559845,-0.600000,-0.600000,-0.600000,-0.600000,0.589158,-0.600000,-0.621416,-0.600000,-0.600000,0.600000,-0.600000,-0.600000,0.600000,-0.600000,-0.600000,-0.600000,-0.600000,0.600000,0.600000,-0.600000,1.000000,-0.600000,0.600000,-0.600000,-0.600000,-0.635443,-0.600000,-0.600000,0.600000
659,0.600000,-0.600000,-0.600000,1.000000,-0.600000,-1.000000,-0.600000,0.600000,0.600000,0.600000,0.600000,-0.600000,-0.600000,-0.600000,-0.600000,-0.600000,0.600000,-0.600000,-0.600000,-0.600000,0.557380,0.600000,-0.600000,-0.621416,-0.600000,-0.600000,-0.630792,0.600000,-0.600000,0.600000,0.600000,-0.600000,0.600000,-0.600000,-0.600000,-0.600000,0.600000,-0.600000,-0.600000,0.716323,-0.600000,-0.600000,0.559845,-0.600000,-0.600000,-0.600000,-0.600000,0.589158,-0.600000,-0.621416,-0.600000,-0.600000,0.600000,-0.600000,-0.600000,0.600000,-0.600000,-0.600000,-0.600000,-0.600000,0.600000,0.600000,-0.600000,1.000000,-0.600000,0.600000,-0.600000,-0.600000,-0.635443,-0.600000,-0.600000,0.600000
660,0.600000,-0.600000,-0.600000,1.000000,-0.600000,-1.000000,-0.600000,0.600000,0.600000,0.600000,0.600000,-0.600000,-0.600000,-0.600000,-0.600000,-0.600000,0.600000,-0.600000,-0.600000,-0.600000,0.557380,0.600000,-0.600000,-0.621416,-0.600000,-0.600000,-0.630792,0.600000,-0.600000,0.600000,0.600000,-0.600000,0.600000,-0.600000,-0.600000,-0.600000,0.600000,-0.600000,-0.600000,0.716323,-0.600000,-0.600000,0.559845,-0.600000,-0.600000,-0.600000,-0.600000,0.589158,-0.600000,-0.621416,-0.600000,-0.600000,0.600000,-0.600000,-0.600000,0.600000,-0.600000,-0.600000,-0.600000,-0.600000,0.600000,0.600000,-0.600000,1.000000,-0.600000,0.600000,-0.600000,-0.600000,-0.635443,-0.600000,-0.600000,0.600000
661,0.600000,-0.600000,-0.600000,1.000000,-0.600000,-1.000000,-0.600000,0.600000,0.600000,0.600000,0.600000,-0.600000,-0.600000,-0.600000,-0.600000,-0.600000,0.600000,-0.600000,-0.600000,-0.600000,0.557380,0.600000,-0.600000,-0.621416,-0.600000,-0.600000,-0.630792,0.600000,-0.600000,0.600000,0.600000,-0.600000,0.600000,-0.600000,-0.600000,-0.600000,0.600000,-0.600000,-0.600000,0.716323,-0.600000,-0.600000,0.559845,-0.600000,-0.600000,-0.600000,-0.600000,0.589158,-0.600000,-0.621416,-0.600000,-0.600000,0.600000,-0.600000,-0.600000,0.600000,-0.600000,-0.600000,-0.600000,-0.600000,0.600000,0.600000,-0.600000,1.000000,-0.600000,0.600000,-0.600000,-0.600000,-0.635443,-0.600000,-0.600000,0.600000
662,0.600000,-0.600000,-0.600000,1.000000,-0.600000,-1.000000,-0.600000,0.600000,0.600000,0.600000,0.600000,-0.600000,-0.600000,-0.600000,-0.600000,-0.600000,0.600000,-0.600000,-0.600000,-0.600000,0.557380,0.600000,-0.600000,-0.621416,-0.600000,-0.600000,-0.630792,0.600000,-0.600000,0.600000,0.600000,-0.600000,0.600000,-0.600000,-0.600000,-0.600000,0.600000,-0.600000,-0.600000,0.716323,-0.600000,-0.600000,0.559845,-0.600000,-0.600000,-0.600000,-0.600000,0.589158,-0.600000,-0.621416,-0.600000,-0.600000,0.600000,-0.600000,-0.600000,0.600000,-0.600000,-0.600000,-0.600000,-0.600000,0.600000,0.600000,-0.600000,1.000000,-0.600000,0.600000,-0.600000,-0.600000,-0.635443,-0.600000,-0.600000,0.600000
663,0.600000,-0.600000,-0.600000,1.000000,-0.600000,-1.000000,-0.600000,0.600000,0.600000,0.600000,0.600000,-0.600000,-0.600000,-0.600000,-0.600000,-0.600000,0.600000,-0.600000,-0.600000,-0.600000,0.557380,0.600000,-0.600000,-0.621416,-0.600000,-0.600000,-0.630792,0.600000,-0.600000,0.600000,0.600000,-0.600000,0.600000,-0.600000,-0.600000,-0.600000,0.600000,-0.600000,-0.600000,0.716323,-0.600000,-0.600000,0.559845,-0.600000,-0.600000,-0.600000,-0.600000,0.589158,-0.600000,-0.621416,-0.600000,-0.600000,0.600000,-0.600000,-0.600000,0.600000,-0.600000,-0.600000,-0.600000,-0.600000,0.600000,0.600000,-0.600000,1.000000,-0.600000,0.600000,-0.600000,-0.600000,-0.635443,-0.600000,-0.600000,0.600000
664,0.600000,-0.600000,-0.600000,1.000000,-0.600000,-1.000000,-0.600000,0.600000,0.600000,0.600000,0.600000,-0.600000,-0.600000,-0.600000,-0.600000,-0.600000,0.600000,-0.600000,-0.600000,-0.600000,0.557380,0.600000,-0.600000,-0.621416,-0.600000,-0.600000,-0.630792,0.600000,-0.600000,0.600000,0.600000,-0.600000,0.600000,-0.600000,-0.600000,-0.600000,0.600000,-0.600000,-0.600000,0.716323,-0.600000,-0.600000,0.559845,-0.600000,-0.600000,-0.600000,-0.600000,0.589158,-0.600000,-0.621416,-0.600000,-0.600000,0.600000,-0.600000,-0.600000,0.600000,-0.600000,-0.600000,-0.600000,-0.600000,0.600000,0.600000,-0.600000,1.000000,-0.600000,0.600000,-0.600000,-0.600000,-0.635443,-0.600000,-0.600000,0.600000
665,0.600000,-0.600000,-0.600000,1.000000,-0.600000,-1.000000,-0.600000,0.600000,0.600000,0.600000,0.600000,-0.600000,-0.600000,-0.600000,-0.600000,-0.600000,0.600000,-0.600000,-0.600000,-0.600000,0.557380,0.600000,-0.600000,-0.621416,-0.600000,-0.600000,-0.630792,0.600000,-0.600000,0.600000,0.600000,-0.600000,0.600000,-0.600000,-0.600000,-0.600000,0.600000,-0.600000,-0.600000,0.716323,-0.600000,-0.600000,0.559845,-0.600000,-0.600000,-0.600000,-0.600000,0.589158,-0.600000,-0.621416,-0.600000,-0.600000,0.600000,-0.600000,-0.600000,0.600000,-0.600000,-0.600000,-0.600000,-0.600000,0.600000,0.600000,-0.600000,1.000000,-0.600000,0.600000,-0.600000,-0.600000,-0.635443,-0.600000,-0.600000,0.600000
666,0.600000,-0.600000,-0.600000,1.000000,-0.600000,-1.000000,-0.600000,0.600000,0.600000,0.600000,0.600000,-0.600000,-0.600000,-0.600000,-0.600000,-0.600000,0.600000,-0.600000,-0.600000,-0.600000,0.557380,0.600000,-0.600000,-0.621416,-0.600000,-0.600000,-0.630792,0.600000,-0.600000,0.600000,0.600000,-0.600000,0.600000,-0.600000,-0.600000,-0.600000,0.600000,-0.600000,-0.600000,0.716323,-0.600000,-0.600000,0.559845,-0.600000,-0.600000,-0.600000,-0.600000,0.589158,-0.600000,-0.621416,-0.600000,-0.600000,0.600000,-0.600000,-0.600000,0.600000,-0.600000,-0.600000,-0.600000,-0.600000,0.600000,0.600000,-0.600000,1.000000,-0.600000,0.600000,-0.600000,-0.600000,-0.635443,-0.600000,-0.600000,0.600000
667,0.600000,-0.600000,-0.600000,1.000000,-0.600000,-1.000000,-0.600000,0.600000,0.600000,0.600000,0.600000,-0.600000,-0.600000,-0.600000,-0.600000,-0.600000,0.600000,-0.600000,-0.600000,-0.600000,0.557380,0.600000,-0.600000,-0.621416,-0.600000,-0.600000,-0.630792,0.600000,-0.600000,0.600000,0.600000,-0.600000,0.600000,-0.600000,-0.600000,-0.600000,0.600000,-0.600000,-0.600000,0.716323,-0.600000,-0.600000,0.559845,-0.600000,-0.600000,-0.600000,-0.600000,0.589158,-0.600000,-0.621416,-0.600000,-0.600000,0.600000,-0.600000,-0.600000,0.600000,-0.600000,-0.600000,-0.600000,-0.600000,0.600000,0.600000,-0.600000,1.000000,-0.600000,0.600000,-0.600000,-0.600000,-0.635443,-0.600000,-0.600000,0.600000
668,0.600000,-0.600000,-0.600000,1.000000,-0.600000,-1.000000,-0.600000,0.600000,0.600000,0.600000,0.600000,-0.600000,-0.600000,-0.600000,-0.600000,-0.600000,0.600000,-0.600000,-0.600000,-0.600000,0.557380,0.600000,-0.600000,-0.621416,-0.600000,-0.600000,-0.630792,0.600000,-0.600000,0.600000,0.600000,-0.600000,0.600000,-0.600000,-0.600000,-0.600000,0.600000,-0.600000,-0.600000,0.716323,-0.600000,-0.600000,0.559845,-0.600000,-0.600000,-0.600000,-0.600000,0.589158,-0.600000,-0.621416,-0.600000,-0.600000,0.600000,-0.600000,-0.600000,0.600000,-0.600000,-0.600000,-0.600000,-0.600000,0.600000,0.600000,-0.600000,1.000000,-0.600000,0.600000,-0.600000,-0.600000,-0.635443,-0.600000,-0.600000,0.600000
669,0.600000,-0.600000,-0.600000,1.000000,-0.600000,-1.000000,-0.600000,0.600000,0.600000,0.600000,0.600000,-0.600000,-0.600000,-0.600000,-0.600000,-0.600000,0.600000,-0.600000,-0.600000,-0.600000,0.557380,0.600000,-0.600000,-0.621416,-0.600000,-0.600000,-0.630792,0.600000,-0.600000,0.600000,0.600000,-0.600000,0.600000,-0.600000,-0.600000,-0.600000,0.600000,-0.600000,-0.600000,0.716323,-0.600000,-0.600000,0.559845,-0.600000,-0.600000,-0.600000,-0.600000,0.589158,-0.600000,-0.621416,-0.600000,-0.600000,0.600000,-0.600000,-0.600000,0.600000,-0.600000,-0.600000,-0.600000,-0.600000,0.600000,0.600000,-0.600000,1.000000,-0.600000,0.600000,-0.600000,-0.600000,-0.635443,-0.600000,-0.600000,0.600000
670,0.600000,-0.600000,-0.600000,1.000000,-0.600000,-1.000000,-0.600000,0.600000,0.600000,0.600000,0.600000,-0.600000,-0.600000,-0.600000,-0.600000,-0.600000,0.600000,-0.600000,-0.600000,-0.600000,0.557380,0.600000,-0.600000,-0.621416,-0.600000,-0.600000,-0.630792,0.600000,-0.600000,0.600000,0.600000,-0.600000,0.600000,-0.600000,-0.600000,-0.600000,0.600000,-0.600000,-0.600000,0.716323,-0.600000,-0.600000,0.559845,-0.600000,-0.600000,-0.600000,-0.600000,0.589158,-0.600000,-0.621416,-0.600000,-0.600000,0.600000,-0.600000,-0.600000,0.600000,-0.600000,-0.600000,-0.600000,-0.600000,0.600000,0.600000,-0.600000,1.000000,-0.600000,0.600000,-0.600000,-0.600000,-0.635443,-0.600000,-0.600000,0.600000
671,0.600000,-0.600000,-0.600000,1.000000,-0.600000,-1.000000,-0.600000,0.600000,0.600000,0.600000,0.600000,-0.600000,-0.600000,-0.600000,-0.600000,-0.600000,0.600000,-0.600000,-0.600000,-0.600000,0.557380,0.600000,-0.600000,-0.621416,-0.600000,-0.600000,-0.630792,0.600000,-0.600000,0.600000,0.600000,-0.600000,0.600000,-0.600000,-0.600000,-0.600000,0.600000,-0.600000,-0.600000,0.716323,-0.600000,-0.600000,0.559845,-0.600000,-0.600000,-0.600000,-0.600000,0.589158,-0.600000,-0.621416,-0.600000,-0.600000,0.600000,-0.600000,-0.600000,0.600000,-0.600000,-0.600000,-0.600000,-0.600000,0.600000,0.600000,-0.600000,1.000000,-0.600000,0.600000,-0.600000,-0.600000,-0.635443,-0.600000,-0.600000,0.600000
672,0.600000,-0.600000,-0.600000,1.000000,-0.600000,-1.000000,-0.600000,0.600000,0.600000,0.600000,0.600000,-0.600000,-0.600000,-0.600000,-0.600000,-0.600000,0.600000,-0.600000,-0.600000,-0.600000,0.557380,0.600000,-0.600000,-0.621416,-0.600000,-0.600000,-0.630792,0.600000,-0.600000,0.600000,0.600000,-0.600000,0.600000,-0.600000,-0.600000,-0.600000,0.600000,-0.600000,-0.600000,0.716323,-0.600000,-0.600000,0.559845,-0.600000,-0.600000,-0.600000,-0.600000,0.589158,-0.600000,-0.621416,-0.600000,-0.600000,0.600000,-0.600000,-0.600000,0.600000,-0.600000,-0.600000,-0.600000,-0.600000,0.600000,0.600000,-0.600000,1.000000,-0.600000,0.600000,-0.600000,-0.600000,-0.635443,-0.600000,-0.600000,0.600000
673,0.600000,-0.600000,-0.600000,1.000000,-0.600000,-1.000000,-0.600000,0.600000,0.600000,0.600000,0.600000,-0.600000,-0.600000,-0.600000,-0.600000,-0.600000,0.600000,-0.600000,-0.600000,-0.600000,0.557380,0.600000,-0.600000,-0.621416,-0.600000,-0.600000,-0.630792,0.600000,-0.600000,0.600000,0.600000,-0.600000,0.600000,-0.600000,-0.600000,-0.600000,0.600000,-0.600000,-0.600000,0.716323,-0.600000,-0.600000,0.559845,-0.600000,-0.600000,-0.600000,-0.600000,0.589158,-0.600000,-0.621416,-0.600000,-0.600000,0.600000,-0.600000,-0.600000,0.600000,-0.600000,-0.600000,-0.600000,-0.600000,0.600000,0.600000,-0.600000,1.000000,-0.600000,0.600000,-0.600000,-0.600000,-0.635443,-0.600000,-0.600000,0.600000
674,0.600000,-0.600000,-0.600000,1.000000,-0.600000,-1.000000,-0.600000,0.600000,0.600000,0.600000,0.600000,-0.600000,-0.600000,-0.600000,-0.600000,-0.600000,0.600000,-0.600000,-0.600000,-0.600000,0.557380,0.600000,-0.600000,-0.621416,-0.600000,-0.600000,-0.630792,0.600000,-0.600000,0.600000,0.600000,-0.600000,0.600000,-0.600000,-0.600000,-0.600000,0.600000,-0.600000,-0.600000,0.716323,-0.600000,-0.600000,0.559845,-0.600000,-0.600000,-0.600000,-0.600000,0.589158,-0.600000,-0.621416,-0.600000,-0.600000,0.600000,-0.600000,-0.600000,0.600000,-0.600000,-0.600000,-0.600000,-0.600000,0.600000,0.600000,-0.600000,1.000000,-0.600000,0.600000,-0.600000,-0.600000,-0.635443,-0.600000,-0.600000,0.600000
675,0.600000,-0.600000,-0.600000,1.000000,-0.600000,-1.000000,-0.600000,0.600000,0.600000,0.600000,0.600000,-0.600000,-0.600000,-0.600000,-0.600000,-0.600000,0.600000,-0.600000,-0.600000,-0.600000,0.557380,0.600000,-0.600000,-0.621416,-0.600000,-0.600000,-0.630792,0.600000,-0.600000,0.600000,0.600000,-0.600000,0.600000,-0.600000,-0.600000,-0.600000,0.600000,-0.600000,-0.600000,0.716323,-0.600000,-0.600000,0.559845,-0.600000,-0.600000,-0.600000,-0.600000,0.589158,-0.600000,-0.621416,-0.600000,-0.600000,0.600000,-0.600000,-0.600000,0.600000,-0.600000,-0.600000,-0.600000,-0.600000,0.600000,0.600000,-0.600000,1.000000,-0.600000,0.600000,-0.600000,-0.600000,-0.635443,-0.600000,-0.600000,0.600000
676,0.600000,-0.600000,-0.600000,1.000000,-0.600000,-1.000000,-0.600000,0.600000,0.600000,0.600000,0.600000,-0.600000,-0.600000,-0.600000,-0.600000,-0.600000,0.600000,-0.600000,-0.600000,-0.600000,0.557380,0.600000,-0.600000,-0.621416,-0.600000,-0.600000,-0.630792,0.600000,-0.600000,0.600000,0.600000,-0.600000,0.600000,-0.600000,-0.600000,-0.600000,0.600000,-0.600000,-0.600000,0.716323,-0.600000,-0.600000,0.559845,-0.600000,-0.600000,-0.600000,-0.600000,0.589158,-0.600000,-0.621416,-0.600000,-0.600000,0.600000,-0.600000,-0.600000,0.600000,-0.600000,-0.600000,-0.600000,-0.600000,0.600000,0.600000,-0.600000,1.000000,-0.600000,0.600000,-0.600000,-0.600000,-0.635443,-0.600000,-0.600000,0.600000
677,0.600000,-0.600000,-0.600000,1.000000,-0.600000,-1.000000,-0.600000,0.600000,0.600000,0.600000,0.600000,-0.600000,-0.600000,-0.600000,-0.600000,-0.600000,0.600000,-0.600000,-0.600000,-0.600000,0.557380,0.600000,-0.600000,-0.621416,-0.600000,-0.600000,-0.630792,0.600000,-0.600000,0.600000,0.600000,-0.600000,0.600000,-0.600000,-0.600000,-0.600000,0.600000,-0.600000,-0.600000,0.716323,-0.600000,-0.600000,0.559845,-0.600000,-0.600000,-0.600000,-0.600000,0.589158,-0.600000,-0.621416,-0.600000,-0.600000,0.600000,-0.600000,-0.600000,0.600000,-0.600000,-0.600000,-0.600000,-0.600000,0.600000,0.600000,-0.600000,1.000000,-0.600000,0.600000,-0.600000,-0.600000,-0.635443,-0.600000,-0.600000,0.600000
678,0.600000,-0.600000,-0.600000,1.000000,-0.600000,-1.000000,-0.600000,0.600000,0.600000,0.600000,0.600000,-0.600000,-0.600000,-0.600000,-0.600000,-0.600000,0.600000,-0.600000,-0.600000,-0.600000,0.557380,0.600000,-0.600000,-0.621416,-0.600000,-0.600000,-0.630792,0.600000,-0.600000,0.600000,0.600000,-0.600000,0.600000,-0.600000,-0.600000,-0.600000,0.600000,-0.600000,-0.600000,0.716323,-0.600000,-0.600000,0.559845,-0.600000,-0.600000,-0.600000,-0.600000,0.589158,-0.600000,-0.621416,-0.600000,-0.600000,0.600000,-0.600000,-0.600000,0.600000,-0.600000,-0.600000,-0.600000,-0.600000,0.600000,0.600000,-0.600000,1.000000,-0.600000,0.600000,-0.600000,-0.600000,-0.635443,-0.600000,-0.600000,0.600000
679,0.600000,-0.600000,-0.600000,1.000000,-0.600000,-1.000000,-0.600000,0.600000,0.600000,0.600000,0.600000,-0.600000,-0.600000,-0.600000,-0.600000,-0.600000,0.600000,-0.600000,-0.600000,-0.600000,0.557380,0.600000,-0.600000,-0.621416,-0.600000,-0.600000,-0.630792,0.600000,-0.600000,0.600000,0.600000,-0.600000,0.600000,-0.600000,-0.600000,-0.600000,0.600000,-0.600000,-0.600000,0.716323,-0.600000,-0.600000,0.559845,-0.600000,-0.600000,-0.600000,-0.600000,0.589158,-0.600000,-0.621416,-0.600000,-0.600000,0.600000,-0.600000,-0.600000,0.600000,-0.600000,-0.600000,-0.600000,-0.600000,0.600000,0.600000,-0.600000,1.000000,-0.600000,0.600000,-0.600000,-0.600000,-0.635443,-0.600000,-0.600000,0.600000
680,0.600000,-0.600000,-0.600000,1.000000,-0.600000,-1.000000,-0.600000,0.600000,0.600000,0.600000,0.600000,-0.600000,-0.600000,-0.600000,-0.600000,-0.600000,0.600000,-0.600000,-0.600000,-0.600000,0.557380,0.600000,-0.600000,-0.621416,-0.600000,-0.600000,-0.630792,0.600000,-0.600000,0.600000,0.600000,-0.600000,0.600000,-0.600000,-0.600000,-0.600000,0.600000,-0.600000,-0.600000,0.716323,-0.600000,-0.600000,0.559845,-0.600000,-0.600000,-0.600000,-0.600000,0.589158,-0.600000,-0.621416,-0.600000,-0.600000,0.600000,-0.600000,-0.600000,0.600000,-0.600000,-0.600000,-0.600000,-0.600000,0.600000,0.600000,-0.600000,1.000000,-0.600000,0.600000,-0.600000,-0.600000,-0.635443,-0.600000,-0.600000,0.600000
681,0.600000,-0.600000,-0.600000,1.000000,-0.600000,-1.000000,-0.600000,0.600000,0.600000,0.600000,0.600000,-0.600000,-0.600000,-0.600000,-0.600000,-0.600000,0.600000,-0.600000,-0.600000,-0.600000,0.557380,0.600000,-0.600000,-0.621416,-0.600000,-0.600000,-0.630792,0.600000,-0.600000,0.600000,0.600000,-0.600000,0.600000,-0.600000,-0.600000,-0.600000,0.600000,-0.600000,-0.600000,0.716323,-0.600000,-0.600000,0.559845,-0.600000,-0.600000,-0.600000,-0.600000,0.589158,-0.600000,-0.621416,-0.600000,-0.600000,0.600000,-0.600000,-0.600000,0.600000,-0.600000,-0.600000,-0.600000,-0.600000,0.600000,0.600000,-0.600000,1.000000,-0.600000,0.600000,-0.600000,-0.600000,-0.635443,-0.600000,-0.600000,0.600000
682,0.600000,-0.600000,-0.600000,1.000000,-0.600000,-1.000000,-0.600000,0.600000,0.600000,0.600000,0.600000,-0.600000,-0.600000,-0.600000,-0.600000,-0.600000,0.600000,-0.600000,-0.600000,-0.600000,0.557380,0.600000,-0.600000,-0.621416,-0.600000,-0.600000,-0.630792,0.600000,-0.600000,0.600000,0.600000,-0.600000,0.600000,-0.600000,-0.600000,-0.600000,0.600000,-0.600000,-0.600000,0.716323,-0.600000,-0.600000,0.559845,-0.600000,-0.600000,-0.600000,-0.600000,0.589158,-0.600000,-0.621416,-0.600000,-0.600000,0.600000,-0.600000,-0.600000,0.600000,-0.600000,-0.600000,-0.600000,-0.600000,0.600000,0.600000,-0.600000,1.000000,-0.600000,0.600000,-0.600000,-0.600000,-0.635443,-0.600000,-0.600000,0.600000
683,0.600000,-0.600000,-0.600000,1.000000,-0.600000,-1.000000,-0.600000,0.600000,0.600000,0.600000,0.600000,-0.600000,-0.600000,-0.600000,-0.600000,-0.600000,0.600000,-0.600000,-0.600000,-0.600000,0.557380,0.600000,-0.600000,-0.621416,-0.600000,-0.600000,-0.630792,0.600000,-0.600000,0.600000,0.600000,-0.600000,0.600000,-0.600000,-0.600000,-0.600000,0.600000,-0.600000,-0.600000,0.716323,-0.600000,-0.600000,0.559845,-0.600000,-0.600000,-0.600000,-0.600000,0.589158,-0.600000,-0.621416,-0.600000,-0.600000,0.600000,-0.600000,-0.600000,0.600000,-0.600000,-0.600000,-0.600000,-0.600000,0.600000,0.600000,-0.600000,1.000000,-0.600000,0.600000,-0.600000,-0.600000,-0.635443,-0.600000,-0.600000,0.600000
684,0.600000,-0.600000,-0.600000,1.000000,-0.600000,-1.000000,-0.600000,0.600000,0.600000,0.600000,0.600000,-0.600000,-0.600000,-0.600000,-0.600000,-0.600000,0.600000,-0.600000,-0.600000,-0.600000,0.557380,0.600000,-0.600000,-0.621416,-0.600000,-0.600000,-0.630792,0.600000,-0.600000,0.600000,0.600000,-0.600000,0.600000,-0.600000,-0.600000,-0.600000,0.600000,-0.600000,-0.600000,0.716323,-0.600000,-0.600000,0.559845,-0.600000,-0.600000,-0.600000,-0.600000,0.589158,-0.600000,-0.621416,-0.600000,-0.600000,0.600000,-0.600000,-0.600000,0.600000,-0.600000,-0.600000,-0.600000,-0.600000,0.600000,0.600000,-0.600000,1.000000,-0.600000,0.600000,-0.600000,-0.600000,-0.635443,-0.600000,-0.600000,0.600000
685,0.600000,-0.600000,-0.600000,1.000000,-0.600000,-1.000000,-0.600000,0.600000,0.600000,0.600000,0.600000,-0.600000,-0.600000,-0.600000,-0.600000,-0.600000,0.600000,-0.600000,-0.600000,-0.600000,0.557380,0.600000,-0.600000,-0.621416,-0.600000,-0.600000,-0.630792,0.600000,-0.600000,0.600000,0.600000,-0.600000,0.600000,-0.600000,-0.600000,-0.600000,0.600000,-0.600000,-0.600000,0.716323,-0.600000,-0.600000,0.559845,-0.600000,-0.600000,-0.600000,-0.600000,0.589158,-0.600000,-0.621416,-0.600000,-0.600000,0.600000,-0.600000,-0.600000,0.600000,-0.600000,-0.600000,-0.600000,-0.600000,0.600000,0.600000,-0.600000,1.000000,-0.600000,0.600000,-0.600000,-0.600000,-0.635443,-0.600000,-0.600000,0.600000
686,0.600000,-0.600000,-0.600000,1.000000,-0.600000,-1.000000,-0.600000,0.600000,0.600000,0.600000,0.600000,-0.600000,-0.600000,-0.600000,-0.600000,-0.600000,0.600000,-0.600000,-0.600000,-0.600000,0.557380,0.600000,-0.600000,-0.621416,-0.600000,-0.600000,-0.630792,0.600000,-0.600000,0.600000,0.600000,-0.600000,0.600000,-0.600000,-0.600000,-0.600000,0.600000,-0.600000,-0.600000,0.716323,-0.600000,-0.600000,0.559845,-0.600000,-0.600000,-0.600000,-0.600000,0.589158,-0.600000,-0.621416,-0.600000,-0.600000,0.600000,-0.600000,-0.600000,0.600000,-0.600000,-0.600000,-0.600000,-0.600000,0.600000,0.600000,-0.600000,1.000000,-0.600000,0.600000,-0.600000,-0.600000,-0.635443,-0.600000,-0.600000,0.600000
687,0.600000,-0.600000,-0.600000,1.000000,-0.600000,-1.000000,-0.600000,0.600000,0.600000,0.600000,0.600000,-0.600000,-0.600000,-0.600000,-0.600000,-0.600000,0.600000,-0.600000,-0.600000,-0.600000,0.557380,0.600000,-0.600000,-0.621416,-0.600000,-0.600000,-0.630792,0.600000,-0.600000,0.600000,0.600000,-0.600000,0.600000,-0.600000,-0.600000,-0.600000,0.600000,-0.600000,-0.600000,0.716323,-0.600000,-0.600000,0.559845,-0.600000,-0.600000,-0.600000,-0.600000,0.589158,-0.600000,-0.621416,-0.600000,-0.600000,0.600000,-0.600000,-0.600000,0.600000,-0.600000,-0.600000,-0.600000,-0.600000,0.600000,0.600000,-0.600000,1.000000,-0.600000,0.600000,-0.600000,-0.600000,-0.635443,-0.600000,-0.600000,0.600000
688,0.600000,-0.600000,-0.600000,1.000000,-0.600000,-1.000000,-0.600000,0.600000,0.600000,0.600000,0.600000,-0.600000,-0.600000,-0.600000,-0.600000,-0.600000,0.600000,-0.600000,-0.600000,-0.600000,0.557380,0.600000,-0.600000,-0.621416,-0.600000,-0.600000,-0.630792,0.600000,-0.600000,0.600000,0.600000,-0.600000,0.600000,-0.600000,-0.600000,-0.600000,0.600000,-0.600000,-0.600000,0.716323,-0.600000,-0.600000,0.559845,-0.600000,-0.600000,-0.600000,-0.600000,0.589158,-0.600000,-0.621416,-0.600000,-0.600000,0.600000,-0.600000,-0.600000,0.600000,-0.600000,-0.600000,-0.600000,-0.600000,0.600000,0.600000,-0.600000,1.000000,-0.600000,0.600000,-0.600000,-0.600000,-0.635443,-0.600000,-0.600000,0.600000
689,0.600000,-0.600000,-0.600000,1.000000,-0.600000,-1.000000,-0.600000,0.600000,0.600000,0.600000,0.600000,-0.600000,-0.600000,-0.600000,-0.600000,-0.600000,0.600000,-0.600000,-0.600000,-0.600000,0.557380,0.600000,-0.600000,-0.621416,-0.600000,-0.600000,-0.630792,0.600000,-0.600000,0.600000,0.600000,-0.600000,0.600000,-0.600000,-0.600000,-0.600000,0.600000,-0.600000,-0.600000,0.716323,-0.600000,-0.600000,0.559845,-0.600000,-0.600000,-0.600000,-0.600000,0.589158,-0.600000,-0.621416,-0.600000,-0.600000,0.600000,-0.600000,-0.600000,0.600000,-0.600000,-0.600000,-0.600000,-0.600000,0.600000,0.600000,-0.600000,1.000000,-0.600000,0.600000,-0.600000,-0.600000,-0.635443,-0.600000,-0.600000,0.600000
690,0.600000,-0.600000,-0.600000,1.000000,-0.600000,-1.000000,-0.600000,0.600000,0.600000,0.600000,0.600000,-0.600000,-0.600000,-0.600000,-0.600000,-0.600000,0.600000,-0.600000,-0.600000,-0.600000,0.557380,0.600000,-0.600000,-0.621416,-0.600000,-0.600000,-0.630792,0.600000,-0.600000,0.600000,0.600000,-0.600000,0.600000,-0.600000,-0.600000,-0.600000,0.600000,-0.600000,-0.600000,0.716323,-0.600000,-0.600000,0.559845,-0.600000,-0.600000,-0.600000,-0.600000,0.589158,-0.600000,-0.621416,-0.600000,-0.600000,0.600000,-0.600000,-0.600000,0.600000,-0.600000,-0.600000,-0.600000,-0.600000,0.600000,0.600000,-0.600000,1.000000,-0.600000,0.600000,-0.600000,-0.600000,-0.635443,-0.600000,-0.600000,0.600000
691,0.600000,-0.600000,-0.600000,1.000000,-0.600000,-1.000000,-0.600000,0.600000,0.600000,0.600000,0.600000,-0.600000,-0.600000,-0.600000,-0.600000,-0.600000,0.600000,-0.600000,-0.600000,-0.600000,0.557380,0.600000,-0.600000,-0.621416,-0.600000,-0.600000,-0.630792,0.600000,-0.600000,0.600000,0.600000,-0.600000,0.600000,-0.600000,-0.600000,-0.600000,0.600000,-0.600000,-0.600000,0.716323,-0.600000,-0.600000,0.559845,-0.600000,-0.600000,-0.600000,-0.600000,0.589158,-0.600000,-0.621416,-0.600000,-0.600000,0.600000,-0.600000,-0.600000,0.600000,-0.600000,-0.600000,-0.600000,-0.600000,0.600000,0.600000,-0.600000,1.000000,-0.600000,0.600000,-0.600000,-0.600000,-0.635443,-0.600000,-0.600000,0.600000
692,0.600000,-0.600000,-0.600000,1.000000,-0.600000,-1.000000,-0.600000,0.600000,0.600000,0.600000,0.600000,-0.600000,-0.600000,-0.600000,-0.600000,-0.600000,0.600000,-0.600000,-0.600000,-0.600000,0.557380,0.600000,-0.600000,-0.621416,-0.600000,-0.600000,-0.630792,0.600000,-0.600000,0.600000,0.600000,-0.600000,0.600000,-0.600000,-0.600000,-0.600000,0.600000,-0.600000,-0.600000,0.716323,-0.600000,-0.600000,0.559845,-0.600000,-0.600000,-0.600000,-0.600000,0.589158,-0.600000,-0.621416,-0.600000,-0.600000,0.600000,-0.600000,-0.600000,0.600000,-0.600000,-0.600000,-0.600000,-0.600000,0.600000,0.600000,-0.600000,1.000000,-0.600000,0.600000,-0.600000,-0.600000,-0.635443,-0.600000,-0.600000,0.600000
693,0.600000,-0.600000,-0.600000,1.000000,-0.600000,-1.000000,-0.600000,0.600000,0.600000,0.600000,0.600000,-0.600000,-0.600000,-0.600000,-0.600000,-0.600000,0.600000,-0.600000,-0.600000,-0.600000,0.557380,0.600000,-0.600000,-0.621416,-0.600000,-0.600000,-0.630792,0.600000,-0.600000,0.600000,0.600000,-0.600000,0.600000,-0.600000,-0.600000,-0.600000,0.600000,-0.600000,-0.600000,0.716323,-0.600000,-0.600000,0.559845,-0.600000,-0.600000,-0.600000,-0.600000,0.589158,-0.600000,-0.621416,-0.600000,-0.600000,0.600000,-0.600000,-0.600000,0.600000,-0.600000,-0.600000,-0.600000,-0.600000,0.600000,0.600000,-0.600000,1.000000,-0.600000,0.600000,-0.600000,-0.600000,-0.635443,-0.600000,-0.600000,0.600000
694,0.600000,-0.600000,-0.600000,1.000000,-0.600000,-1.000000,-0.600000,0.600000,0.600000,0.600000,0.600000,-0.600000,-0.600000,-0.600000,-0.600000,-0.600000,0.600000,-0.600000,-0.600000,-0.600000,0.557380,0.600000,-0.600000,-0.621416,-0.600000,-0.600000,-0.630792,0.600000,-0.600000,0.600000,0.600000,-0.600000,0.600000,-0.600000,-0.600000,-0.600000,0.600000,-0.600000,-0.600000,0.716323,-0.600000,-0.600000,0.559845,-0.600000,-0.600000,-0.600000,-0.600000,0.589158,-0.600000,-0.621416,-0.600000,-0.600000,0.600000,-0.600000,-0.600000,0.600000,-0.600000,-0.600000,-0.600000,-0.600000,0.600000,0.600000,-0.600000,1.000000,-0.600000,0.600000,-0.600000,-0.600000,-0.635443,-0.600000,-0.600000,0.600000
695,0.600000,-0.600000,-0.600000,1.000000,-0.600000,-1.000000,-0.600000,0.600000,0.600000,0.600000,0.600000,-0.600000,-0.600000,-0.600000,-0.600000,-0.600000,0.600000,-0.600000,-0.600000,-0.600000,0.557380,0.600000,-0.600000,-0.621416,-0.600000,-0.600000,-0.630792,0.600000,-0.600000,0.600000,0.600000,-0.600000,0.600000,-0.600000,-0.600000,-0.600000,0.600000,-0.600000,-0.600000,0.716323,-0.600000,-0.600000,0.559845,-0.600000,-0.600000,-0.600000,-0.600000,0.589158,-0.600000,-0.621416,-0.600000,-0.600000,0.600000,-0.600000,-0.600000,0.600000,-0.600000,-0.600000,-0.600000,-0.600000,0.600000,0.600000,-0.600000,1.000000,-0.600000,0.600000,-0.600000,-0.600000,-0.635443,-0.600000,-0.600000,0.600000
696,0.600000,-0.600000,-0.600000,1.000000,-0.600000,-1.000000,-0.600000,0.600000,0.600000,0.600000,0.600000,-0.600000,-0.600000,-0.600000,-0.600000,-0.600000,0.600000,-0.600000,-0.600000,-0.600000,0.557380,0.600000,-0.600000,-0.621416,-0.600000,-0.600000,-0.630792,0.600000,-0.600000,0.600000,0.600000,-0.600000,0.600000,-0.600000,-0.600000,-0.600000,0.600000,-0.600000,-0.600000,0.716323,-0.600000,-0.600000,0.559845,-0.600000,-0.600000,-0.600000,-0.600000,0.589158,-0.600000,-0.621416,-0.600000,-0.600000,0.600000,-0.600000,-0.600000,0.600000,-0.600000,-0.600000,-0.600000,-0.600000,0.600000,0.600000,-0.600000,1.000000,-0.600000,0.600000,-0.600000,-0.600000,-0.635443,-0.600000,-0.600000,0.600000
697,0.600000,-0.600000,-0.600000,1.000000,-0.600000,-1.000000,-0.600000,0.600000,0.600000,0.600000,0.600000,-0.600000,-0.600000,-0.600000,-0.600000,-0.600000,0.600000,-0.600000,-0.600000,-0.600000,0.557380,0.600000,-0.600000,-0.621416,-0.600000,-0.600000,-0.630792,0.600000,-0.600000,0.600000,0.600000,-0.600000,0.600000,-0.600000,-0.600000,-0.600000,0.600000,-0.600000,-0.600000,0.716323,-0.600000,-0.600000,0.559845,-0.600000,-0.600000,-0.600000,-0.600000,0.589158,-0.600000,-0.621416,-0.600000,-0.600000,0.600000,-0.600000,-0.600000,0.600000,-0.600000,-0.600000,-0.600000,-0.600000,0.600000,0.600000,-0.600000,1.000000,-0.600000,0.600000,-0.600000,-0.600000,-0.635443,-0.600000,-0.600000,0.600000
698,0.600000,-0.600000,-0.600000,1.000000,-0.600000,-1.000000,-0.600000,0.600000,0.600000,0.600000,0.600000,-0.600000,-0.600000,-0.600000,-0.600000,-0.600000,0.600000,-0.600000,-0.600000,-0.600000,0.557380,0.600000,-0.600000,-0.621416,-0.600000,-0.600000,-0.630792,0.600000,-0.600000,0.600000,0.600000,-0.600000,0.600000,-0.600000,-0.600000,-0.600000,0.600000,-0.600000,-0.600000,0.716323,-0.600000,-0.600000,0.559845,-0.600000,-0.600000,-0.600000,-0.600000,0.589158,-0.600000,-0.621416,-0.600000,-0.600000,0.600000,-0.600000,-0.600000,0.600000,-0.600000,-0.600000,-0.600000,-0.600000,0.600000,0.600000,-0.600000,1.000000,-0.600000,0.600000,-0.600000,-0.600000,-0.635443,-0.600000,-0.600000,0.600000
699,0.600000,-0.600000,-0.600000,1.000000,-0.600000,-1.000000,-0.600000,0.600000,0.600000,0.600000,0.600000,-0.600000,-0.600000,-0.600000,-0.600000,-0.600000,0.600000,-0.600000,-0.600000,-0.600000,0.557380,0.600000,-0.600000,-0.621416,-0.600000,-0.600000,-0.630792,0.600000,-0.600000,0.600000,0.600000,-0.600000,0.600000,-0.600000,-0.600000,-0.600000,0.600000,-0.600000,-0.600000,0.716323,-0.600000,-0.600000,0.559845,-0.600000,-0.600000,-0.600000,-0.600000,0.589158,-0.600000,-0.621416,-0.600000,-0.600000,0.600000,-0.600000,-0.600000,0.600000,-0.600000,-0.600000,-0.600000,-0.600000,0.600000,0.600000,-0.600000,1.000000,-0.600000,0.600000,-0.600000,-0.600000,-0.635443,-0.600000,-0.600000,0.600000
700,0.600000,-0.600000,-0.600000,1.000000,-0.600000,-1.000000,-0.600000,0.600000,0.600000,0.600000,0.600000,-0.600000,-0.600000,-0.600000,-0.600000,-0.600000,0.600000,-0.600000,-0.600000,-0.600000,0.557380,0.600000,-0.600000,-0.621416,-0.600000,-0.600000,-0.630792,0.600000,-0.600000,0.600000,0.600000,-0.600000,0.600000,-0.600000,-0.600000,-0.600000,0.600000,-0.600000,-0.600000,0.716323,-0.600000,-0.600000,0.559845,-0.600000,-0.600000,-0.600000,-0.600000,0.589158,-0.600000,-0.621416,-0.600000,-0.600000,0.600000,-0.600000,-0.600000,0.600000,-0.600000,-0.600000,-0.600000,-0.600000,0.600000,0.600000,-0.600000,1.000000,-0.600000,0.600000,-0.600000,-0.600000,-0.635443,-0.600000,-0.600000,0.600000
701,0.600000,-0.600000,-0.600000,1.000000,-0.600000,-1.000000,-0.600000,0.600000,0.600000,0.600000,0.600000,-0.600000,-0.600000,-0.600000,-0.600000,-0.600000,0.600000,-0.600000,-0.600000,-0.600000,0.557380,0.600000,-0.600000,-0.621416,-0.600000,-0.600000,-0.630792,0.600000,-0.600000,0.600000,0.600000,-0.600000,0.600000,-0.600000,-0.600000,-0.600000,0.600000,-0.600000,-0.600000,0.716323,-0.600000,-0.600000,0.559845,-0.600000,-0.600000,-0.600000,-0.600000,0.589158,-0.600000,-0.621416,-0.600000,-0.600000,0.600000,-0.600000,-0.600000,0.600000,-0.600000,-0.600000,-0.600000,-0.600000,0.600000,0.600000,-0.600000,1.000000,-0.600000,0.600000,-0.600000,-0.600000,-0.635443,-0.600000,-0.600000,0.600000
702,0.600000,-0.600000,-0.600000,1.000000,-0.600000,-1.000000,-0.600000,0.600000,0.600000,0.600000,0.600000,-0.600000,-0.600000,-0.600000,-0.600000,-0.600000,0.600000,-0.600000,-0.600000,-0.600000,0.557380,0.600000,-0.600000,-0.621416,-0.600000,-0.600000,-0.630792,0.600000,-0.600000,0.600000,0.600000,-0.600000,0.600000,-0.600000,-0.600000,-0.600000,0.600000,-0.600000,-0.600000,0.716323,-0.600000,-0.600000,0.559845,-0.600000,-0.600000,-0.600000,-0.600000,0.589158,-0.600000,-0.621416,-0.600000,-0.600000,0.600000,-0.600000,-0.600000,0.600000,-0.600000,-0.600000,-0.600000,-0.600000,0.600000,0.600000,-0.600000,1.000000,-0.600000,0.600000,-0.600000,-0.600000,-0.635443,-0.600000,-0.600000,0.600000
703,0.600000,-0.600000,-0.600000,1.000000,-0.600000,-1.000000,-0.600000,0.600000,0.600000,0.600000,0.600000,-0.600000,-0.600000,-0.600000,-0.600000,-0.600000,0.600000,-0.600000,-0.600000,-0.600000,0.557380,0.600000,-0.600000,-0.621416,-0.600000,-0.600000,-0.630792,0.600000,-0.600000,0.600000,0.600000,-0.600000,0.600000,-0.600000,-0.600000,-0.600000,0.600000,-0.600000,-0.600000,0.716323,-0.600000,-0.600000,0.559845,-0.600000,-0.600000,-0.600000,-0.600000,0.589158,-0.600000,-0.621416,-0.600000,-0.600000,0.600000,-0.600000,-0.600000,0.600000,-0.600000,-0.600000,-0.600000,-0.600000,0.600000,0.600000,-0.600000,1.000000,-0.600000,0.600000,-0.600000,-0.600000,-0.635443,-0.600000,-0.600000,0.600000
704,0.600000,-0.600000,-0.600000,1.000000,-0.600000,-1.000000,-0.600000,0.600000,0.600000,0.600000,0.600000,-0.600000,-0.600000,-0.600000,-0.600000,-0.600000,0.600000,-0.600000,-0.600000,-0.600000,0.557380,0.600000,-0.600000,-0.621416,-0.600000,-0.600000,-0.630792,0.600000,-0.600000,0.600000,0.600000,-0.600000,0.600000,-0.600000,-0.600000,-0.600000,0.600000,-0.600000,-0.600000,0.716323,-0.600000,-0.600000,0.559845,-0.600000,-0.600000,-0.600000,-0.600000,0.589158,-0.600000,-0.621416,-0.600000,-0.600000,0.600000,-0.600000,-0.600000,0.600000,-0.600000,-0.600000,-0.600000,-0.600000,0.600000,0.600000,-0.600000,1.000000,-0.600000,0.600000,-0.600000,-0.600000,-0.635443,-0.600000,-0.600000,0.600000
705,0.600000,-0.600000,-0.600000,1.000000,-0.600000,-1.000000,-0.600000,0.600000,0.600000,0.600000,0.600000,-0.600000,-0.600000,-0.600000,-0.600000,-0.600000,0.600000,-0.600000,-0.600000,-0.600000,0.557380,0.600000,-0.600000,-0.621416,-0.600000,-0.600000,-0.630792,0.600000,-0.600000,0.600000,0.600000,-0.600000,0.600000,-0.600000,-0.600000,-0.600000,0.600000,-0.600000,-0.600000,0.716323,-0.600000,-0.600000,0.559845,-0.600000,-0.600000,-0.600000,-0.600000,0.589158,-0.600000,-0.621416,-0.600000,-0.600000,0.600000,-0.600000,-0.600000,0.600000,-0.600000,-0.600000,-0.600000,-0.600000,0.600000,0.600000,-0.600000,1.000000,-0.600000,0.600000,-0.600000,-0.600000,-0.635443,-0.600000,-0.600000,0.600000
706,0.600000,-0.600000,-0.600000,1.000000,-0.600000,-1.000000,-0.600000,0.600000,0.600000,0.600000,0.600000,-0.600000,-0.600000,-0.600000,-0.600000,-0.600000,0.600000,-0.600000,-0.600000,-0.600000,0.557380,0.600000,-0.600000,-0.621416,-0.600000,-0.600000,-0.630792,0.600000,-0.600000,0.600000,0.600000,-0.600000,0.600000,-0.600000,-0.600000,-0.600000,0.600000,-0.600000,-0.600000,0.716323,-0.600000,-0.600000,0.559845,-0.600000,-0.600000,-0.600000,-0.600000,0.589158,-0.600000,-0.621416,-0.600000,-0.600000,0.600000,-0.600000,-0.600000,0.600000,-0.600000,-0.600000,-0.600000,-0.600000,0.600000,0.600000,-0.600000,1.000000,-0.600000,0.600000,-0.600000,-0.600000,-0.635443,-0.600000,-0.600000,0.600000
707,0.600000,-0.600000,-0.600000,1.000000,-0.600000,-1.000000,-0.600000,0.600000,0.600000,0.600000,0.600000,-0.600000,-0.600000,-0.600000,-0.600000,-0.600000,0.600000,-0.600000,-0.600000,-0.600000,0.557380,0.600000,-0.600000,-0.621416,-0.600000,-0.600000,-0.630792,0.600000,-0.600000,0.600000,0.600000,-0.600000,0.600000,-0.600000,-0.600000,-0.600000,0.600000,-0.600000,-0.600000,0.716323,-0.600000,-0.600000,0.559845,-0.600000,-0.600000,-0.600000,-0.600000,0.589158,-0.600000,-0.621416,-0.600000,-0.600000,0.600000,-0.600000,-0.600000,0.600000,-0.600000,-0.600000,-0.600000,-0.600000,0.600000,0.600000,-0.600000,1.000000,-0.600000,0.600000,-0.600000,-0.600000,-0.635443,-0.600000,-0.600000,0.600000
708,0.600000,-0.600000,-0.600000,1.000000,-0.600000,-1.000000,-0.600000,0.600000,0.600000,0.600000,0.600000,-0.600000,-0.600000,-0.600000,-0.600000,-0.600000,0.600000,-0.600000,-0.600000,-0.600000,0.557380,0.600000,-0.600000,-0.621416,-0.600000,-0.600000,-0.630792,0.600000,-0.600000,0.600000,0.600000,-0.600000,0.600000,-0.600000,-0.600000,-0.600000,0.600000,-0.600000,-0.600000,0.716323,-0.600000,-0.600000,0.559845,-0.600000,-0.600000,-0.600000,-0.600000,0.589158,-0.600000,-0.621416,-0.600000,-0.600000,0.600000,-0.600000,-0.600000,0.600000,-0.600000,-0.600000,-0.600000,-0.600000,0.600000,0.600000,-0.600000,1.000000,-0.600000,0.600000,-0.600000,-0.600000,-0.635443,-0.600000,-0.600000,0.600000
709,0.600000,-0.600000,-0.600000,1.000000,-0.600000,-1.000000,-0.600000,0.600000,0.600000,0.600000,0.600000,-0.600000,-0.600000,-0.600000,-0.600000,-0.600000,0.600000,-0.600000,-0.600000,-0.600000,0.557380,0.600000,-0.600000,-0.621416,-0.600000,-0.600000,-0.630792,0.600000,-0.600000,0.600000,0.600000,-0.600000,0.600000,-0.600000,-0.600000,-0.600000,0.600000,-0.600000,-0.600000,0.716323,-0.600000,-0.600000,0.559845,-0.600000,-0.600000,-0.600000,-0.600000,0.589158,-0.600000,-0.621416,-0.600000,-0.600000,0.600000,-0.600000,-0.600000,0.600000,-0.600000,-0.600000,-0.600000,-0.600000,0.600000,0.600000,-0.600000,1.000000,-0.600000,0.600000,-0.600000,-0.600000,-0.635443,-0.600000,-0.600000,0.600000
710,0.600000,-0.600000,-0.600000,1.000000,-0.600000,-1.000000,-0.600000,0.600000,0.600000,0.600000,0.600000,-0.600000,-0.600000,-0.600000,-0.600000,-0.600000,0.600000,-0.600000,-0.600000,-0.600000,0.557380,0.600000,-0.600000,-0.621416,-0.600000,-0.600000,-0.630792,0.600000,-0.600000,0.600000,0.600000,-0.600000,0.600000,-0.600000,-0.600000,-0.600000,0.600000,-0.600000,-0.600000,0.716323,-0.600000,-0.600000,0.559845,-0.600000,-0.600000,-0.600000,-0.600000,0.589158,-0.600000,-0.621416,-0.600000,-0.600000,0.600000,-0.600000,-0.600000,0.600000,-0.600000,-0.600000,-0.600000,-0.600000,0.600000,0.600000,-0.600000,1.000000,-0.600000,0.600000,-0.600000,-0.600000,-0.635443,-0.600000,-0.600000,0.600000
711,0.600000,-0.600000,-0.600000,1.000000,-0.600000,-1.000000,-0.600000,0.600000,0.600000,0.600000,0.600000,-0.600000,-0.600000,-0.600000,-0.600000,-0.600000,0.600000,-0.600000,-0.600000,-0.600000,0.557380,0.600000,-0.600000,-0.621416,-0.600000,-0.600000,-0.630792,0.600000,-0.600000,0.600000,0.600000,-0.600000,0.600000,-0.600000,-0.600000,-0.600000,0.600000,-0.600000,-0.600000,0.716323,-0.600000,-0.600000,0.559845,-0.600000,-0.600000,-0.600000,-0.600000,0.589158,-0.600000,-0.621416,-0.600000,-0.600000,0.600000,-0.600000,-0.600000,0.600000,-0.600000,-0.600000,-0.600000,-0.600000,0.600000,0.600000,-0.600000,1.000000,-0.600000,0.600000,-0.600000,-0.600000,-0.635443,-0.600000,-0.600000,0.600000
712,0.600000,-0.600000,-0.600000,1.000000,-0.600000,-1.000000,-0.600000,0.600000,0.600000,0.600000,0.600000,-0.600000,-0.600000,-0.600000,-0.600000,-0.600000,0.600000,-0.600000,-0.600000,-0.600000,0.557380,0.600000,-0.600000,-0.621416,-0.600000,-0.600000,-0.630792,0.600000,-0.600000,0.600000,0.600000,-0.600000,0.600000,-0.600000,-0.600000,-0.600000,0.600000,-0.600000,-0.600000,0.716323,-0.600000,-0.600000,0.559845,-0.600000,-0.600000,-0.600000,-0.600000,0.589158,-0.600000,-0.621416,-0.600000,-0.600000,0.600000,-0.600000,-0.600000,0.600000,-0.600000,-0.600000,-0.600000,-0.600000,0.600000,0.600000,-0.600000,1.000000,-0.600000,0.600000,-0.600000,-0.600000,-0.635443,-0.600000,-0.600000,0.600000
713,0.600000,-0.600000,-0.600000,1.000000,-0.600000,-1.000000,-0.600000,0.600000,0.600000,0.600000,0.600000,-0.600000,-0.600000,-0.600000,-0.600000,-0.600000,0.600000,-0.600000,-0.600000,-0.600000,0.557380,0.600000,-0.600000,-0.621416,-0.600000,-0.600000,-0.630792,0.600000,-0.600000,0.600000,0.600000,-0.600000,0.600000,-0.600000,-0.600000,-0.600000,0.600000,-0.600000,-0.600000,0.716323,-0.600000,-0.600000,0.559845,-0.600000,-0.600000,-0.600000,-0.600000,0.589158,-0.600000,-0.621416,-0.600000,-0.600000,0.600000,-0.600000,-0.600000,0.600000,-0.600000,-0.600000,-0.600000,-0.600000,0.600000,0.600000,-0.600000,1.000000,-0.600000,0.600000,-0.600000,-0.600000,-0.635443,-0.600000,-0.600000,0.600000
714,0.600000,-0.600000,-0.600000,1.000000,-0.600000,-1.000000,-0.600000,0.600000,0.600000,0.600000,0.600000,-0.600000,-0.600000,-0.600000,-0.600000,-0.600000,0.600000,-0.600000,-0.600000,-0.600000,0.557380,0.600000,-0.600000,-0.621416,-0.600000,-0.600000,-0.630792,0.600000,-0.600000,0.600000,0.600000,-0.600000,0.600000,-0.600000,-0.600000,-0.600000,0.600000,-0.600000,-0.600000,0.716323,-0.600000,-0.600000,0.559845,-0.600000,-0.600000,-0.600000,-0.600000,0.589158,-0.600000,-0.621416,-0.600000,-0.600000,0.600000,-0.600000,-0.600000,0.600000,-0.600000,-0.600000,-0.600000,-0.600000,0.600000,0.600000,-0.600000,1.000000,-0.600000,0.600000,-0.600000,-0.600000,-0.635443,-0.600000,-0.600000,0.600000
715,0.600000,-0.600000,-0.600000,1.000000,-0.600000,-1.000000,-0.600000,0.600000,0.600000,0.600000,0.600000,-0.600000,-0.600000,-0.600000,-0.600000,-0.600000,0.600000,-0.600000,-0.600000,-0.600000,0.557380,0.600000,-0.600000,-0.621416,-0.600000,-0.600000,-0.630792,0.600000,-0.600000,0.600000,0.600000,-0.600000,0.600000,-0.600000,-0.600000,-0.600000,0.600000,-0.600000,-0.600000,0.716323,-0.600000,-0.600000,0.559845,-0.600000,-0.600000,-0.600000,-0.600000,0.589158,-0.600000,-0.621416,-0.600000,-0.600000,0.600000,-0.600000,-0.600000,0.600000,-0.600000,-0.600000,-0.600000,-0.600000,0.600000,0.600000,-0.600000,1.000000,-0.600000,0.600000,-0.600000,-0.600000,-0.635443,-0.600000,-0.600000,0.600000
716,0.600000,-0.600000,-0.600000,1.000000,-0.600000,-1.000000,-0.600000,0.600000,0.600000,0.600000,0.600000,-0.600000,-0.600000,-0.600000,-0.600000,-0.600000,0.600000,-0.600000,-0.600000,-0.600000,0.557380,0.600000,-0.600000,-0.621416,-0.600000,-0.600000,-0.630792,0.600000,-0.600000,0.600000,0.600000,-0.600000,0.600000,-0.600000,-0.600000,-0.600000,0.600000,-0.600000,-0.600000,0.716323,-0.600000,-0.600000,0.559845,-0.600000,-0.600000,-0.600000,-0.600000,0.589158,-0.600000,-0.621416,-0.600000,-0.600000,0.600000,-0.600000,-0.600000,0.600000,-0.600000,-0.600000,-0.600000,-0.600000,0.600000,0.600000,-0.600000,1.000000,-0.600000,0.600000,-0.600000,-0.600000,-0.635443,-0.600000,-0.600000,0.600000
717,0.600000,-0.600000,-0.600000,1.000000,-0.600000,-1.000000,-0.600000,0.600000,0.600000,0.600000,0.600000,-0.600000,-0.600000,-0.600000,-0.600000,-0.600000,0.600000,-0.600000,-0.600000,-0.600000,0.557380,0.600000,-0.600000,-0.621416,-0.600000,-0.600000,-0.630792,0.600000,-0.600000,0.600000,0.600000,-0.600000,0.600000,-0.600000,-0.600000,-0.600000,0.600000,-0.600000,-0.600000,0.716323,-0.600000,-0.600000,0.559845,-0.600000,-0.600000,-0.600000,-0.600000,0.589158,-0.600000,-0.621416,-0.600000,-0.600000,0.600000,-0.600000,-0.600000,0.600000,-0.600000,-0.600000,-0.600000,-0.600000,0.600000,0.600000,-0.600000,1.000000,-0.600000,0.600000,-0.600000,-0.600000,-0.635443,-0.600000,-0.600000,0.600000
718,0.600000,-0.600000,-0.600000,1.000000,-0.600000,-1.000000,-0.600000,0.600000,0.600000,0.600000,0.600000,-0.600000,-0.600000,-0.600000,-0.600000,-0.600000,0.600000,-0.600000,-0.600000,-0.600000,0.557380,0.600000,-0.600000,-0.621416,-0.600000,-0.600000,-0.630792,0.600000,-0.600000,0.600000,0.600000,-0.600000,0.600000,-0.600000,-0.600000,-0.600000,0.600000,-0.600000,-0.600000,0.716323,-0.600000,-0.600000,0.559845,-0.600000,-0.600000,-0.600000,-0.600000,0.589158,-0.600000,-0.621416,-0.600000,-0.600000,0.600000,-0.600000,-0.600000,0.600000,-0.600000,-0.600000,-0.600000,-0.600000,0.600000,0.600000,-0.600000,1.000000,-0.600000,0.600000,-0.600000,-0.600000,-0.635443,-0.600000,-0.600000,0.600000
719,0.600000,-0.600000,-0.600000,1.000000,-0.600000,-1.000000,-0.600000,0.600000,0.600000,0.600000,0.600000,-0.600000,-0.600000,-0.600000,-0.600000,-0.600000,0.600000,-0.600000,-0.600000,-0.600000,0.557380,0.600000,-0.600000,-0.621416,-0.600000,-0.600000,-0.630792,0.600000,-0.600000,0.600000,0.600000,-0.600000,0.600000,-0.600000,-0.600000,-0.600000,0.600000,-0.600000,-0.600000,0.716323,-0.600000,-0.600000,0.559845,-0.600000,-0.600000,-0.600000,-0.600000,0.589158,-0.600000,-0.621416,-0.600000,-0.600000,0.600000,-0.600000,-0.600000,0.600000,-0.600000,-0.600000,-0.600000,-0.600000,0.600000,0.600000,-0.600000,1.000000,-0.600000,0.600000,-0.600000,-0.600000,-0.635443,-0.600000,-0.600000,0.600000
720,0.600000,-0.600000,-0.600000,1.000000,-0.600000,-1.000000,-0.600000,0.600000,0.600000,0.600000,0.600000,-0.600000,-0.600000,-0.600000,-0.600000,-0.600000,0.600000,-0.600000,-0.600000,-0.600000,0.557380,0.600000,-0.600000,-0.621416,-0.600000,-0.600000,-0.630792,0.600000,-0.600000,0.600000,0.600000,-0.600000,0.600000,-0.600000,-0.600000,-0.600000,0.600000,-0.600000,-0.600000,0.716323,-0.600000,-0.600000,0.559845,-0.600000,-0.600000,-0.600000,-0.600000,0.589158,-0.600000,-0.621416,-0.600000,-0.600000,0.600000,-0.600000,-0.600000,0.600000,-0.600000,-0.600000,-0.600000,-0.600000,0.600000,0.600000,-0.600000,1.000000,-0.600000,0.600000,-0.600000,-0.600000,-0.635443,-0.600000,-0.600000,0.600000
721,0.600000,-0.600000,-0.600000,1.000000,-0.600000,-1.000000,-0.600000,0.600000,0.600000,0.600000,0.600000,-0.600000,-0.600000,-0.600000,-0.600000,-0.600000,0.600000,-0.600000,-0.600000,-0.600000,0.557380,0.600000,-0.600000,-0.621416,-0.600000,-0.600000,-0.630792,0.600000,-0.600000,0.600000,0.600000,-0.600000,0.600000,-0.600000,-0.600000,-0.600000,0.600000,-0.600000,-0.600000,0.716323,-0.600000,-0.600000,0.559845,-0.600000,-0.600000,-0.600000,-0.600000,0.589158,-0.600000,-0.621416,-0.600000,-0.600000,0.600000,-0.600000,-0.600000,0.600000,-0.600000,-0.600000,-0.600000,-0.600000,0.600000,0.600000,-0.600000,1.000000,-0.600000,0.600000,-0.600000,-0.600000,-0.635443,-0.600000,-0.600000,0.600000
722,0.600000,-0.600000,-0.600000,1.000000,-0.600000,-1.000000,-0.600000,0.600000,0.600000,0.600000,0.600000,-0.600000,-0.600000,-0.600000,-0.600000,-0.600000,0.600000,-0.600000,-0.600000,-0.600000,0.557380,0.600000,-0.600000,-0.621416,-0.600000,-0.600000,-0.630792,0.600000,-0.600000,0.600000,0.600000,-0.600000,0.600000,-0.600000,-0.600000,-0.600000,0.600000,-0.600000,-0.600000,0.716323,-0.600000,-0.600000,0.559845,-0.600000,-0.600000,-0.600000,-0.600000,0.589158,-0.600000,-0.621416,-0.600000,-0.600000,0.600000,-0.600000,-0.600000,0.600000,-0.600000,-0.600000,-0.600000,-0.600000,0.600000,0.600000,-0.600000,1.000000,-0.600000,0.600000,-0.600000,-0.600000,-0.635443,-0.600000,-0.600000,0.600000
723,0.600000,-0.600000,-0.600000,1.000000,-0.600000,-1.000000,-0.600000,0.600000,0.600000,0.600000,0.600000,-0.600000,-0.600000,-0.600000,-0.600000,-0.600000,0.600000,-0.600000,-0.600000,-0.600000,0.557380,0.600000,-0.600000,-0.621416,-0.600000,-0.600000,-0.630792,0.600000,-0.600000,0.600000,0.600000,-0.600000,0.600000,-0.600000,-0.600000,-0.600000,0.600000,-0.600000,-0.600000,0.716323,-0.600000,-0.600000,0.559845,-0.600000,-0.600000,-0.600000,-0.600000,0.589158,-0.600000,-0.621416,-0.600000,-0.600000,0.600000,-0.600000,-0.600000,0.600000,-0.600000,-0.600000,-0.600000,-0.600000,0.600000,0.600000,-0.600000,1.000000,-0.600000,0.600000,-0.600000,-0.600000,-0.635443,-0.600000,-0.600000,0.600000
724,0.600000,-0.600000,-0.600000,1.000000,-0.600000,-1.000000,-0.600000,0.600000,0.600000,0.600000,0.600000,-0.600000,-0.600000,-0.600000,-0.600000,-0.600000,0.600000,-0.600000,-0.600000,-0.600000,0.557380,0.600000,-0.600000,-0.621416,-0.600000,-0.600000,-0.630792,0.600000,-0.600000,0.600000,0.600000,-0.600000,0.600000,-0.600000,-0.600000,-0.600000,0.600000,-0.600000,-0.600000,0.716323,-0.600000,-0.600000,0.559845,-0.600000,-0.600000,-0.600000,-0.600000,0.589158,-0.600000,-0.621416,-0.600000,-0.600000,0.600000,-0.600000,-0.600000,0.600000,-0.600000,-0.600000,-0.600000,-0.600000,0.600000,0.600000,-0.600000,1.000000,-0.600000,0.600000,-0.600000,-0.600000,-0.635443,-0.600000,-0.600000,0.600000
725,0.600000,-0.600000,-0.600000,1.000000,-0.600000,-1.000000,-0.600000,0.600000,0.600000,0.600000,0.600000,-0.600000,-0.600000,-0.600000,-0.600000,-0.600000,0.600000,-0.600000,-0.600000,-0.600000,0.557380,0.600000,-0.600000,-0.621416,-0.600000,-0.600000,-0.630792,0.600000,-0.600000,0.600000,0.600000,-0.600000,0.600000,-0.600000,-0.600000,-0.600000,0.600000,-0.600000,-0.600000,0.716323,-0.600000,-0.600000,0.559845,-0.600000,-0.600000,-0.600000,-0.600000,0.589158,-0.600000,-0.621416,-0.600000,-0.600000,0.600000,-0.600000,-0.600000,0.600000,-0.600000,-0.600000,-0.600000,-0.600000,0.600000,0.600000,-0.600000,1.000000,-0.600000,0.600000,-0.600000,-0.600000,-0.635443,-0.600000,-0.600000,0.600000
726,0.600000,-0.600000,-0.600000,1.000000,-0.600000,-1.000000,-0.600000,0.600000,0.600000,0.600000,0.600000,-0.600000,-0.600000,-0.600000,-0.600000,-0.600000,0.600000,-0.600000,-0.600000,-0.600000,0.557380,0.600000,-0.600000,-0.621416,-0.600000,-0.600000,-0.630792,0.600000,-0.600000,0.600000,0.600000,-0.600000,0.600000,-0.600000,-0.600000,-0.600000,0.600000,-0.600000,-0.600000,0.716323,-0.600000,-0.600000,0.559845,-0.600000,-0.600000,-0.600000,-0.600000,0.589158,-0.600000,-0.621416,-0.600000,-0.600000,0.600000,-0.600000,-0.600000,0.600000,-0.600000,-0.600000,-0.600000,-0.600000,0.600000,0.600000,-0.600000,1.000000,-0.600000,0.600000,-0.600000,-0.600000,-0.635443,-0.600000,-0.600000,0.600000
727,0.600000,-0.600000,-0.600000,1.000000,-0.600000,-1.000000,-0.600000,0.600000,0.600000,0.600000,0.600000,-0.600000,-0.600000,-0.600000,-0.600000,-0.600000,0.600000,-0.600000,-0.600000,-0.600000,0.557380,0.600000,-0.600000,-0.621416,-0.600000,-0.600000,-0.630792,0.600000,-0.600000,0.600000,0.600000,-0.600000,0.600000,-0.600000,-0.600000,-0.600000,0.600000,-0.600000,-0.600000,0.716323,-0.600000,-0.600000,0.559845,-0.600000,-0.600000,-0.600000,-0.600000,0.589158,-0.600000,-0.621416,-0.600000,-0.600000,0.600000,-0.600000,-0.600000,0.600000,-0.600000,-0.600000,-0.600000,-0.600000,0.600000,0.600000,-0.600000,1.000000,-0.600000,0.600000,-0.600000,-0.600000,-0.635443,-0.600000,-0.600000,0.600000
728,0.600000,-0.600000,-0.600000,1.000000,-0.600000,-1.000000,-0.600000,0.600000,0.600000,0.600000,0.600000,-0.600000,-0.600000,-0.600000,-0.600000,-0.600000,0.600000,-0.600000,-0.600000,-0.600000,0.557380,0.600000,-0.600000,-0.621416,-0.600000,-0.600000,-0.630792,0.600000,-0.600000,0.600000,0.600000,-0.600000,0.600000,-0.600000,-0.600000,-0.600000,0.600000,-0.600000,-0.600000,0.716323,-0.600000,-0.600000,0.559845,-0.600000,-0.600000,-0.600000,-0.600000,0.589158,-0.600000,-0.621416,-0.600000,-0.600000,0.600000,-0.600000,-0.600000,0.600000,-0.600000,-0.600000,-0.600000,-0.600000,0.600000,0.600000,-0.600000,1.000000,-0.600000,0.600000,-0.600000,-0.600000,-0.635443,-0.600000,-0.600000,0.600000
729,0.600000,-0.600000,-0.600000,1.000000,-0.600000,-1.000000,-0.600000,0.600000,0.600000,0.600000,0.600000,-0.600000,-0.600000,-0.600000,-0.600000,-0.600000,0.600000,-0.600000,-0.600000,-0.600000,0.557380,0.600000,-0.600000,-0.621416,-0.600000,-0.600000,-0.630792,0.600000,-0.600000,0.600000,0.600000,-0.600000,0.600000,-0.600000,-0.600000,-0.600000,0.600000,-0.600000,-0.600000,0.716323,-0.600000,-0.600000,0.559845,-0.600000,-0.600000,-0.600000,-0.600000,0.589158,-0.600000,-0.621416,-0.600000,-0.600000,0.600000,-0.600000,-0.600000,0.600000,-0.600000,-0.600000,-0.600000,-0.600000,0.600000,0.600000,-0.600000,1.000000,-0.600000,0.600000,-0.600000,-0.600000,-0.635443,-0.600000,-0.600000,0.600000
730,0.600000,-0.600000,-0.600000,1.000000,-0.600000,-1.000000,-0.600000,0.600000,0.600000,0.600000,0.600000,-0.600000,-0.600000,-0.600000,-0.600000,-0.600000,0.600000,-0.600000,-0.600000,-0.600000,0.557380,0.600000,-0.600000,-0.621416,-0.600000,-0.600000,-0.630792,0.600000,-0.600000,0.600000,0.600000,-0.600000,0.600000,-0.600000,-0.600000,-0.600000,0.600000,-0.600000,-0.600000,0.716323,-0.600000,-0.600000,0.559845,-0.600000,-0.600000,-0.600000,-0.600000,0.589158,-0.600000,-0.621416,-0.600000,-0.600000,0.600000,-0.600000,-0.600000,0.600000,-0.600000,-0.600000,-0.600000,-0.600000,0.600000,0.600000,-0.600000,1.000000,-0.600000,0.600000,-0.600000,-0.600000,-0.635443,-0.600000,-0.600000,0.600000
731,0.600000,-0.600000,-0.600000,1.000000,-0.600000,-1.000000,-0.600000,0.600000,0.600000,0.600000,0.600000,-0.600000,-0.600000,-0.600000,-0.600000,-0.600000,0.600000,-0.600000,-0.600000,-0.600000,0.557380,0.600000,-0.600000,-0.621416,-0.600000,-0.600000,-0.630792,0.600000,-0.600000,0.600000,0.600000,-0.600000,0.600000,-0.600000,-0.600000,-0.600000,0.600000,-0.600000,-0.600000,0.716323,-0.600000,-0.600000,0.559845,-0.600000,-0.600000,-0.600000,-0.600000,0.589158,-0.600000,-0.621416,-0.600000,-0.600000,0.600000,-0.600000,-0.600000,0.600000,-0.600000,-0.600000,-0.600000,-0.600000,0.600000,0.600000,-0.600000,1.000000,-0.600000,0.600000,-0.600000,-0.600000,-0.635443,-0.600000,-0.600000,0.600000
732,0.600000,-0.600000,-0.600000,1.000000,-0.600000,-1.000000,-0.600000,0.600000,0.600000,0.600000,0.600000,-0.600000,-0.600000,-0.600000,-0.600000,-0.600000,0.600000,-0.600000,-0.600000,-0.600000,0.557380,0.600000,-0.600000,-0.621416,-0.600000,-0.600000,-0.630792,0.600000,-0.600000,0.600000,0.600000,-0.600000,0.600000,-0.600000,-0.600000,-0.600000,0.600000,-0.600000,-0.600000,0.716323,-0.600000,-0.600000,0.559845,-0.600000,-0.600000,-0.600000,-0.600000,0.589158,-0.600000,-0.621416,-0.600000,-0.600000,0.600000,-0.600000,-0.600000,0.600000,-0.600000,-0.600000,-0.600000,-0.600000,0.600000,0.600000,-0.600000,1.000000,-0.600000,0.600000,-0.600000,-0.600000,-0.635443,-0.600000,-0.600000,0.600000
733,0.600000,-0.600000,-0.600000,1.000000,-0.600000,-1.000000,-0.600000,0.600000,0.600000,0.600000,0.600000,-0.600000,-0.600000,-0.600000,-0.600000,-0.600000,0.600000,-0.600000,-0.600000,-0.600000,0.557380,0.600000,-0.600000,-0.621416,-0.600000,-0.600000,-0.630792,0.600000,-0.600000,0.600000,0.600000,-0.600000,0.600000,-0.600000,-0.600000,-0.600000,0.600000,-0.600000,-0.600000,0.716323,-0.600000,-0.600000,0.559845,-0.600000,-0.600000,-0.600000,-0.600000,0.589158,-0.600000,-0.621416,-0.600000,-0.600000,0.600000,-0.600000,-0.600000,0.600000,-0.600000,-0.600000,-0.600000,-0.600000,0.600000,0.600000,-0.600000,1.000000,-0.600000,0.600000,-0.600000,-0.600000,-0.635443,-0.600000,-0.600000,0.600000
734,0.600000,-0.600000,-0.600000,1.000000,-0.600000,-1.000000,-0.600000,0.600000,0.600000,0.600000,0.600000,-0.600000,-0.600000,-0.600000,-0.600000,-0.600000,0.600000,-0.600000,-0.600000,-0.600000,0.557380,0.600000,-0.600000,-0.621416,-0.600000,-0.600000,-0.630792,0.600000,-0.600000,0.600000,0.600000,-0.600000,0.600000,-0.600000,-0.600000,-0.600000,0.600000,-0.600000,-0.600000,0.716323,-0.600000,-0.600000,0.559845,-0.600000,-0.600000,-0.600000,-0.600000,0.589158,-0.600000,-0.621416,-0.600000,-0.600000,0.600000,-0.600000,-0.600000,0.600000,-0.600000,-0.600000,-0.600000,-0.600000,0.600000,0.600000,-0.600000,1.000000,-0.600000,0.600000,-0.600000,-0.600000,-0.635443,-0.600000,-0.600000,0.600000
735,0.600000,-0.600000,-0.600000,1.000000,-0.600000,-1.000000,-0.600000,0.600000,0.600000,0.600000,0.600000,-0.600000,-0.600000,-0.600000,-0.600000,-0.600000,0.600000,-0.600000,-0.600000,-0.600000,0.557380,0.600000,-0.600000,-0.621416,-0.600000,-0.600000,-0.630792,0.600000,-0.600000,0.600000,0.600000,-0.600000,0.600000,-0.600000,-0.600000,-0.600000,0.600000,-0.600000,-0.600000,0.716323,-0.600000,-0.600000,0.559845,-0.600000,-0.600000,-0.600000,-0.600000,0.589158,-0.600000,-0.621416,-0.600000,-0.600000,0.600000,-0.600000,-0.600000,0.600000,-0.600000,-0.600000,-0.600000,-0.600000,0.600000,0.600000,-0.600000,1.000000,-0.600000,0.600000,-0.600000,-0.600000,-0.635443,-0.600000,-0.600000,0.600000
736,0.600000,-0.600000,-0.600000,1.000000,-0.600000,-1.000000,-0.600000,0.600000,0.600000,0.600000,0.600000,-0.600000,-0.600000,-0.600000,-0.600000,-0.600000,0.600000,-0.600000,-0.600000,-0.600000,0.557380,0.600000,-0.600000,-0.621416,-0.600000,-0.600000,-0.630792,0.600000,-0.600000,0.600000,0.600000,-0.600000,0.600000,-0.600000,-0.600000,-0.600000,0.600000,-0.600000,-0.600000,0.716323,-0.600000,-0.600000,0.559845,-0.600000,-0.600000,-0.600000,-0.600000,0.589158,-0.600000,-0.621416,-0.600000,-0.600000,0.600000,-0.600000,-0.600000,0.600000,-0.600000,-0.600000,-0.600000,-0.600000,0.600000,0.600000,-0.600000,1.000000,-0.600000,0.600000,-0.600000,-0.600000,-0.635443,-0.600000,-0.600000,0.600000
737,0.600000,-0.600000,-0.600000,1.000000,-0.600000,-1.000000,-0.600000,0.600000,0.600000,0.600000,0.600000,-0.600000,-0.600000,-0.600000,-0.600000,-0.600000,0.600000,-0.600000,-0.600000,-0.600000,0.557380,0.600000,-0.600000,-0.621416,-0.600000,-0.600000,-0.630792,0.600000,-0.600000,0.600000,0.600000,-0.600000,0.600000,-0.600000,-0.600000,-0.600000,0.600000,-0.600000,-0.600000,0.716323,-0.600000,-0.600000,0.559845,-0.600000,-0.600000,-0.600000,-0.600000,0.589158,-0.600000,-0.621416,-0.600000,-0.600000,0.600000,-0.600000,-0.600000,0.600000,-0.600000,-0.600000,-0.600000,-0.600000,0.600000,0.600000,-0.600000,1.000000,-0.600000,0.600000,-0.600000,-0.600000,-0.635443,-0.600000,-0.600000,0.600000
738,0.600000,-0.600000,-0.600000,1.000000,-0.600000,-1.000000,-0.600000,0.600000,0.600000,0.600000,0.600000,-0.600000,-0.600000,-0.600000,-0.600000,-0.600000,0.600000,-0.600000,-0.600000,-0.600000,0.557380,0.600000,-0.600000,-0.621416,-0.600000,-0.600000,-0.630792,0.600000,-0.600000,0.600000,0.600000,-0.600000,0.600000,-0.600000,-0.600000,-0.600000,0.600000,-0.600000,-0.600000,0.716323,-0.600000,-0.600000,0.559845,-0.600000,-0.600000,-0.600000,-0.600000,0.589158,-0.600000,-0.621416,-0.600000,-0.600000,0.600000,-0.600000,-0.600000,0.600000,-0.600000,-0.600000,-0.600000,-0.600000,0.600000,0.600000,-0.600000,1.000000,-0.600000,0.600000,-0.600000,-0.600000,-0.635443,-0.600000,-0.600000,0.600000
739,0.600000,-0.600000,-0.600000,1.000000,-0.600000,-1.000000,-0.600000,0.600000,0.600000,0.600000,0.600000,-0.600000,-0.600000,-0.600000,-0.600000,-0.600000,0.600000,-0.600000,-0.600000,-0.600000,0.557380,0.600000,-0.600000,-0.621416,-0.600000,-0.600000,-0.630792,0.600000,-0.600000,0.600000,0.600000,-0.600000,0.600000,-0.600000,-0.600000,-0.600000,0.600000,-0.600000,-0.600000,0.716323,-0.600000,-0.600000,0.559845,-0.600000,-0.600000,-0.600000,-0.600000,0.589158,-0.600000,-0.621416,-0.600000,-0.600000,0.600000,-0.600000,-0.600000,0.600000,-0.600000,-0.600000,-0.600000,-0.600000,0.600000,0.600000,-0.600000,1.000000,-0.600000,0.600000,-0.600000,-0.600000,-0.635443,-0.600000,-0.600000,0.600000
740,0.600000,-0.600000,-0.600000,1.000000,-0.600000,-1.000000,-0.600000,0.600000,0.600000,0.600000,0.600000,-0.600000,-0.600000,-0.600000,-0.600000,-0.600000,0.600000,-0.600000,-0.600000,-0.600000,0.557380,0.600000,-0.600000,-0.621416,-0.600000,-0.600000,-0.630792,0.600000,-0.600000,0.600000,0.600000,-0.600000,0.600000,-0.600000,-0.600000,-0.600000,0.600000,-0.600000,-0.600000,0.716323,-0.600000,-0.600000,0.559845,-0.600000,-0.600000,-0.600000,-0.600000,0.589158,-0.600000,-0.621416,-0.600000,-0.600000,0.600000,-0.600000,-0.600000,0.600000,-0.600000,-0.600000,-0.600000,-0.600000,0.600000,0.600000,-0.600000,1.000000,-0.600000,0.600000,-0.600000,-0.600000,-0.635443,-0.600000,-0.600000,0.600000
741,0.600000,-0.600000,-0.600000,1.000000,-0.600000,-1.000000,-0.600000,0.600000,0.600000,0.600000,0.600000,-0.600000,-0.600000,-0.600000,-0.600000,-0.600000,0.600000,-0.600000,-0.600000,-0.600000,0.557380,0.600000,-0.600000,-0.621416,-0.600000,-0.600000,-0.630792,0.600000,-0.600000,0.600000,0.600000,-0.600000,0.600000,-0.600000,-0.600000,-0.600000,0.600000,-0.600000,-0.600000,0.716323,-0.600000,-0.600000,0.559845,-0.600000,-0.600000,-0.600000,-0.600000,0.589158,-0.600000,-0.621416,-0.600000,-0.600000,0.600000,-0.600000,-0.600000,0.600000,-0.600000,-0.600000,-0.600000,-0.600000,0.600000,0.600000,-0.600000,1.000000,-0.600000,0.600000,-0.600000,-0.600000,-0.635443,-0.600000,-0.600000,0.600000
742,0.600000,-0.600000,-0.600000,1.000000,-0.600000,-1.000000,-0.600000,0.600000,0.600000,0.600000,0.600000,-0.600000,-0.600000,-0.600000,-0.600000,-0.600000,0.600000,-0.600000,-0.600000,-0.600000,0.557380,0.600000,-0.600000,-0.621416,-0.600000,-0.600000,-0.630792,0.600000,-0.600000,0.600000,0.600000,-0.600000,0.600000,-0.600000,-0.600000,-0.600000,0.600000,-0.600000,-0.600000,0.716323,-0.600000,-0.600000,0.559845,-0.600000,-0.600000,-0.600000,-0.600000,0.589158,-0.600000,-0.621416,-0.600000,-0.600000,0.600000,-0.600000,-0.600000,0.600000,-0.600000,-0.600000,-0.600000,-0.600000,0.600000,0.600000,-0.600000,1.000000,-0.600000,0.600000,-0.600000,-0.600000,-0.635443,-0.600000,-0.600000,0.600000
743,0.600000,-0.600000,-0.600000,1.000000,-0.600000,-1.000000,-0.600000,0.600000,0.600000,0.600000,0.600000,-0.600000,-0.600000,-0.600000,-0.600000,-0.600000,0.600000,-0.600000,-0.600000,-0.600000,0.557380,0.600000,-0.600000,-0.621416,-0.600000,-0.600000,-0.630792,0.600000,-0.600000,0.600000,0.600000,-0.600000,0.600000,-0.600000,-0.600000,-0.600000,0.600000,-0.600000,-0.600000,0.716323,-0.600000,-0.600000,0.559845,-0.600000,-0.600000,-0.600000,-0.600000,0.589158,-0.600000,-0.621416,-0.600000,-0.600000,0.600000,-0.600000,-0.600000,0.600000,-0.600000,-0.600000,-0.600000,-0.600000,0.600000,0.600000,-0.600000,1.000000,-0.600000,0.600000,-0.600000,-0.600000,-0.635443,-0.600000,-0.600000,0.600000
744,0.600000,-0.600000,-0.600000,1.000000,-0.600000,-1.000000,-0.600000,0.600000,0.600000,0.600000,0.600000,-0.600000,-0.600000,-0.600000,-0.600000,-0.600000,0.600000,-0.600000,-0.600000,-0.600000,0.557380,0.600000,-0.600000,-0.621416,-0.600000,-0.600000,-0.630792,0.600000,-0.600000,0.600000,0.600000,-0.600000,0.600000,-0.600000,-0.600000,-0.600000,0.600000,-0.600000,-0.600000,0.716323,-0.600000,-0.600000,0.559845,-0.600000,-0.600000,-0.600000,-0.600000,0.589158,-0.600000,-0.621416,-0.600000,-0.600000,0.600000,-0.600000,-0.600000,0.600000,-0.600000,-0.600000,-0.600000,-0.600000,0.600000,0.600000,-0.600000,1.000000,-0.600000,0.600000,-0.600000,-0.600000,-0.635443,-0.600000,-0.600000,0.600000
745,0.600000,-0.600000,-0.600000,1.000000,-0.600000,-1.000000,-0.600000,0.600000,0.600000,0.600000,0.600000,-0.600000,-0.600000,-0.600000,-0.600000,-0.600000,0.600000,-0.600000,-0.600000,-0.600000,0.557380,0.600000,-0.600000,-0.621416,-0.600000,-0.600000,-0.630792,0.600000,-0.600000,0.600000,0.600000,-0.600000,0.600000,-0.600000,-0.600000,-0.600000,0.600000,-0.600000,-0.600000,0.716323,-0.600000,-0.600000,0.559845,-0.600000,-0.600000,-0.600000,-0.600000,0.589158,-0.600000,-0.621416,-0.600000,-0.600000,0.600000,-0.600000,-0.600000,0.600000,-0.600000,-0.600000,-0.600000,-0.600000,0.600000,0.600000,-0.600000,1.000000,-0.600000,0.600000,-0.600000,-0.600000,-0.635443,-0.600000,-0.600000,0.600000
746,0.600000,-0.600000,-0.600000,1.000000,-0.600000,-1.000000,-0.600000,0.600000,0.600000,0.600000,0.600000,-0.600000,-0.600000,-0.600000,-0.600000,-0.600000,0.600000,-0.600000,-0.600000,-0.600000,0.557380,0.600000,-0.600000,-0.621416,-0.600000,-0.600000,-0.630792,0.600000,-0.600000,0.600000,0.600000,-0.600000,0.600000,-0.600000,-0.600000,-0.600000,0.600000,-0.600000,-0.600000,0.716323,-0.600000,-0.600000,0.559845,-0.600000,-0.600000,-0.600000,-0.600000,0.589158,-0.600000,-0.621416,-0.600000,-0.600000,0.600000,-0.600000,-0.600000,0.600000,-0.600000,-0.600000,-0.600000,-0.600000,0.600000,0.600000,-0.600000,1.000000,-0.600000,0.600000,-0.600000,-0.600000,-0.635443,-0.600000,-0.600000,0.600000
747,0.600000,-0.600000,-0.600000,1.000000,-0.600000,-1.000000,-0.600000,0.600000,0.600000,0.600000,0.600000,-0.600000,-0.600000,-0.600000,-0.600000,-0.600000,0.600000,-0.600000,-0.600000,-0.600000,0.557380,0.600000,-0.600000,-0.621416,-0.600000,-0.600000,-0.630792,0.600000,-0.600000,0.600000,0.600000,-0.600000,0.600000,-0.600000,-0.600000,-0.600000,0.600000,-0.600000,-0.600000,0.716323,-0.600000,-0.600000,0.559845,-0.600000,-0.600000,-0.600000,-0.600000,0.589158,-0.600000,-0.621416,-0.600000,-0.600000,0.600000,-0.600000,-0.600000,0.600000,-0.600000,-0.600000,-0.600000,-0.600000,0.600000,0.600000,-0.600000,1.000000,-0.600000,0.600000,-0.600000,-0.600000,-0.635443,-0.600000,-0.600000,0.600000
748,0.600000,-0.600000,-0.600000,1.000000,-0.600000,-1.000000,-0.600000,0.600000,0.600000,0.600000,0.600000,-0.600000,-0.600000,-0.600000,-0.600000,-0.600000,0.600000,-0.600000,-0.600000,-0.600000,0.557380,0.600000,-0.600000,-0.621416,-0.600000,-0.600000,-0.630792,0.600000,-0.600000,0.600000,0.600000,-0.600000,0.600000,-0.600000,-0.600000,-0.600000,0.600000,-0.600000,-0.600000,0.716323,-0.600000,-0.600000,0.559845,-0.600000,-0.600000,-0.600000,-0.600000,0.589158,-0.600000,-0.621416,-0.600000,-0.600000,0.600000,-0.600000,-0.600000,0.600000,-0.600000,-0.600000,-0.600000,-0.600000,0.600000,0.600000,-0.600000,1.000000,-0.600000,0.600000,-0.600000,-0.600000,-0.635443,-0.600000,-0.600000,0.600000
749,0.600000,-0.600000,-0.600000,1.000000,-0.600000,-1.000000,-0.600000,0.600000,0.600000,0.600000,0.600000,-0.600000,-0.600000,-0.600000,-0.600000,-0.600000,0.600000,-0.600000,-0.600000,-0.600000,0.557380,0.600000,-0.600000,-0.621416,-0.600000,-0.600000,-0.630792,0.600000,-0.600000,0.600000,0.600000,-0.600000,0.600000,-0.600000,-0.600000,-0.600000,0.600000,-0.600000,-0.600000,0.716323,-0.600000,-0.600000,0.559845,-0.600000,-0.600000,-0.600000,-0.600000,0.589158,-0.600000,-0.621416,-0.600000,-0.600000,0.600000,-0.600000,-0.600000,0.600000,-0.600000,-0.600000,-0.600000,-0.600000,0.600000,0.600000,-0.600000,1.000000,-0.600000,0.600000,-0.600000,-0.600000,-0.635443,-0.600000,-0.600000,0.600000
750,0.600000,-0.600000,-0.600000,1.000000,-0.600000,-1.000000,-0.600000,0.600000,0.600000,0.600000,0.600000,-0.600000,-0.600000,-0.600000,-0.600000,-0.600000,0.600000,-0.600000,-0.600000,-0.600000,0.557380,0.600000,-0.600000,-0.621416,-0.600000,-0.600000,-0.630792,0.600000,-0.600000,0.600000,0.600000,-0.600000,0.600000,-0.600000,-0.600000,-0.600000,0.600000,-0.600000,-0.600000,0.716323,-0.600000,-0.600000,0.559845,-0.600000,-0.600000,-0.600000,-0.600000,0.589158,-0.600000,-0.621416,-0.600000,-0.600000,0.600000,-0.600000,-0.600000,0.600000,-0.600000,-0.600000,-0.600000,-0.600000,0.600000,0.600000,-0.600000,1.000000,-0.600000,0.600000,-0.600000,-0.600000,-0.635443,-0.600000,-0.600000,0.600000
751,0.600000,-0.600000,-0.600000,1.000000,-0.600000,-1.000000,-0.600000,0.600000,0.600000,0.600000,0.600000,-0.600000,-0.600000,-0.600000,-0.600000,-0.600000,0.600000,-0.600000,-0.600000,-0.600000,0.557380,0.600000,-0.600000,-0.621416,-0.600000,-0.600000,-0.630792,0.600000,-0.600000,0.600000,0.600000,-0.600000,0.600000,-0.600000,-0.600000,-0.600000,0.600000,-0.600000,-0.600000,0.716323,-0.600000,-0.600000,0.559845,-0.600000,-0.600000,-0.600000,-0.600000,0.589158,-0.600000,-0.621416,-0.600000,-0.600000,0.600000,-0.600000,-0.600000,0.600000,-0.600000,-0.600000,-0.600000,-0.600000,0.600000,0.600000,-0.600000,1.000000,-0.600000,0.600000,-0.600000,-0.600000,-0.635443,-0.600000,-0.600000,0.600000
752,0.600000,-0.600000,-0.600000,1.000000,-0.600000,-1.000000,-0.600000,0.600000,0.600000,0.600000,0.600000,-0.600000,-0.600000,-0.600000,-0.600000,-0.600000,0.600000,-0.600000,-0.600000,-0.600000,0.557380,0.600000,-0.600000,-0.621416,-0.600000,-0.600000,-0.630792,0.600000,-0.600000,0.600000,0.600000,-0.600000,0.600000,-0.600000,-0.600000,-0.600000,0.600000,-0.600000,-0.600000,0.716323,-0.600000,-0.600000,0.559845,-0.600000,-0.600000,-0.600000,-0.600000,0.589158,-0.600000,-0.621416,-0.600000,-0.600000,0.600000,-0.600000,-0.600000,0.600000,-0.600000,-0.600000,-0.600000,-0.600000,0.600000,0.600000,-0.600000,1.000000,-0.600000,0.600000,-0.600000,-0.600000,-0.635443,-0.600000,-0.600000,0.600000
753,0.600000,-0.600000,-0.600000,1.000000,-0.600000,-1.000000,-0.600000,0.600000,0.600000,0.600000,0.600000,-0.600000,-0.600000,-0.600000,-0.600000,-0.600000,0.600000,-0.600000,-0.600000,-0.600000,0.557380,0.600000,-0.600000,-0.621416,-0.600000,-0.600000,-0.630792,0.600000,-0.600000,0.600000,0.600000,-0.600000,0.600000,-0.600000,-0.600000,-0.600000,0.600000,-0.600000,-0.600000,0.716323,-0.600000,-0.600000,0.559845,-0.600000,-0.600000,-0.600000,-0.600000,0.589158,-0.600000,-0.621416,-0.600000,-0.600000,0.600000,-0.600000,-0.600000,0.600000,-0.600000,-0.600000,-0.600000,-0.600000,0.600000,0.600000,-0.600000,1.000000,-0.600000,0.600000,-0.600000,-0.600000,-0.635443,-0.600000,-0.600000,0.600000
754,0.600000,-0.600000,-0.600000,1.000000,-0.600000,-1.000000,-0.600000,0.600000,0.600000,0.600000,0.600000,-0.600000,-0.600000,-0.600000,-0.600000,-0.600000,0.600000,-0.600000,-0.600000,-0.600000,0.557380,0.600000,-0.600000,-0.621416,-0.600000,-0.600000,-0.630792,0.600000,-0.600000,0.600000,0.600000,-0.600000,0.600000,-0.600000,-0.600000,-0.600000,0.600000,-0.600000,-0.600000,0.716323,-0.600000,-0.600000,0.559845,-0.600000,-0.600000,-0.600000,-0.600000,0.589158,-0.600000,-0.621416,-0.600000,-0.600000,0.600000,-0.600000,-0.600000,0.600000,-0.600000,-0.600000,-0.600000,-0.600000,0.600000,0.600000,-0.600000,1.000000,-0.600000,0.600000,-0.600000,-0.600000,-0.635443,-0.600000,-0.600000,0.600000
755,0.600000,-0.600000,-0.600000,1.000000,-0.600000,-1.000000,-0.600000,0.600000,0.600000,0.600000,0.600000,-0.600000,-0.600000,-0.600000,-0.600000,-0.600000,0.600000,-0.600000,-0.600000,-0.600000,0.557380,0.600000,-0.600000,-0.621416,-0.600000,-0.600000,-0.630792,0.600000,-0.600000,0.600000,0.600000,-0.600000,0.600000,-0.600000,-0.600000,-0.600000,0.600000,-0.600000,-0.600000,0.716323,-0.600000,-0.600000,0.559845,-0.600000,-0.600000,-0.600000,-0.600000,0.589158,-0.600000,-0.621416,-0.600000,-0.600000,0.600000,-0.600000,-0.600000,0.600000,-0.600000,-0.600000,-0.600000,-0.600000,0.600000,0.600000,-0.600000,1.000000,-0.600000,0.600000,-0.600000,-0.600000,-0.635443,-0.600000,-0.600000,0.600000
756,0.600000,-0.600000,-0.600000,1.000000,-0.600000,-1.000000,-0.600000,0.600000,0.600000,0.600000,0.600000,-0.600000,-0.600000,-0.600000,-0.600000,-0.600000,0.600000,-0.600000,-0.600000,-0.600000,0.557380,0.600000,-0.600000,-0.621416,-0.600000,-0.600000,-0.630792,0.600000,-0.600000,0.600000,0.600000,-0.600000,0.600000,-0.600000,-0.600000,-0.600000,0.600000,-0.600000,-0.600000,0.716323,-0.600000,-0.600000,0.559845,-0.600000,-0.600000,-0.600000,-0.600000,0.589158,-0.600000,-0.621416,-0.600000,-0.600000,0.600000,-0.600000,-0.600000,0.600000,-0.600000,-0.600000,-0.600000,-0.600000,0.600000,0.600000,-0.600000,1.000000,-0.600000,0.600000,-0.600000,-0.600000,-0.635443,-0.600000,-0.600000,0.600000
757,0.600000,-0.600000,-0.600000,1.000000,-0.600000,-1.000000,-0.600000,0.600000,0.600000,0.600000,0.600000,-0.600000,-0.600000,-0.600000,-0.600000,-0.600000,0.600000,-0.600000,-0.600000,-0.600000,0.557380,0.600000,-0.600000,-0.621416,-0.600000,-0.600000,-0.630792,0.600000,-0.600000,0.600000,0.600000,-0.600000,0.600000,-0.600000,-0.600000,-0.600000,0.600000,-0.600000,-0.600000,0.716323,-0.600000,-0.600000,0.559845,-0.600000,-0.600000,-0.600000,-0.600000,0.589158,-0.600000,-0.621416,-0.600000,-0.600000,0.600000,-0.600000,-0.600000,0.600000,-0.600000,-0.600000,-0.600000,-0.600000,0.600000,0.600000,-0.600000,1.000000,-0.600000,0.600000,-0.600000,-0.600000,-0.635443,-0.600000,-0.600000,0.600000
758,0.600000,-0.600000,-0.600000,1.000000,-0.600000,-1.000000,-0.600000,0.600000,0.600000,0.600000,0.600000,-0.600000,-0.600000,-0.600000,-0.600000,-0.600000,0.600000,-0.600000,-0.600000,-0.600000,0.557380,0.600000,-0.600000,-0.621416,-0.600000,-0.600000,-0.630792,0.600000,-0.600000,0.600000,0.600000,-0.600000,0.600000,-0.600000,-0.600000,-0.600000,0.600000,-0.600000,-0.600000,0.716323,-0.600000,-0.600000,0.559845,-0.600000,-0.600000,-0.600000,-0.600000,0.589158,-0.600000,-0.621416,-0.600000,-0.600000,0.600000,-0.600000,-0.600000,0.600000,-0.600000,-0.600000,-0.600000,-0.600000,0.600000,0.600000,-0.600000,1.000000,-0.600000,0.600000,-0.600000,-0.600000,-0.635443,-0.600000,-0.600000,0.600000
759,0.600000,-0.600000,-0.600000,1.000000,-0.600000,-1.000000,-0.600000,0.600000,0.600000,0.600000,0.600000,-0.600000,-0.600000,-0.600000,-0.600000,-0.600000,0.600000,-0.600000,-0.600000,-0.600000,0.557380,0.600000,-0.600000,-0.621416,-0.600000,-0.600000,-0.630792,0.600000,-0.600000,0.600000,0.600000,-0.600000,0.600000,-0.600000,-0.600000,-0.600000,0.600000,-0.600000,-0.600000,0.716323,-0.600000,-0.600000,0.559845,-0.600000,-0.600000,-0.600000,-0.600000,0.589158,-0.600000,-0.621416,-0.600000,-0.600000,0.600000,-0.600000,-0.600000,0.600000,-0.600000,-0.600000,-0.600000,-0.600000,0.600000,0.600000,-0.600000,1.000000,-0.600000,0.600000,-0.600000,-0.600000,-0.635443,-0.600000,-0.600000,0.600000
760,0.600000,-0.600000,-0.600000,1.000000,-0.600000,-1.000000,-0.600000,0.600000,0.600000,0.600000,0.600000,-0.600000,-0.600000,-0.600000,-0.600000,-0.600000,0.600000,-0.600000,-0.600000,-0.600000,0.557380,0.600000,-0.600000,-0.621416,-0.600000,-0.600000,-0.630792,0.600000,-0.600000,0.600000,0.600000,-0.600000,0.600000,-0.600000,-0.600000,-0.600000,0.600000,-0.600000,-0.600000,0.716323,-0.600000,-0.600000,0.559845,-0.600000,-0.600000,-0.600000,-0.600000,0.589158,-0.600000,-0.621416,-0.600000,-0.600000,0.600000,-0.600000,-0.600000,0.600000,-0.600000,-0.600000,-0.600000,-0.600000,0.600000,0.600000,-0.600000,1.000000,-0.600000,0.600000,-0.600000,-0.600000,-0.635443,-0.600000,-0.600000,0.600000
761,0.600000,-0.600000,-0.600000,1.000000,-0.600000,-1.000000,-0.600000,0.600000,0.600000,0.600000,0.600000,-0.600000,-0.600000,-0.600000,-0.600000,-0.600000,0.600000,-0.600000,-0.600000,-0.600000,0.557380,0.600000,-0.600000,-0.621416,-0.600000,-0.600000,-0.630792,0.600000,-0.600000,0.600000,0.600000,-0.600000,0.600000,-0.600000,-0.600000,-0.600000,0.600000,-0.600000,-0.600000,0.716323,-0.600000,-0.600000,0.559845,-0.600000,-0.600000,-0.600000,-0.600000,0.589158,-0.600000,-0.621416,-0.600000,-0.600000,0.600000,-0.600000,-0.600000,0.600000,-0.600000,-0.600000,-0.600000,-0.600000,0.600000,0.600000,-0.600000,1.000000,-0.600000,0.600000,-0.600000,-0.600000,-0.635443,-0.600000,-0.600000,0.600000
762,0.600000,-0.600000,-0.600000,1.000000,-0.600000,-1.000000,-0.600000,0.600000,0.600000,0.600000,0.600000,-0.600000,-0.600000,-0.600000,-0.600000,-0.600000,0.600000,-0.600000,-0.600000,-0.600000,0.557380,0.600000,-0.600000,-0.621416,-0.600000,-0.600000,-0.630792,0.600000,-0.600000,0.600000,0.600000,-0.600000,0.600000,-0.600000,-0.600000,-0.600000,0.600000,-0.600000,-0.600000,0.716323,-0.600000,-0.600000,0.559845,-0.600000,-0.600000,-0.600000,-0.600000,0.589158,-0.600000,-0.621416,-0.600000,-0.600000,0.600000,-0.600000,-0.600000,0.600000,-0.600000,-0.600000,-0.600000,-0.600000,0.600000,0.600000,-0.600000,1.000000,-0.600000,0.600000,-0.600000,-0.600000,-0.635443,-0.600000,-0.600000,0.600000
763,0.600000,-0.600000,-0.600000,1.000000,-0.600000,-1.000000,-0.600000,0.600000,0.600000,0.600000,0.600000,-0.600000,-0.600000,-0.600000,-0.600000,-0.600000,0.600000,-0.600000,-0.600000,-0.600000,0.557380,0.600000,-0.600000,-0.621416,-0.600000,-0.600000,-0.630792,0.600000,-0.600000,0.600000,0.600000,-0.600000,0.600000,-0.600000,-0.600000,-0.600000,0.600000,-0.600000,-0.600000,0.716323,-0.600000,-0.600000,0.559845,-0.600000,-0.600000,-0.600000,-0.600000,0.589158,-0.600000,-0.621416,-0.600000,-0.600000,0.600000,-0.600000,-0.600000,0.600000,-0.600000,-0.600000,-0.600000,-0.600000,0.600000,0.600000,-0.600000,1.000000,-0.600000,0.600000,-0.600000,-0.600000,-0.635443,-0.600000,-0.600000,0.600000
764,0.600000,-0.600000,-0.600000,1.000000,-0.600000,-1.000000,-0.600000,0.600000,0.600000,0.600000,0.600000,-0.600000,-0.600000,-0.600000,-0.600000,-0.600000,0.600000,-0.600000,-0.600000,-0.600000,0.557380,0.600000,-0.600000,-0.621416,-0.600000,-0.600000,-0.630792,0.600000,-0.600000,0.600000,0.600000,-0.600000,0.600000,-0.600000,-0.600000,-0.600000,0.600000,-0.600000,-0.600000,0.716323,-0.600000,-0.600000,0.559845,-0.600000,-0.600000,-0.600000,-0.600000,0.589158,-0.600000,-0.621416,-0.600000,-0.600000,0.600000,-0.600000,-0.600000,0.600000,-0.600000,-0.600000,-0.600000,-0.600000,0.600000,0.600000,-0.600000,1.000000,-0.600000,0.600000,-0.600000,-0.600000,-0.635443,-0.600000,-0.600000,0.600000
765,0.600000,-0.600000,-0.600000,1.000000,-0.600000,-1.000000,-0.600000,0.600000,0.600000,0.600000,0.600000,-0.600000,-0.600000,-0.600000,-0.600000,-0.600000,0.600000,-0.600000,-0.600000,-0.600000,0.557380,0.600000,-0.600000,-0.621416,-0.600000,-0.600000,-0.630792,0.600000,-0.600000,0.600000,0.600000,-0.600000,0.600000,-0.600000,-0.600000,-0.600000,0.600000,-0.600000,-0.600000,0.716323,-0.600000,-0.600000,0.559845,-0.600000,-0.600000,-0.600000,-0.600000,0.589158,-0.600000,-0.621416,-0.600000,-0.600000,0.600000,-0.600000,-0.600000,0.600000,-0.600000,-0.600000,-0.600000,-0.600000,0.600000,0.600000,-0.600000,1.000000,-0.600000,0.600000,-0.600000,-0.600000,-0.635443,-0.600000,-0.600000,0.600000
766,0.600000,-0.600000,-0.600000,1.000000,-0.600000,-1.000000,-0.600000,0.600000,0.600000,0.600000,0.600000,-0.600000,-0.600000,-0.600000,-0.600000,-0.600000,0.600000,-0.600000,-0.600000,-0.600000,0.557380,0.600000,-0.600000,-0.621416,-0.600000,-0.600000,-0.630792,0.600000,-0.600000,0.600000,0.600000,-0.600000,0.600000,-0.600000,-0.600000,-0.600000,0.600000,-0.600000,-0.600000,0.716323,-0.600000,-0.600000,0.559845,-0.600000,-0.600000,-0.600000,-0.600000,0.589158,-0.600000,-0.621416,-0.600000,-0.600000,0.600000,-0.600000,-0.600000,0.600000,-0.600000,-0.600000,-0.600000,-0.600000,0.600000,0.600000,-0.600000,1.000000,-0.600000,0.600000,-0.600000,-0.600000,-0.635443,-0.600000,-0.600000,0.600000
767,0.600000,-0.600000,-0.600000,1.000000,-0.600000,-1.000000,-0.600000,0.600000,0.600000,0.600000,0.600000,-0.600000,-0.600000,-0.600000,-0.600000,-0.600000,0.600000,-0.600000,-0.600000,-0.600000,0.557380,0.600000,-0.600000,-0.621416,-0.600000,-0.600000,-0.630792,0.600000,-0.600000,0.600000,0.600000,-0.600000,0.600000,-0.600000,-0.600000,-0.600000,0.600000,-0.600000,-0.600000,0.716323,-0.600000,-0.600000,0.559845,-0.600000,-0.600000,-0.600000,-0.600000,0.589158,-0.600000,-0.621416,-0.600000,-0.600000,0.600000,-0.600000,-0.600000,0.600000,-0.600000,-0.600000,-0.600000,-0.600000,0.600000,0.600000,-0.600000,1.000000,-0.600000,0.600000,-0.600000,-0.600000,-0.635443,-0.600000,-0.600000,0.600000
768,0.600000,-0.600000,-0.600000,1.000000,-0.600000,-1.000000,-0.600000,0.600000,0.600000,0.600000,0.600000,-0.600000,-0.600000,-0.600000,-0.600000,-0.600000,0.600000,-0.600000,-0.600000,-0.600000,0.557380,0.600000,-0.600000,-0.621416,-0.600000,-0.600000,-0.630792,0.600000,-0.600000,0.600000,0.600000,-0.600000,0.600000,-0.600000,-0.600000,-0.600000,0.600000,-0.600000,-0.600000,0.716323,-0.600000,-0.600000,0.559845,-0.600000,-0.600000,-0.600000,-0.600000,0.589158,-0.600000,-0.621416,-0.600000,-0.600000,0.600000,-0.600000,-0.600000,0.600000,-0.600000,-0.600000,-0.600000,-0.600000,0.600000,0.600000,-0.600000,1.000000,-0.600000,0.600000,-0.600000,-0.600000,-0.635443,-0.600000,-0.600000,0.600000
769,0.600000,-0.600000,-0.600000,1.000000,-0.600000,-1.000000,-0.600000,0.600000,0.600000,0.600000,0.600000,-0.600000,-0.600000,-0.600000,-0.600000,-0.600000,0.600000,-0.600000,-0.600000,-0.600000,0.557380,0.600000,-0.600000,-0.621416,-0.600000,-0.600000,-0.630792,0.600000,-0.600000,0.600000,0.600000,-0.600000,0.600000,-0.600000,-0.600000,-0.600000,0.600000,-0.600000,-0.600000,0.716323,-0.600000,-0.600000,0.559845,-0.600000,-0.600000,-0.600000,-0.600000,0.589158,-0.600000,-0.621416,-0.600000,-0.600000,0.600000,-0.600000,-0.600000,0.600000,-0.600000,-0.600000,-0.600000,-0.600000,0.600000,0.600000,-0.600000,1.000000,-0.600000,0.600000,-0.600000,-0.600000,-0.635443,-0.600000,-0.600000,0.600000
770,0.600000,-0.600000,-0.600000,1.000000,-0.600000,-1.000000,-0.600000,0.600000,0.600000,0.600000,0.600000,-0.600000,-0.600000,-0.600000,-0.600000,-0.600000,0.600000,-0.600000,-0.600000,-0.600000,0.557380,0.600000,-0.600000,-0.621416,-0.600000,-0.600000,-0.630792,0.600000,-0.600000,0.600000,0.600000,-0.600000,0.600000,-0.600000,-0.600000,-0.600000,0.600000,-0.600000,-0.600000,0.716323,-0.600000,-0.600000,0.559845,-0.600000,-0.600000,-0.600000,-0.600000,0.589158,-0.600000,-0.621416,-0.600000,-0.600000,0.600000,-0.600000,-0.600000,0.600000,-0.600000,-0.600000,-0.600000,-0.600000,0.600000,0.600000,-0.600000,1.000000,-0.600000,0.600000,-0.600000,-0.600000,-0.635443,-0.600000,-0.600000,0.600000
771,0.600000,-0.600000,-0.600000,1.000000,-0.600000,-1.000000,-0.600000,0.600000,0.600000,0.600000,0.600000,-0.600000,-0.600000,-0.600000,-0.600000,-0.600000,0.600000,-0.600000,-0.600000,-0.600000,0.557380,0.600000,-0.600000,-0.621416,-0.600000,-0.600000,-0.630792,0.600000,-0.600000,0.600000,0.600000,-0.600000,0.600000,-0.600000,-0.600000,-0.600000,0.600000,-0.600000,-0.600000,0.716323,-0.600000,-0.600000,0.559845,-0.600000,-0.600000,-0.600000,-0.600000,0.589158,-0.600000,-0.621416,-0.600000,-0.600000,0.600000,-0.600000,-0.600000,0.600000,-0.600000,-0.600000,-0.600000,-0.600000,0.600000,0.600000,-0.600000,1.000000,-0.600000,0.600000,-0.600000,-0.600000,-0.635443,-0.600000,-0.600000,0.600000
772,0.600000,-0.600000,-0.600000,1.000000,-0.600000,-1.000000,-0.600000,0.600000,0.600000,0.600000,0.600000,-0.600000,-0.600000,-0.600000,-0.600000,-0.600000,0.600000,-0.600000,-0.600000,-0.600000,0.557380,0.600000,-0.600000,-0.621416,-0.600000,-0.600000,-0.630792,0.600000,-0.600000,0.600000,0.600000,-0.600000,0.600000,-0.600000,-0.600000,-0.600000,0.600000,-0.600000,-0.600000,0.716323,-0.600000,-0.600000,0.559845,-0.600000,-0.600000,-0.600000,-0.600000,0.589158,-0.600000,-0.621416,-0.600000,-0.600000,0.600000,-0.600000,-0.600000,0.600000,-0.600000,-0.600000,-0.600000,-0.600000,0.600000,0.600000,-0.600000,1.000000,-0.600000,0.600000,-0.600000,-0.600000,-0.635443,-0.600000,-0.600000,0.600000
773,0.600000,-0.600000,-0.600000,1.000000,-0.600000,-1.000000,-0.600000,0.600000,0.600000,0.600000,0.600000,-0.600000,-0.600000,-0.600000,-0.600000,-0.600000,0.600000,-0.600000,-0.600000,-0.600000,0.557380,0.600000,-0.600000,-0.621416,-0.600000,-0.600000,-0.630792,0.600000,-0.600000,0.600000,0.600000,-0.600000,0.600000,-0.600000,-0.600000,-0.600000,0.600000,-0.600000,-0.600000,0.716323,-0.600000,-0.600000,0.559845,-0.600000,-0.600000,-0.600000,-0.600000,0.589158,-0.600000,-0.621416,-0.600000,-0.600000,0.600000,-0.600000,-0.600000,0.600000,-0.600000,-0.600000,-0.600000,-0.600000,0.600000,0.600000,-0.600000,1.000000,-0.600000,0.600000,-0.600000,-0.600000,-0.635443,-0.600000,-0.600000,0.600000
774,0.600000,-0.600000,-0.600000,1.000000,-0.600000,-1.000000,-0.600000,0.600000,0.600000,0.600000,0.600000,-0.600000,-0.600000,-0.600000,-0.600000,-0.600000,0.600000,-0.600000,-0.600000,-0.600000,0.557380,0.600000,-0.600000,-0.621416,-0.600000,-0.600000,-0.630792,0.600000,-0.600000,0.600000,0.600000,-0.600000,0.600000,-0.600000,-0.600000,-0.600000,0.600000,-0.600000,-0.600000,0.716323,-0.600000,-0.600000,0.559845,-0.600000,-0.600000,-0.600000,-0.600000,0.589158,-0.600000,-0.621416,-0.600000,-0.600000,0.600000,-0.600000,-0.600000,0.600000,-0.600000,-0.600000,-0.600000,-0.600000,0.600000,0.600000,-0.600000,1.000000,-0.600000,0.600000,-0.600000,-0.600000,-0.635443,-0.600000,-0.600000,0.600000
775,0.600000,-0.600000,-0.600000,1.000000,-0.600000,-1.000000,-0.600000,0.600000,0.600000,0.600000,0.600000,-0.600000,-0.600000,-0.600000,-0.600000,-0.600000,0.600000,-0.600000,-0.600000,-0.600000,0.557380,0.600000,-0.600000,-0.621416,-0.600000,-0.600000,-0.630792,0.600000,-0.600000,0.600000,0.600000,-0.600000,0.600000,-0.600000,-0.600000,-0.600000,0.600000,-0.600000,-0.600000,0.716323,-0.600000,-0.600000,0.559845,-0.600000,-0.600000,-0.600000,-0.600000,0.589158,-0.600000,-0.621416,-0.600000,-0.600000,0.600000,-0.600000,-0.600000,0.600000,-0.600000,-0.600000,-0.600000,-0.600000,0.600000,0.600000,-0.600000,1.000000,-0.600000,0.600000,-0.600000,-0.600000,-0.635443,-0.600000,-0.600000,0.600000
776,0.600000,-0.600000,-0.600000,1.000000,-0.600000,-1.000000,-0.600000,0.600000,0.600000,0.600000,0.600000,-0.600000,-0.600000,-0.600000,-0.600000,-0.600000,0.600000,-0.600000,-0.600000,-0.600000,0.557380,0.600000,-0.600000,-0.621416,-0.600000,-0.600000,-0.630792,0.600000,-0.600000,0.600000,0.600000,-0.600000,0.600000,-0.600000,-0.600000,-0.600000,0.600000,-0.600000,-0.600000,0.716323,-0.600000,-0.600000,0.559845,-0.600000,-0.600000,-0.600000,-0.600000,0.589158,-0.600000,-0.621416,-0.600000,-0.600000,0.600000,-0.600000,-0.600000,0.600000,-0.600000,-0.600000,-0.600000,-0.600000,0.600000,0.600000,-0.600000,1.000000,-0.600000,0.600000,-0.600000,-0.600000,-0.635443,-0.600000,-0.600000,0.600000
777,0.600000,-0.600000,-0.600000,1.000000,-0.600000,-1.000000,-0.600000,0.600000,0.600000,0.600000,0.600000,-0.600000,-0.600000,-0.600000,-0.600000,-0.600000,0.600000,-0.600000,-0.600000,-0.600000,0.557380,0.600000,-0.600000,-0.621416,-0.600000,-0.600000,-0.630792,0.600000,-0.600000,0.600000,0.600000,-0.600000,0.600000,-0.600000,-0.600000,-0.600000,0.600000,-0.600000,-0.600000,0.716323,-0.600000,-0.600000,0.559845,-0.600000,-0.600000,-0.600000,-0.600000,0.589158,-0.600000,-0.621416,-0.600000,-0.600000,0.600000,-0.600000,-0.600000,0.600000,-0.600000,-0.600000,-0.600000,-0.600000,0.600000,0.600000,-0.600000,1.000000,-0.600000,0.600000,-0.600000,-0.600000,-0.635443,-0.600000,-0.600000,0.600000
778,0.600000,-0.600000,-0.600000,1.000000,-0.600000,-1.000000,-0.600000,0.600000,0.600000,0.600000,0.600000,-0.600000,-0.600000,-0.600000,-0.600000,-0.600000,0.600000,-0.600000,-0.600000,-0.600000,0.557380,0.600000,-0.600000,-0.621416,-0.600000,-0.600000,-0.630792,0.600000,-0.600000,0.600000,0.600000,-0.600000,0.600000,-0.600000,-0.600000,-0.600000,0.600000,-0.600000,-0.600000,0.716323,-0.600000,-0.600000,0.559845,-0.600000,-0.600000,-0.600000,-0.600000,0.589158,-0.600000,-0.621416,-0.600000,-0.600000,0.600000,-0.600000,-0.600000,0.600000,-0.600000,-0.600000,-0.600000,-0.600000,0.600000,0.600000,-0.600000,1.000000,-0.600000,0.600000,-0.600000,-0.600000,-0.635443,-0.600000,-0.600000,0.600000
779,0.600000,-0.600000,-0.600000,1.000000,-0.600000,-1.000000,-0.600000,0.600000,0.600000,0.600000,0.600000,-0.600000,-0.600000,-0.600000,-0.600000,-0.600000,0.600000,-0.600000,-0.600000,-0.600000,0.557380,0.600000,-0.600000,-0.621416,-0.600000,-0.600000,-0.630792,0.600000,-0.600000,0.600000,0.600000,-0.600000,0.600000,-0.600000,-0.600000,-0.600000,0.600000,-0.600000,-0.600000,0.716323,-0.600000,-0.600000,0.559845,-0.600000,-0.600000,-0.600000,-0.600000,0.589158,-0.600000,-0.621416,-0.600000,-0.600000,0.600000,-0.600000,-0.600000,0.600000,-0.600000,-0.600000,-0.600000,-0.600000,0.600000,0.600000,-0.600000,1.000000,-0.600000,0.600000,-0.600000,-0.600000,-0.635443,-0.600000,-0.600000,0.600000
780,0.600000,-0.600000,-0.600000,1.000000,-0.600000,-1.000000,-0.600000,0.600000,0.600000,0.600000,0.600000,-0.600000,-0.600000,-0.600000,-0.600000,-0.600000,0.600000,-0.600000,-0.600000,-0.600000,0.557380,0.600000,-0.600000,-0.621416,-0.600000,-0.600000,-0.630792,0.600000,-0.600000,0.600000,0.600000,-0.600000,0.600000,-0.600000,-0.600000,-0.600000,0.600000,-0.600000,-0.600000,0.716323,-0.600000,-0.600000,0.559845,-0.600000,-0.600000,-0.600000,-0.600000,0.589158,-0.600000,-0.621416,-0.600000,-0.600000,0.600000,-0.600000,-0.600000,0.600000,-0.600000,-0.600000,-0.600000,-0.600000,0.600000,0.600000,-0.600000,1.000000,-0.600000,0.600000,-0.600000,-0.600000,-0.635443,-0.600000,-0.600000,0.600000
781,0.600000,-0.600000,-0.600000,1.000000,-0.600000,-1.000000,-0.600000,0.600000,0.600000,0.600000,0.600000,-0.600000,-0.600000,-0.600000,-0.600000,-0.600000,0.600000,-0.600000,-0.600000,-0.600000,0.557380,0.600000,-0.600000,-0.621416,-0.600000,-0.600000,-0.630792,0.600000,-0.600000,0.600000,0.600000,-0.600000,0.600000,-0.600000,-0.600000,-0.600000,0.600000,-0.600000,-0.600000,0.716323,-0.600000,-0.600000,0.559845,-0.600000,-0.600000,-0.600000,-0.600000,0.589158,-0.600000,-0.621416,-0.600000,-0.600000,0.600000,-0.600000,-0.600000,0.600000,-0.600000,-0.600000,-0.600000,-0.600000,0.600000,0.600000,-0.600000,1.000000,-0.600000,0.600000,-0.600000,-0.600000,-0.635443,-0.600000,-0.600000,0.600000
782,0.600000,-0.600000,-0.600000,1.000000,-0.600000,-1.000000,-0.600000,0.600000,0.600000,0.600000,0.600000,-0.600000,-0.600000,-0.600000,-0.600000,-0.600000,0.600000,-0.600000,-0.600000,-0.600000,0.557380,0.600000,-0.600000,-0.621416,-0.600000,-0.600000,-0.630792,0.600000,-0.600000,0.600000,0.600000,-0.600000,0.600000,-0.600000,-0.600000,-0.600000,0.600000,-0.600000,-0.600000,0.716323,-0.600000,-0.600000,0.559845,-0.600000,-0.600000,-0.600000,-0.600000,0.589158,-0.600000,-0.621416,-0.600000,-0.600000,0.600000,-0.600000,-0.600000,0.600000,-0.600000,-0.600000,-0.600000,-0.600000,0.600000,0.600000,-0.600000,1.000000,-0.600000,0.600000,-0.600000,-0.600000,-0.635443,-0.600000,-0.600000,0.600000
783,0.600000,-0.600000,-0.600000,1.000000,-0.600000,-1.000000,-0.600000,0.600000,0.600000,0.600000,0.600000,-0.600000,-0.600000,-0.600000,-0.600000,-0.600000,0.600000,-0.600000,-0.600000,-0.600000,0.557380,0.600000,-0.600000,-0.621416,-0.600000,-0.600000,-0.630792,0.600000,-0.600000,0.600000,0.600000,-0.600000,0.600000,-0.600000,-0.600000,-0.600000,0.600000,-0.600000,-0.600000,0.716323,-0.600000,-0.600000,0.559845,-0.600000,-0.600000,-0.600000,-0.600000,0.589158,-0.600000,-0.621416,-0.600000,-0.600000,0.600000,-0.600000,-0.600000,0.600000,-0.600000,-0.600000,-0.600000,-0.600000,0.600000,0.600000,-0.600000,1.000000,-0.600000,0.600000,-0.600000,-0.600000,-0.635443,-0.600000,-0.600000,0.600000
784,0.600000,-0.600000,-0.600000,1.000000,-0.600000,-1.000000,-0.600000,0.600000,0.600000,0.600000,0.600000,-0.600000,-0.600000,-0.600000,-0.600000,-0.600000,0.600000,-0.600000,-0.600000,-0.600000,0.557380,0.600000,-0.600000,-0.621416,-0.600000,-0.600000,-0.630792,0.600000,-0.600000,0.600000,0.600000,-0.600000,0.600000,-0.600000,-0.600000,-0.600000,0.600000,-0.600000,-0.600000,0.716323,-0.600000,-0.600000,0.559845,-0.600000,-0.600000,-0.600000,-0.600000,0.589158,-0.600000,-0.621416,-0.600000,-0.600000,0.600000,-0.600000,-0.600000,0.600000,-0.600000,-0.600000,-0.600000,-0.600000,0.600000,0.600000,-0.600000,1.000000,-0.600000,0.600000,-0.600000,-0.600000,-0.635443,-0.600000,-0.600000,0.600000
785,0.600000,-0.600000,-0.600000,1.000000,-0.600000,-1.000000,-0.600000,0.600000,0.600000,0.600000,0.600000,-0.600000,-0.600000,-0.600000,-0.600000,-0.600000,0.600000,-0.600000,-0.600000,-0.600000,0.557380,0.600000,-0.600000,-0.621416,-0.600000,-0.600000,-0.630792,0.600000,-0.600000,0.600000,0.600000,-0.600000,0.600000,-0.600000,-0.600000,-0.600000,0.600000,-0.600000,-0.600000,0.716323,-0.600000,-0.600000,0.559845,-0.600000,-0.600000,-0.600000,-0.600000,0.589158,-0.600000,-0.621416,-0.600000,-0.600000,0.600000,-0.600000,-0.600000,0.600000,-0.600000,-0.600000,-0.600000,-0.600000,0.600000,0.600000,-0.600000,1.000000,-0.600000,0.600000,-0.600000,-0.600000,-0.635443,-0.600000,-0.600000,0.600000
786,0.600000,-0.600000,-0.600000,1.000000,-0.600000,-1.000000,-0.600000,0.600000,0.600000,0.600000,0.600000,-0.600000,-0.600000,-0.600000,-0.600000,-0.600000,0.600000,-0.600000,-0.600000,-0.600000,0.557380,0.600000,-0.600000,-0.621416,-0.600000,-0.600000,-0.630792,0.600000,-0.600000,0.600000,0.600000,-0.600000,0.600000,-0.600000,-0.600000,-0.600000,0.600000,-0.600000,-0.600000,0.716323,-0.600000,-0.600000,0.559845,-0.600000,-0.600000,-0.600000,-0.600000,0.589158,-0.600000,-0.621416,-0.600000,-0.600000,0.600000,-0.600000,-0.600000,0.600000,-0.600000,-0.600000,-0.600000,-0.600000,0.600000,0.600000,-0.600000,1.000000,-0.600000,0.600000,-0.600000,-0.600000,-0.635443,-0.600000,-0.600000,0.600000
787,0.600000,-0.600000,-0.600000,1.000000,-0.600000,-1.000000,-0.600000,0.600000,0.600000,0.600000,0.600000,-0.600000,-0.600000,-0.600000,-0.600000,-0.600000,0.600000,-0.600000,-0.600000,-0.600000,0.557380,0.600000,-0.600000,-0.621416,-0.600000,-0.600000,-0.630792,0.600000,-0.600000,0.600000,0.600000,-0.600000,0.600000,-0.600000,-0.600000,-0.600000,0.600000,-0.600000,-0.600000,0.716323,-0.600000,-0.600000,0.559845,-0.600000,-0.600000,-0.600000,-0.600000,0.589158,-0.600000,-0.621416,-0.600000,-0.600000,0.600000,-0.600000,-0.600000,0.600000,-0.600000,-0.600000,-0.600000,-0.600000,0.600000,0.600000,-0.600000,1.000000,-0.600000,0.600000,-0.600000,-0.600000,-0.635443,-0.600000,-0.600000,0.600000
788,0.600000,-0.600000,-0.600000,1.000000,-0.600000,-1.000000,-0.600000,0.600000,0.600000,0.600000,0.600000,-0.600000,-0.600000,-0.600000,-0.600000,-0.600000,0.600000,-0.600000,-0.600000,-0.600000,0.557380,0.600000,-0.600000,-0.621416,-0.600000,-0.600000,-0.630792,0.600000,-0.600000,0.600000,0.600000,-0.600000,0.600000,-0.600000,-0.600000,-0.600000,0.600000,-0.600000,-0.600000,0.716323,-0.600000,-0.600000,0.559845,-0.600000,-0.600000,-0.600000,-0.600000,0.589158,-0.600000,-0.621416,-0.600000,-0.600000,0.600000,-0.600000,-0.600000,0.600000,-0.600000,-0.600000,-0.600000,-0.600000,0.600000,0.600000,-0.600000,1.000000,-0.600000,0.600000,-0.600000,-0.600000,-0.635443,-0.600000,-0.600000,0.600000
789,0.600000,-0.600000,-0.600000,1.000000,-0.600000,-1.000000,-0.600000,0.600000,0.600000,0.600000,0.600000,-0.600000,-0.600000,-0.600000,-0.600000,-0.600000,0.600000,-0.600000,-0.600000,-0.600000,0.557380,0.600000,-0.600000,-0.621416,-0.600000,-0.600000,-0.630792,0.600000,-0.600000,0.600000,0.600000,-0.600000,0.600000,-0.600000,-0.600000,-0.600000,0.600000,-0.600000,-0.600000,0.716323,-0.600000,-0.600000,0.559845,-0.600000,-0.600000,-0.600000,-0.600000,0.589158,-0.600000,-0.621416,-0.600000,-0.600000,0.600000,-0.600000,-0.600000,0.600000,-0.600000,-0.600000,-0.600000,-0.600000,0.600000,0.600000,-0.600000,1.000000,-0.600000,0.600000,-0.600000,-0.600000,-0.635443,-0.600000,-0.600000,0.600000
790,0.600000,-0.600000,-0.600000,1.000000,-0.600000,-1.000000,-0.600000,0.600000,0.600000,0.600000,0.600000,-0.600000,-0.600000,-0.600000,-0.600000,-0.600000,0.600000,-0.600000,-0.600000,-0.600000,0.557380,0.600000,-0.600000,-0.621416,-0.600000,-0.600000,-0.630792,0.600000,-0.600000,0.600000,0.600000,-0.600000,0.600000,-0.600000,-0.600000,-0.600000,0.600000,-0.600000,-0.600000,0.716323,-0.600000,-0.600000,0.559845,-0.600000,-0.600000,-0.600000,-0.600000,0.589158,-0.600000,-0.621416,-0.600000,-0.600000,0.600000,-0.600000,-0.600000,0.600000,-0.600000,-0.600000,-0.600000,-0.600000,0.600000,0.600000,-0.600000,1.000000,-0.600000,0.600000,-0.600000,-0.600000,-0.635443,-0.600000,-0.600000,0.600000
791,0.600000,-0.600000,-0.600000,1.000000,-0.600000,-1.000000,-0.600000,0.600000,0.600000,0.600000,0.600000,-0.600000,-0.600000,-0.600000,-0.600000,-0.600000,0.600000,-0.600000,-0.600000,-0.600000,0.557380,0.600000,-0.600000,-0.621416,-0.600000,-0.600000,-0.630792,0.600000,-0.600000,0.600000,0.600000,-0.600000,0.600000,-0.600000,-0.600000,-0.600000,0.600000,-0.600000,-0.600000,0.716323,-0.600000,-0.600000,0.559845,-0.600000,-0.600000,-0.600000,-0.600000,0.589158,-0.600000,-0.621416,-0.600000,-0.600000,0.600000,-0.600000,-0.600000,0.600000,-0.600000,-0.600000,-0.600000,-0.600000,0.600000,0.600000,-0.600000,1.000000,-0.600000,0.600000,-0.600000,-0.600000,-0.635443,-0.600000,-0.600000,0.600000
792,0.600000,-0.600000,-0.600000,1.000000,-0.600000,-1.000000,-0.600000,0.600000,0.600000,0.600000,0.600000,-0.600000,-0.600000,-0.600000,-0.600000,-0.600000,0.600000,-0.600000,-0.600000,-0.600000,0.557380,0.600000,-0.600000,-0.621416,-0.600000,-0.600000,-0.630792,0.600000,-0.600000,0.600000,0.600000,-0.600000,0.600000,-0.600000,-0.600000,-0.600000,0.600000,-0.600000,-0.600000,0.716323,-0.600000,-0.600000,0.559845,-0.600000,-0.600000,-0.600000,-0.600000,0.589158,-0.600000,-0.621416,-0.600000,-0.600000,0.600000,-0.600000,-0.600000,0.600000,-0.600000,-0.600000,-0.600000,-0.600000,0.600000,0.600000,-0.600000,1.000000,-0.600000,0.600000,-0.600000,-0.600000,-0.635443,-0.600000,-0.600000,0.600000
793,0.600000,-0.600000,-0.600000,1.000000,-0.600000,-1.000000,-0.600000,0.600000,0.600000,0.600000,0.600000,-0.600000,-0.600000,-0.600000,-0.600000,-0.600000,0.600000,-0.600000,-0.600000,-0.600000,0.557380,0.600000,-0.600000,-0.621416,-0.600000,-0.600000,-0.630792,0.600000,-0.600000,0.600000,0.600000,-0.600000,0.600000,-0.600000,-0.600000,-0.600000,0.600000,-0.600000,-0.600000,0.716323,-0.600000,-0.600000,0.559845,-0.600000,-0.600000,-0.600000,-0.600000,0.589158,-0.600000,-0.621416,-0.600000,-0.600000,0.600000,-0.600000,-0.600000,0.600000,-0.600000,-0.600000,-0.600000,-0.600000,0.600000,0.600000,-0.600000,1.000000,-0.600000,0.600000,-0.600000,-0.600000,-0.635443,-0.600000,-0.600000,0.600000
794,0.600000,-0.600000,-0.600000,1.000000,-0.600000,-1.000000,-0.600000,0.600000,0.600000,0.600000,0.600000,-0.600000,-0.600000,-0.600000,-0.600000,-0.600000,0.600000,-0.600000,-0.600000,-0.600000,0.557380,0.600000,-0.600000,-0.621416,-0.600000,-0.600000,-0.630792,0.600000,-0.600000,0.600000,0.600000,-0.600000,0.600000,-0.600000,-0.600000,-0.600000,0.600000,-0.600000,-0.600000,0.716323,-0.600000,-0.600000,0.559845,-0.600000,-0.600000,-0.600000,-0.600000,0.589158,-0.600000,-0.621416,-0.600000,-0.600000,0.600000,-0.600000,-0.600000,0.600000,-0.600000,-0.600000,-0.600000,-0.600000,0.600000,0.600000,-0.600000,1.000000,-0.600000,0.600000,-0.600000,-0.600000,-0.635443,-0.600000,-0.600000,0.600000
795,0.600000,-0.600000,-0.600000,1.000000,-0.600000,-1.000000,-0.600000,0.600000,0.600000,0.600000,0.600000,-0.600000,-0.600000,-0.600000,-0.600000,-0.600000,0.600000,-0.600000,-0.600000,-0.600000,0.557380,0.600000,-0.600000,-0.621416,-0.600000,-0.600000,-0.630792,0.600000,-0.600000,0.600000,0.600000,-0.600000,0.600000,-0.600000,-0.600000,-0.600000,0.600000,-0.600000,-0.600000,0.716323,-0.600000,-0.600000,0.559845,-0.600000,-0.600000,-0.600000,-0.600000,0.589158,-0.600000,-0.621416,-0.600000,-0.600000,0.600000,-0.600000,-0.600000,0.600000,-0.600000,-0.600000,-0.600000,-0.600000,0.600000,0.600000,-0.600000,1.000000,-0.600000,0.600000,-0.600000,-0.600000,-0.635443,-0.600000,-0.600000,0.600000
796,0.600000,-0.600000,-0.600000,1.000000,-0.600000,-1.000000,-0.600000,0.600000,0.600000,0.600000,0.600000,-0.600000,-0.600000,-0.600000,-0.600000,-0.600000,0.600000,-0.600000,-0.600000,-0.600000,0.557380,0.600000,-0.600000,-0.621416,-0.600000,-0.600000,-0.630792,0.600000,-0.600000,0.600000,0.600000,-0.600000,0.600000,-0.600000,-0.600000,-0.600000,0.600000,-0.600000,-0.600000,0.716323,-0.600000,-0.600000,0.559845,-0.600000,-0.600000,-0.600000,-0.600000,0.589158,-0.600000,-0.621416,-0.600000,-0.600000,0.600000,-0.600000,-0.600000,0.600000,-0.600000,-0.600000,-0.600000,-0.600000,0.600000,0.600000,-0.600000,1.000000,-0.600000,0.600000,-0.600000,-0.600000,-0.635443,-0.600000,-0.600000,0.600000
797,0.600000,-0.600000,-0.600000,1.000000,-0.600000,-1.000000,-0.600000,0.600000,0.600000,0.600000,0.600000,-0.600000,-0.600000,-0.600000,-0.600000,-0.600000,0.600000,-0.600000,-0.600000,-0.600000,0.557380,0.600000,-0.600000,-0.621416,-0.600000,-0.600000,-0.630792,0.600000,-0.600000,0.600000,0.600000,-0.600000,0.600000,-0.600000,-0.600000,-0.600000,0.600000,-0.600000,-0.600000,0.716323,-0.600000,-0.600000,0.559845,-0.600000,-0.600000,-0.600000,-0.600000,0.589158,-0.600000,-0.621416,-0.600000,-0.600000,0.600000,-0.600000,-0.600000,0.600000,-0.600000,-0.600000,-0.600000,-0.600000,0.600000,0.600000,-0.600000,1.000000,-0.600000,0.600000,-0.600000,-0.600000,-0.635443,-0.600000,-0.600000,0.600000
798,0.600000,-0.600000,-0.600000,1.000000,-0.600000,-1.000000,-0.600000,0.600000,0.600000,0.600000,0.600000,-0.600000,-0.600000,-0.600000,-0.600000,-0.600000,0.600000,-0.600000,-0.600000,-0.600000,0.557380,0.600000,-0.600000,-0.621416,-0.600000,-0.600000,-0.630792,0.600000,-0.600000,0.600000,0.600000,-0.600000,0.600000,-0.600000,-0.600000,-0.600000,0.600000,-0.600000,-0.600000,0.716323,-0.600000,-0.600000,0.559845,-0.600000,-0.600000,-0.600000,-0.600000,0.589158,-0.600000,-0.621416,-0.600000,-0.600000,0.600000,-0.600000,-0.600000,0.600000,-0.600000,-0.600000,-0.600000,-0.600000,0.600000,0.600000,-0.600000,1.000000,-0.600000,0.600000,-0.600000,-0.600000,-0.635443,-0.600000,-0.600000,0.600000
799,0.600000,-0.600000,-0.600000,1.000000,-0.600000,-1.000000,-0.600000,0.600000,0.600000,0.600000,0.600000,-0.600000,-0.600000,-0.600000,-0.600000,-0.600000,0.600000,-0.600000,-0.600000,-0.600000,0.557380,0.600000,-0.600000,-0.621416,-0.600000,-0.600000,-0.630792,0.600000,-0.600000,0.600000,0.600000,-0.600000,0.600000,-0.600000,-0.600000,-0.600000,0.600000,-0.600000,-0.600000,0.716323,-0.600000,-0.600000,0.559845,-0.600000,-0.600000,-0.600000,-0.600000,0.589158,-0.600000,-0.621416,-0.600000,-0.600000,0.600000,-0.600000,-0.600000,0.600000,-0.600000,-0.600000,-0.600000,-0.600000,0.600000,0.600000,-0.600000,1.000000,-0.600000,0.600000,-0.600000,-0.600000,-0.635443,-0.600000,-0.600000,0.600000
800,0.600000,-0.600000,-0.600000,1.000000,-0.600000,-1.000000,-0.600000,0.600000,0.600000,0.600000,0.600000,-0.600000,-0.600000,-0.600000,-0.600000,-0.600000,0.600000,-0.600000,-0.600000,-0.600000,0.557380,0.600000,-0.600000,-0.621416,-0.600000,-0.600000,-0.630792,0.600000,-0.600000,0.600000,0.600000,-0.600000,0.600000,-0.600000,-0.600000,-0.600000,0.600000,-0.600000,-0.600000,0.716323,-0.600000,-0.600000,0.559845,-0.600000,-0.600000,-0.600000,-0.600000,0.589158,-0.600000,-0.621416,-0.600000,-0.600000,0.600000,-0.600000,-0.600000,0.600000,-0.600000,-0.600000,-0.600000,-0.600000,0.600000,0.600000,-0.600000,1.000000,-0.600000,0.600000,-0.600000,-0.600000,-0.635443,-0.600000,-0.600000,0.600000
801,0.600000,-0.600000,-0.600000,1.000000,-0.600000,-1.000000,-0.600000,0.600000,0.600000,0.600000,0.600000,-0.600000,-0.600000,-0.600000,-0.600000,-0.600000,0.600000,-0.600000,-0.600000,-0.600000,0.557380,0.600000,-0.600000,-0.621416,-0.600000,-0.600000,-0.630792,0.600000,-0.600000,0.600000,0.600000,-0.600000,0.600000,-0.600000,-0.600000,-0.600000,0.600000,-0.600000,-0.600000,0.716323,-0.600000,-0.600000,0.559845,-0.600000,-0.600000,-0.600000,-0.600000,0.589158,-0.600000,-0.621416,-0.600000,-0.600000,0.600000,-0.600000,-0.600000,0.600000,-0.600000,-0.600000,-0.600000,-0.600000,0.600000,0.600000,-0.600000,1.000000,-0.600000,0.600000,-0.600000,-0.600000,-0.635443,-0.600000,-0.600000,0.600000
802,0.600000,-0.600000,-0.600000,1.000000,-0.600000,-1.000000,-0.600000,0.600000,0.600000,0.600000,0.600000,-0.600000,-0.600000,-0.600000,-0.600000,-0.600000,0.600000,-0.600000,-0.600000,-0.600000,0.557380,0.600000,-0.600000,-0.621416,-0.600000,-0.600000,-0.630792,0.600000,-0.600000,0.600000,0.600000,-0.600000,0.600000,-0.600000,-0.600000,-0.600000,0.600000,-0.600000,-0.600000,0.716323,-0.600000,-0.600000,0.559845,-0.600000,-0.600000,-0.600000,-0.600000,0.589158,-0.600000,-0.621416,-0.600000,-0.600000,0.600000,-0.600000,-0.600000,0.600000,-0.600000,-0.600000,-0.600000,-0.600000,0.600000,0.600000,-0.600000,1.000000,-0.600000,0.600000,-0.600000,-0.600000,-0.635443,-0.600000,-0.600000,0.600000
803,0.600000,-0.600000,-0.600000,1.000000,-0.600000,-1.000000,-0.600000,0.600000,0.600000,0.600000,0.600000,-0.600000,-0.600000,-0.600000,-0.600000,-0.600000,0.600000,-0.600000,-0.600000,-0.600000,0.557380,0.600000,-0.600000,-0.621416,-0.600000,-0.600000,-0.630792,0.600000,-0.600000,0.600000,0.600000,-0.600000,0.600000,-0.600000,-0.600000,-0.600000,0.600000,-0.600000,-0.600000,0.716323,-0.600000,-0.600000,0.559845,-0.600000,-0.600000,-0.600000,-0.600000,0.589158,-0.600000,-0.621416,-0.600000,-0.600000,0.600000,-0.600000,-0.600000,0.600000,-0.600000,-0.600000,-0.600000,-0.600000,0.600000,0.600000,-0.600000,1.000000,-0.600000,0.600000,-0.600000,-0.600000,-0.635443,-0.600000,-0.600000,0.600000
804,0.600000,-0.600000,-0.600000,1.000000,-0.600000,-1.000000,-0.600000,0.600000,0.600000,0.600000,0.600000,-0.600000,-0.600000,-0.600000,-0.600000,-0.600000,0.600000,-0.600000,-0.600000,-0.600000,0.557380,0.600000,-0.600000,-0.621416,-0.600000,-0.600000,-0.630792,0.600000,-0.600000,0.600000,0.600000,-0.600000,0.600000,-0.600000,-0.600000,-0.600000,0.600000,-0.600000,-0.600000,0.716323,-0.600000,-0.600000,0.559845,-0.600000,-0.600000,-0.600000,-0.600000,0.589158,-0.600000,-0.621416,-0.600000,-0.600000,0.600000,-0.600000,-0.600000,0.600000,-0.600000,-0.600000,-0.600000,-0.600000,0.600000,0.600000,-0.600000,1.000000,-0.600000,0.600000,-0.600000,-0.600000,-0.635443,-0.600000,-0.600000,0.600000
805,0.600000,-0.600000,-0.600000,1.000000,-0.600000,-1.000000,-0.600000,0.600000,0.600000,0.600000,0.600000,-0.600000,-0.600000,-0.600000,-0.600000,-0.600000,0.600000,-0.600000,-0.600000,-0.600000,0.557380,0.600000,-0.600000,-0.621416,-0.600000,-0.600000,-0.630792,0.600000,-0.600000,0.600000,0.600000,-0.600000,0.600000,-0.600000,-0.600000,-0.600000,0.600000,-0.600000,-0.600000,0.716323,-0.600000,-0.600000,0.559845,-0.600000,-0.600000,-0.600000,-0.600000,0.589158,-0.600000,-0.621416,-0.600000,-0.600000,0.600000,-0.600000,-0.600000,0.600000,-0.600000,-0.600000,-0.600000,-0.600000,0.600000,0.600000,-0.600000,1.000000,-0.600000,0.600000,-0.600000,-0.600000,-0.635443,-0.600000,-0.600000,0.600000
806,0.600000,-0.600000,-0.600000,1.000000,-0.600000,-1.000000,-0.600000,0.600000,0.600000,0.600000,0.600000,-0.600000,-0.600000,-0.600000,-0.600000,-0.600000,0.600000,-0.600000,-0.600000,-0.600000,0.557380,0.600000,-0.600000,-0.621416,-0.600000,-0.600000,-0.630792,0.600000,-0.600000,0.600000,0.600000,-0.600000,0.600000,-0.600000,-0.600000,-0.600000,0.600000,-0.600000,-0.600000,0.716323,-0.600000,-0.600000,0.559845,-0.600000,-0.600000,-0.600000,-0.600000,0.589158,-0.600000,-0.621416,-0.600000,-0.600000,0.600000,-0.600000,-0.600000,0.600000,-0.600000,-0.600000,-0.600000,-0.600000,0.600000,0.600000,-0.600000,1.000000,-0.600000,0.600000,-0.600000,-0.600000,-0.635443,-0.600000,-0.600000,0.600000
807,0.600000,-0.600000,-0.600000,1.000000,-0.600000,-1.000000,-0.600000,0.600000,0.600000,0.600000,0.600000,-0.600000,-0.600000,-0.600000,-0.600000,-0.600000,0.600000,-0.600000,-0.600000,-0.600000,0.557380,0.600000,-0.600000,-0.621416,-0.600000,-0.600000,-0.630792,0.600000,-0.600000,0.600000,0.600000,-0.600000,0.600000,-0.600000,-0.600000,-0.600000,0.600000,-0.600000,-0.600000,0.716323,-0.600000,-0.600000,0.559845,-0.600000,-0.600000,-0.600000,-0.600000,0.589158,-0.600000,-0.621416,-0.600000,-0.600000,0.600000,-0.600000,-0.600000,0.600000,-0.600000,-0.600000,-0.600000,-0.600000,0.600000,0.600000,-0.600000,1.000000,-0.600000,0.600000,-0.600000,-0.600000,-0.635443,-0.600000,-0.600000,0.600000
808,0.600000,-0.600000,-0.600000,1.000000,-0.600000,-1.000000,-0.600000,0.600000,0.600000,0.600000,0.600000,-0.600000,-0.600000,-0.600000,-0.600000,-0.600000,0.600000,-0.600000,-0.600000,-0.600000,0.557380,0.600000,-0.600000,-0.621416,-0.600000,-0.600000,-0.630792,0.600000,-0.600000,0.600000,0.600000,-0.600000,0.600000,-0.600000,-0.600000,-0.600000,0.600000,-0.600000,-0.600000,0.716323,-0.600000,-0.600000,0.559845,-0.600000,-0.600000,-0.600000,-0.600000,0.589158,-0.600000,-0.621416,-0.600000,-0.600000,0.600000,-0.600000,-0.600000,0.600000,-0.600000,-0.600000,-0.600000,-0.600000,0.600000,0.600000,-0.600000,1.000000,-0.600000,0.600000,-0.600000,-0.600000,-0.635443,-0.600000,-0.600000,0.600000
809,0.600000,-0.600000,-0.600000,1.000000,-0.600000,-1.000000,-0.600000,0.600000,0.600000,0.600000,0.600000,-0.600000,-0.600000,-0.600000,-0.600000,-0.600000,0.600000,-0.600000,-0.600000,-0.600000,0.557380,0.600000,-0.600000,-0.621416,-0.600000,-0.600000,-0.630792,0.600000,-0.600000,0.600000,0.600000,-0.600000,0.600000,-0.600000,-0.600000,-0.600000,0.600000,-0.600000,-0.600000,0.716323,-0.600000,-0.600000,0.559845,-0.600000,-0.600000,-0.600000,-0.600000,0.589158,-0.600000,-0.621416,-0.600000,-0.600000,0.600000,-0.600000,-0.600000,0.600000,-0.600000,-0.600000,-0.600000,-0.600000,0.600000,0.600000,-0.600000,1.000000,-0.600000,0.600000,-0.600000,-0.600000,-0.635443,-0.600000,-0.600000,0.600000
810,0.600000,-0.600000,-0.600000,1.000000,-0.600000,-1.000000,-0.600000,0.600000,0.600000,0.600000,0.600000,-0.600000,-0.600000,-0.600000,-0.600000,-0.600000,0.600000,-0.600000,-0.600000,-0.600000,0.557380,0.600000,-0.600000,-0.621416,-0.600000,-0.600000,-0.630792,0.600000,-0.600000,0.600000,0.600000,-0.600000,0.600000,-0.600000,-0.600000,-0.600000,0.600000,-0.600000,-0.600000,0.716323,-0.600000,-0.600000,0.559845,-0.600000,-0.600000,-0.600000,-0.600000,0.589158,-0.600000,-0.621416,-0.600000,-0.600000,0.600000,-0.600000,-0.600000,0.600000,-0.600000,-0.600000,-0.600000,-0.600000,0.600000,0.600000,-0.600000,1.000000,-0.600000,0.600000,-0.600000,-0.600000,-0.635443,-0.600000,-0.600000,0.600000
811,0.600000,-0.600000,-0.600000,1.000000,-0.600000,-1.000000,-0.600000,0.600000,0.600000,0.600000,0.600000,-0.600000,-0.600000,-0.600000,-0.600000,-0.600000,0.600000,-0.600000,-0.600000,-0.600000,0.557380,0.600000,-0.600000,-0.621416,-0.600000,-0.600000,-0.630792,0.600000,-0.600000,0.600000,0.600000,-0.600000,0.600000,-0.600000,-0.600000,-0.600000,0.600000,-0.600000,-0.600000,0.716323,-0.600000,-0.600000,0.559845,-0.600000,-0.600000,-0.600000,-0.600000,0.589158,-0.600000,-0.621416,-0.600000,-0.600000,0.600000,-0.600000,-0.600000,0.600000,-0.600000,-0.600000,-0.600000,-0.600000,0.600000,0.600000,-0.600000,1.000000,-0.600000,0.600000,-0.600000,-0.600000,-0.635443,-0.600000,-0.600000,0.600000
812,0.600000,-0.600000,-0.600000,1.000000,-0.600000,-1.000000,-0.600000,0.600000,0.600000,0.600000,0.600000,-0.600000,-0.600000,-0.600000,-0.600000,-0.600000,0.600000,-0.600000,-0.600000,-0.600000,0.557380,0.600000,-0.600000,-0.621416,-0.600000,-0.600000,-0.630792,0.600000,-0.600000,0.600000,0.600000,-0.600000,0.600000,-0.600000,-0.600000,-0.600000,0.600000,-0.600000,-0.600000,0.716323,-0.600000,-0.600000,0.559845,-0.600000,-0.600000,-0.600000,-0.600000,0.589158,-0.600000,-0.621416,-0.600000,-0.600000,0.600000,-0.600000,-0.600000,0.600000,-0.600000,-0.600000,-0.600000,-0.600000,0.600000,0.600000,-0.600000,1.000000,-0.600000,0.600000,-0.600000,-0.600000,-0.635443,-0.600000,-0.600000,0.600000
813,0.600000,-0.600000,-0.600000,1.000000,-0.600000,-1.000000,-0.600000,0.600000,0.600000,0.600000,0.600000,-0.600000,-0.600000,-0.600000,-0.600000,-0.600000,0.600000,-0.600000,-0.600000,-0.600000,0.557380,0.600000,-0.600000,-0.621416,-0.600000,-0.600000,-0.630792,0.600000,-0.600000,0.600000,0.600000,-0.600000,0.600000,-0.600000,-0.600000,-0.600000,0.600000,-0.600000,-0.600000,0.716323,-0.600000,-0.600000,0.559845,-0.600000,-0.600000,-0.600000,-0.600000,0.589158,-0.600000,-0.621416,-0.600000,-0.600000,0.600000,-0.600000,-0.600000,0.600000,-0.600000,-0.600000,-0.600000,-0.600000,0.600000,0.600000,-0.600000,1.000000,-0.600000,0.600000,-0.600000,-0.600000,-0.635443,-0.600000,-0.600000,0.600000
814,0.600000,-0.600000,-0.600000,1.000000,-0.600000,-1.000000,-0.600000,0.600000,0.600000,0.600000,0.600000,-0.600000,-0.600000,-0.600000,-0.600000,-0.600000,0.600000,-0.600000,-0.600000,-0.600000,0.557380,0.600000,-0.600000,-0.621416,-0.600000,-0.600000,-0.630792,0.600000,-0.600000,0.600000,0.600000,-0.600000,0.600000,-0.600000,-0.600000,-0.600000,0.600000,-0.600000,-0.600000,0.716323,-0.600000,-0.600000,0.559845,-0.600000,-0.600000,-0.600000,-0.600000,0.589158,-0.600000,-0.621416,-0.600000,-0.600000,0.600000,-0.600000,-0.600000,0.600000,-0.600000,-0.600000,-0.600000,-0.600000,0.600000,0.600000,-0.600000,1.000000,-0.600000,0.600000,-0.600000,-0.600000,-0.635443,-0.600000,-0.600000,0.600000
815,0.600000,-0.600000,-0.600000,1.000000,-0.600000,-1.000000,-0.600000,0.600000,0.600000,0.600000,0.600000,-0.600000,-0.600000,-0.600000,-0.600000,-0.600000,0.600000,-0.600000,-0.600000,-0.600000,0.557380,0.600000,-0.600000,-0.621416,-0.600000,-0.600000,-0.630792,0.600000,-0.600000,0.600000,0.600000,-0.600000,0.600000,-0.600000,-0.600000,-0.600000,0.600000,-0.600000,-0.600000,0.716323,-0.600000,-0.600000,0.559845,-0.600000,-0.600000,-0.600000,-0.600000,0.589158,-0.600000,-0.621416,-0.600000,-0.600000,0.600000,-0.600000,-0.600000,0.600000,-0.600000,-0.600000,-0.600000,-0.600000,0.600000,0.600000,-0.600000,1.000000,-0.600000,0.600000,-0.600000,-0.600000,-0.635443,-0.600000,-0.600000,0.600000
816,0.600000,-0.600000,-0.600000,1.000000,-0.600000,-1.000000,-0.600000,0.600000,0.600000,0.600000,0.600000,-0.600000,-0.600000,-0.600000,-0.600000,-0.600000,0.600000,-0.600000,-0.600000,-0.600000,0.557380,0.600000,-0.600000,-0.621416,-0.600000,-0.600000,-0.630792,0.600000,-0.600000,0.600000,0.600000,-0.600000,0.600000,-0.600000,-0.600000,-0.600000,0.600000,-0.600000,-0.600000,0.716323,-0.600000,-0.600000,0.559845,-0.600000,-0.600000,-0.600000,-0.600000,0.589158,-0.600000,-0.621416,-0.600000,-0.600000,0.600000,-0.600000,-0.600000,0.600000,-0.600000,-0.600000,-0.600000,-0.600000,0.600000,0.600000,-0.600000,1.000000,-0.600000,0.600000,-0.600000,-0.600000,-0.635443,-0.600000,-0.600000,0.600000
817,0.600000,-0.600000,-0.600000,1.000000,-0.600000,-1.000000,-0.600000,0.600000,0.600000,0.600000,0.600000,-0.600000,-0.600000,-0.600000,-0.600000,-0.600000,0.600000,-0.600000,-0.600000,-0.600000,0.557380,0.600000,-0.600000,-0.621416,-0.600000,-0.600000,-0.630792,0.600000,-0.600000,0.600000,0.600000,-0.600000,0.600000,-0.600000,-0.600000,-0.600000,0.600000,-0.600000,-0.600000,0.716323,-0.600000,-0.600000,0.559845,-0.600000,-0.600000,-0.600000,-0.600000,0.589158,-0.600000,-0.621416,-0.600000,-0.600000,0.600000,-0.600000,-0.600000,0.600000,-0.600000,-0.600000,-0.600000,-0.600000,0.600000,0.600000,-0.600000,1.000000,-0.600000,0.600000,-0.600000,-0.600000,-0.635443,-0.600000,-0.600000,0.600000
818,0.600000,-0.600000,-0.600000,1.000000,-0.600000,-1.000000,-0.600000,0.600000,0.600000,0.600000,0.600000,-0.600000,-0.600000,-0.600000,-0.600000,-0.600000,0.600000,-0.600000,-0.600000,-0.600000,0.557380,0.600000,-0.600000,-0.621416,-0.600000,-0.600000,-0.630792,0.600000,-0.600000,0.600000,0.600000,-0.600000,0.600000,-0.600000,-0.600000,-0.600000,0.600000,-0.600000,-0.600000,0.716323,-0.600000,-0.600000,0.559845,-0.600000,-0.600000,-0.600000,-0.600000,0.589158,-0.600000,-0.621416,-0.600000,-0.600000,0.600000,-0.600000,-0.600000,0.600000,-0.600000,-0.600000,-0.600000,-0.600000,0.600000,0.600000,-0.600000,1.000000,-0.600000,0.600000,-0.600000,-0.600000,-0.635443,-0.600000,-0.600000,0.600000
819,0.600000,-0.600000,-0.600000,1.000000,-0.600000,-1.000000,-0.600000,0.600000,0.600000,0.600000,0.600000,-0.600000,-0.600000,-0.600000,-0.600000,-0.600000,0.600000,-0.600000,-0.600000,-0.600000,0.557380,0.600000,-0.600000,-0.621416,-0.600000,-0.600000,-0.630792,0.600000,-0.600000,0.600000,0.600000,-0.600000,0.600000,-0.600000,-0.600000,-0.600000,0.600000,-0.600000,-0.600000,0.716323,-0.600000,-0.600000,0.559845,-0.600000,-0.600000,-0.600000,-0.600000,0.589158,-0.600000,-0.621416,-0.600000,-0.600000,0.600000,-0.600000,-0.600000,0.600000,-0.600000,-0.600000,-0.600000,-0.600000,0.600000,0.600000,-0.600000,1.000000,-0.600000,0.600000,-0.600000,-0.600000,-0.635443,-0.600000,-0.600000,0.600000
820,0.600000,-0.600000,-0.600000,1.000000,-0.600000,-1.000000,-0.600000,0.600000,0.600000,0.600000,0.600000,-0.600000,-0.600000,-0.600000,-0.600000,-0.600000,0.600000,-0.600000,-0.600000,-0.600000,0.557380,0.600000,-0.600000,-0.621416,-0.600000,-0.600000,-0.630792,0.600000,-0.600000,0.600000,0.600000,-0.600000,0.600000,-0.600000,-0.600000,-0.600000,0.600000,-0.600000,-0.600000,0.716323,-0.600000,-0.600000,0.559845,-0.600000,-0.600000,-0.600000,-0.600000,0.589158,-0.600000,-0.621416,-0.600000,-0.600000,0.600000,-0.600000,-0.600000,0.600000,-0.600000,-0.600000,-0.600000,-0.600000,0.600000,0.600000,-0.600000,1.000000,-0.600000,0.600000,-0.600000,-0.600000,-0.635443,-0.600000,-0.600000,0.600000
821,0.600000,-0.600000,-0.600000,1.000000,-0.600000,-1.000000,-0.600000,0.600000,0.600000,0.600000,0.600000,-0.600000,-0.600000,-0.600000,-0.600000,-0.600000,0.600000,-0.600000,-0.600000,-0.600000,0.557380,0.600000,-0.600000,-0.621416,-0.600000,-0.600000,-0.630792,0.600000,-0.600000,0.600000,0.600000,-0.600000,0.600000,-0.600000,-0.600000,-0.600000,0.600000,-0.600000,-0.600000,0.716323,-0.600000,-0.600000,0.559845,-0.600000,-0.600000,-0.600000,-0.600000,0.589158,-0.600000,-0.621416,-0.600000,-0.600000,0.600000,-0.600000,-0.600000,0.600000,-0.600000,-0.600000,-0.600000,-0.600000,0.600000,0.600000,-0.600000,1.000000,-0.600000,0.600000,-0.600000,-0.600000,-0.635443,-0.600000,-0.600000,0.600000
822,0.600000,-0.600000,-0.600000,1.000000,-0.600000,-1.000000,-0.600000,0.600000,0.600000,0.600000,0.600000,-0.600000,-0.600000,-0.600000,-0.600000,-0.600000,0.600000,-0.600000,-0.600000,-0.600000,0.557380,0.600000,-0.600000,-0.621416,-0.600000,-0.600000,-0.630792,0.600000,-0.600000,0.600000,0.600000,-0.600000,0.600000,-0.600000,-0.600000,-0.600000,0.600000,-0.600000,-0.600000,0.716323,-0.600000,-0.600000,0.559845,-0.600000,-0.600000,-0.600000,-0.600000,0.589158,-0.600000,-0.621416,-0.600000,-0.600000,0.600000,-0.600000,-0.600000,0.600000,-0.600000,-0.600000,-0.600000,-0.600000,0.600000,0.600000,-0.600000,1.000000,-0.600000,0.600000,-0.600000,-0.600000,-0.635443,-0.600000,-0.600000,0.600000
823,0.600000,-0.600000,-0.600000,1.000000,-0.600000,-1.000000,-0.600000,0.600000,0.600000,0.600000,0.600000,-0.600000,-0.600000,-0.600000,-0.600000,-0.600000,0.600000,-0.600000,-0.600000,-0.600000,0.557380,0.600000,-0.600000,-0.621416,-0.600000,-0.600000,-0.630792,0.600000,-0.600000,0.600000,0.600000,-0.600000,0.600000,-0.600000,-0.600000,-0.600000,0.600000,-0.600000,-0.600000,0.716323,-0.600000,-0.600000,0.559845,-0.600000,-0.600000,-0.600000,-0.600000,0.589158,-0.600000,-0.621416,-0.600000,-0.600000,0.600000,-0.600000,-0.600000,0.600000,-0.600000,-0.600000,-0.600000,-0.600000,0.600000,0.600000,-0.600000,1.000000,-0.600000,0.600000,-0.600000,-0.600000,-0.635443,-0.600000,-0.600000,0.600000
824,0.600000,-0.600000,-0.600000,1.000000,-0.600000,-1.000000,-0.600000,0.600000,0.600000,0.600000,0.600000,-0.600000,-0.600000,-0.600000,-0.600000,-0.600000,0.600000,-0.600000,-0.600000,-0.600000,0.557380,0.600000,-0.600000,-0.621416,-0.600000,-0.600000,-0.630792,0.600000,-0.600000,0.600000,0.600000,-0.600000,0.600000,-0.600000,-0.600000,-0.600000,0.600000,-0.600000,-0.600000,0.716323,-0.600000,-0.600000,0.559845,-0.600000,-0.600000,-0.600000,-0.600000,0.589158,-0.600000,-0.621416,-0.600000,-0.600000,0.600000,-0.600000,-0.600000,0.600000,-0.600000,-0.600000,-0.600000,-0.600000,0.600000,0.600000,-0.600000,1.000000,-0.600000,0.600000,-0.600000,-0.600000,-0.635443,-0.600000,-0.600000,0.600000
825,0.600000,-0.600000,-0.600000,1.000000,-0.600000,-1.000000,-0.600000,0.600000,0.600000,0.600000,0.600000,-0.600000,-0.600000,-0.600000,-0.600000,-0.600000,0.600000,-0.600000,-0.600000,-0.600000,0.557380,0.600000,-0.600000,-0.621416,-0.600000,-0.600000,-0.630792,0.600000,-0.600000,0.600000,0.600000,-0.600000,0.600000,-0.600000,-0.600000,-0.600000,0.600000,-0.600000,-0.600000,0.716323,-0.600000,-0.600000,0.559845,-0.600000,-0.600000,-0.600000,-0.600000,0.589158,-0.600000,-0.621416,-0.600000,-0.600000,0.600000,-0.600000,-0.600000,0.600000,-0.600000,-0.600000,-0.600000,-0.600000,0.600000,0.600000,-0.600000,1.000000,-0.600000,0.600000,-0.600000,-0.600000,-0.635443,-0.600000,-0.600000,0.600000
826,0.600000,-0.600000,-0.600000,1.000000,-0.600000,-1.000000,-0.600000,0.600000,0.600000,0.600000,0.600000,-0.600000,-0.600000,-0.600000,-0.600000,-0.600000,0.600000,-0.600000,-0.600000,-0.600000,0.557380,0.600000,-0.600000,-0.621416,-0.600000,-0.600000,-0.630792,0.600000,-0.600000,0.600000,0.600000,-0.600000,0.600000,-0.600000,-0.600000,-0.600000,0.600000,-0.600000,-0.600000,0.716323,-0.600000,-0.600000,0.559845,-0.600000,-0.600000,-0.600000,-0.600000,0.589158,-0.600000,-0.621416,-0.600000,-0.600000,0.600000,-0.600000,-0.600000,0.600000,-0.600000,-0.600000,-0.600000,-0.600000,0.600000,0.600000,-0.600000,1.000000,-0.600000,0.600000,-0.600000,-0.600000,-0.635443,-0.600000,-0.600000,0.600000
827,0.600000,-0.600000,-0.600000,1.000000,-0.600000,-1.000000,-0.600000,0.600000,0.600000,0.600000,0.600000,-0.600000,-0.600000,-0.600000,-0.600000,-0.600000,0.600000,-0.600000,-0.600000,-0.600000,0.557380,0.600000,-0.600000,-0.621416,-0.600000,-0.600000,-0.630792,0.600000,-0.600000,0.600000,0.600000,-0.600000,0.600000,-0.600000,-0.600000,-0.600000,0.600000,-0.600000,-0.600000,0.716323,-0.600000,-0.600000,0.559845,-0.600000,-0.600000,-0.600000,-0.600000,0.589158,-0.600000,-0.621416,-0.600000,-0.600000,0.600000,-0.600000,-0.600000,0.600000,-0.600000,-0.600000,-0.600000,-0.600000,0.600000,0.600000,-0.600000,1.000000,-0.600000,0.600000,-0.600000,-0.600000,-0.635443,-0.600000,-0.600000,0.600000
828,0.600000,-0.600000,-0.600000,1.000000,-0.600000,-1.000000,-0.600000,0.600000,0.600000,0.600000,0.600000,-0.600000,-0.600000,-0.600000,-0.600000,-0.600000,0.600000,-0.600000,-0.600000,-0.600000,0.557380,0.600000,-0.600000,-0.621416,-0.600000,-0.600000,-0.630792,0.600000,-0.600000,0.600000,0.600000,-0.600000,0.600000,-0.600000,-0.600000,-0.600000,0.600000,-0.600000,-0.600000,0.716323,-0.600000,-0.600000,0.559845,-0.600000,-0.600000,-0.600000,-0.600000,0.589158,-0.600000,-0.621416,-0.600000,-0.600000,0.600000,-0.600000,-0.600000,0.600000,-0.600000,-0.600000,-0.600000,-0.600000,0.600000,0.600000,-0.600000,1.000000,-0.600000,0.600000,-0.600000,-0.600000,-0.635443,-0.600000,-0.600000,0.600000
829,0.600000,-0.600000,-0.600000,1.000000,-0.600000,-1.000000,-0.600000,0.600000,0.600000,0.600000,0.600000,-0.600000,-0.600000,-0.600000,-0.600000,-0.600000,0.600000,-0.600000,-0.600000,-0.600000,0.557380,0.600000,-0.600000,-0.621416,-0.600000,-0.600000,-0.630792,0.600000,-0.600000,0.600000,0.600000,-0.600000,0.600000,-0.600000,-0.600000,-0.600000,0.600000,-0.600000,-0.600000,0.716323,-0.600000,-0.600000,0.559845,-0.600000,-0.600000,-0.600000,-0.600000,0.589158,-0.600000,-0.621416,-0.600000,-0.600000,0.600000,-0.600000,-0.600000,0.600000,-0.600000,-0.600000,-0.600000,-0.600000,0.600000,0.600000,-0.600000,1.000000,-0.600000,0.600000,-0.600000,-0.600000,-0.635443,-0.600000,-0.600000,0.600000
830,0.600000,-0.600000,-0.600000,1.000000,-0.600000,-1.000000,-0.600000,0.600000,0.600000,0.600000,0.600000,-0.600000,-0.600000,-0.600000,-0.600000,-0.600000,0.600000,-0.600000,-0.600000,-0.600000,0.557380,0.600000,-0.600000,-0.621416,-0.600000,-0.600000,-0.630792,0.600000,-0.600000,0.600000,0.600000,-0.600000,0.600000,-0.600000,-0.600000,-0.600000,0.600000,-0.600000,-0.600000,0.716323,-0.600000,-0.600000,0.559845,-0.600000,-0.600000,-0.600000,-0.600000,0.589158,-0.600000,-0.621416,-0.600000,-0.600000,0.600000,-0.600000,-0.600000,0.600000,-0.600000,-0.600000,-0.600000,-0.600000,0.600000,0.600000,-0.600000,1.000000,-0.600000,0.600000,-0.600000,-0.600000,-0.635443,-0.600000,-0.600000,0.600000
831,0.600000,-0.600000,-0.600000,1.000000,-0.600000,-1.000000,-0.600000,0.600000,0.600000,0.600000,0.600000,-0.600000,-0.600000,-0.600000,-0.600000,-0.600000,0.600000,-0.600000,-0.600000,-0.600000,0.557380,0.600000,-0.600000,-0.621416,-0.600000,-0.600000,-0.630792,0.600000,-0.600000,0.600000,0.600000,-0.600000,0.600000,-0.600000,-0.600000,-0.600000,0.600000,-0.600000,-0.600000,0.716323,-0.600000,-0.600000,0.559845,-0.600000,-0.600000,-0.600000,-0.600000,0.589158,-0.600000,-0.621416,-0.600000,-0.600000,0.600000,-0.600000,-0.600000,0.600000,-0.600000,-0.600000,-0.600000,-0.600000,0.600000,0.600000,-0.600000,1.000000,-0.600000,0.600000,-0.600000,-0.600000,-0.635443,-0.600000,-0.600000,0.600000
832,0.600000,-0.600000,-0.600000,1.000000,-0.600000,-1.000000,-0.600000,0.600000,0.600000,0.600000,0.600000,-0.600000,-0.600000,-0.600000,-0.600000,-0.600000,0.600000,-0.600000,-0.600000,-0.600000,0.557380,0.600000,-0.600000,-0.621416,-0.600000,-0.600000,-0.630792,0.600000,-0.600000,0.600000,0.600000,-0.600000,0.600000,-0.600000,-0.600000,-0.600000,0.600000,-0.600000,-0.600000,0.716323,-0.600000,-0.600000,0.559845,-0.600000,-0.600000,-0.600000,-0.600000,0.589158,-0.600000,-0.621416,-0.600000,-0.600000,0.600000,-0.600000,-0.600000,0.600000,-0.600000,-0.600000,-0.600000,-0.600000,0.600000,0.600000,-0.600000,1.000000,-0.600000,0.600000,-0.600000,-0.600000,-0.635443,-0.600000,-0.600000,0.600000
833,0.600000,-0.600000,-0.600000,1.000000,-0.600000,-1.000000,-0.600000,0.600000,0.600000,0.600000,0.600000,-0.600000,-0.600000,-0.600000,-0.600000,-0.600000,0.600000,-0.600000,-0.600000,-0.600000,0.557380,0.600000,-0.600000,-0.621416,-0.600000,-0.600000,-0.630792,0.600000,-0.600000,0.600000,0.600000,-0.600000,0.600000,-0.600000,-0.600000,-0.600000,0.600000,-0.600000,-0.600000,0.716323,-0.600000,-0.600000,0.559845,-0.600000,-0.600000,-0.600000,-0.600000,0.589158,-0.600000,-0.621416,-0.600000,-0.600000,0.600000,-0.600000,-0.600000,0.600000,-0.600000,-0.600000,-0.600000,-0.600000,0.600000,0.600000,-0.600000,1.000000,-0.600000,0.600000,-0.600000,-0.600000,-0.635443,-0.600000,-0.600000,0.600000
834,0.600000,-0.600000,-0.600000,1.000000,-0.600000,-1.000000,-0.600000,0.600000,0.600000,0.600000,0.600000,-0.600000,-0.600000,-0.600000,-0.600000,-0.600000,0.600000,-0.600000,-0.600000,-0.600000,0.557380,0.600000,-0.600000,-0.621416,-0.600000,-0.600000,-0.630792,0.600000,-0.600000,0.600000,0.600000,-0.600000,0.600000,-0.600000,-0.600000,-0.600000,0.600000,-0.600000,-0.600000,0.716323,-0.600000,-0.600000,0.559845,-0.600000,-0.600000,-0.600000,-0.600000,0.589158,-0.600000,-0.621416,-0.600000,-0.600000,0.600000,-0.600000,-0.600000,0.600000,-0.600000,-0.600000,-0.600000,-0.600000,0.600000,0.600000,-0.600000,1.000000,-0.600000,0.600000,-0.600000,-0.600000,-0.635443,-0.600000,-0.600000,0.600000
835,0.600000,-0.600000,-0.600000,1.000000,-0.600000,-1.000000,-0.600000,0.600000,0.600000,0.600000,0.600000,-0.600000,-0.600000,-0.600000,-0.600000,-0.600000,0.600000,-0.600000,-0.600000,-0.600000,0.557380,0.600000,-0.600000,-0.621416,-0.600000,-0.600000,-0.630792,0.600000,-0.600000,0.600000,0.600000,-0.600000,0.600000,-0.600000,-0.600000,-0.600000,0.600000,-0.600000,-0.600000,0.716323,-0.600000,-0.600000,0.559845,-0.600000,-0.600000,-0.600000,-0.600000,0.589158,-0.600000,-0.621416,-0.600000,-0.600000,0.600000,-0.600000,-0.600000,0.600000,-0.600000,-0.600000,-0.600000,-0.600000,0.600000,0.600000,-0.600000,1.000000,-0.600000,0.600000,-0.600000,-0.600000,-0.635443,-0.600000,-0.600000,0.600000
836,0.600000,-0.600000,-0.600000,1.000000,-0.600000,-1.000000,-0.600000,0.600000,0.600000,0.600000,0.600000,-0.600000,-0.600000,-0.600000,-0.600000,-0.600000,0.600000,-0.600000,-0.600000,-0.600000,0.557380,0.600000,-0.600000,-0.621416,-0.600000,-0.600000,-0.630792,0.600000,-0.600000,0.600000,0.600000,-0.600000,0.600000,-0.600000,-0.600000,-0.600000,0.600000,-0.600000,-0.600000,0.716323,-0.600000,-0.600000,0.559845,-0.600000,-0.600000,-0.600000,-0.600000,0.589158,-0.600000,-0.621416,-0.600000,-0.600000,0.600000,-0.600000,-0.600000,0.600000,-0.600000,-0.600000,-0.600000,-0.600000,0.600000,0.600000,-0.600000,1.000000,-0.600000,0.600000,-0.600000,-0.600000,-0.635443,-0.600000,-0.600000,0.600000
837,0.600000,-0.600000,-0.600000,1.000000,-0.600000,-1.000000,-0.600000,0.600000,0.600000,0.600000,0.600000,-0.600000,-0.600000,-0.600000,-0.600000,-0.600000,0.600000,-0.600000,-0.600000,-0.600000,0.557380,0.600000,-0.600000,-0.621416,-0.600000,-0.600000,-0.630792,0.600000,-0.600000,0.600000,0.600000,-0.600000,0.600000,-0.600000,-0.600000,-0.600000,0.600000,-0.600000,-0.600000,0.716323,-0.600000,-0.600000,0.559845,-0.600000,-0.600000,-0.600000,-0.600000,0.589158,-0.600000,-0.621416,-0.600000,-0.600000,0.600000,-0.600000,-0.600000,0.600000,-0.600000,-0.600000,-0.600000,-0.600000,0.600000,0.600000,-0.600000,1.000000,-0.600000,0.600000,-0.600000,-0.600000,-0.635443,-0.600000,-0.600000,0.600000
838,0.600000,-0.600000,-0.600000,1.000000,-0.600000,-1.000000,-0.600000,0.600000,0.600000,0.600000,0.600000,-0.600000,-0.600000,-0.600000,-0.600000,-0.600000,0.600000,-0.600000,-0.600000,-0.600000,0.557380,0.600000,-0.600000,-0.621416,-0.600000,-0.600000,-0.630792,0.600000,-0.600000,0.600000,0.600000,-0.600000,0.600000,-0.600000,-0.600000,-0.600000,0.600000,-0.600000,-0.600000,0.716323,-0.600000,-0.600000,0.559845,-0.600000,-0.600000,-0.600000,-0.600000,0.589158,-0.600000,-0.621416,-0.600000,-0.600000,0.600000,-0.600000,-0.600000,0.600000,-0.600000,-0.600000,-0.600000,-0.600000,0.600000,0.600000,-0.600000,1.000000,-0.600000,0.600000,-0.600000,-0.600000,-0.635443,-0.600000,-0.600000,0.600000
839,0.600000,-0.600000,-0.600000,1.000000,-0.600000,-1.000000,-0.600000,0.600000,0.600000,0.600000,0.600000,-0.600000,-0.600000,-0.600000,-0.600000,-0.600000,0.600000,-0.600000,-0.600000,-0.600000,0.557380,0.600000,-0.600000,-0.621416,-0.600000,-0.600000,-0.630792,0.600000,-0.600000,0.600000,0.600000,-0.600000,0.600000,-0.600000,-0.600000,-0.600000,0.600000,-0.600000,-0.600000,0.716323,-0.600000,-0.600000,0.559845,-0.600000,-0.600000,-0.600000,-0.600000,0.589158,-0.600000,-0.621416,-0.600000,-0.600000,0.600000,-0.600000,-0.600000,0.600000,-0.600000,-0.600000,-0.600000,-0.600000,0.600000,0.600000,-0.600000,1.000000,-0.600000,0.600000,-0.600000,-0.600000,-0.635443,-0.600000,-0.600000,0.600000
840,0.600000,-0.600000,-0.600000,1.000000,-0.600000,-1.000000,-0.600000,0.600000,0.600000,0.600000,0.600000,-0.600000,-0.600000,-0.600000,-0.600000,-0.600000,0.600000,-0.600000,-0.600000,-0.600000,0.557380,0.600000,-0.600000,-0.621416,-0.600000,-0.600000,-0.630792,0.600000,-0.600000,0.600000,0.600000,-0.600000,0.600000,-0.600000,-0.600000,-0.600000,0.600000,-0.600000,-0.600000,0.716323,-0.600000,-0.600000,0.559845,-0.600000,-0.600000,-0.600000,-0.600000,0.589158,-0.600000,-0.621416,-0.600000,-0.600000,0.600000,-0.600000,-0.600000,0.600000,-0.600000,-0.600000,-0.600000,-0.600000,0.600000,0.600000,-0.600000,1.000000,-0.600000,0.600000,-0.600000,-0.600000,-0.635443,-0.600000,-0.600000,0.600000
841,0.600000,-0.600000,-0.600000,1.000000,-0.600000,-1.000000,-0.600000,0.600000,0.600000,0.600000,0.600000,-0.600000,-0.600000,-0.600000,-0.600000,-0.600000,0.600000,-0.600000,-0.600000,-0.600000,0.557380,0.600000,-0.600000,-0.621416,-0.600000,-0.600000,-0.630792,0.600000,-0.600000,0.600000,0.600000,-0.600000,0.600000,-0.600000,-0.600000,-0.600000,0.600000,-0.600000,-0.600000,0.716323,-0.600000,-0.600000,0.559845,-0.600000,-0.600000,-0.600000,-0.600000,0.589158,-0.600000,-0.621416,-0.600000,-0.600000,0.600000,-0.600000,-0.600000,0.600000,-0.600000,-0.600000,-0.600000,-0.600000,0.600000,0.600000,-0.600000,1.000000,-0.600000,0.600000,-0.600000,-0.600000,-0.635443,-0.600000,-0.600000,0.600000
842,0.600000,-0.600000,-0.600000,1.000000,-0.600000,-1.000000,-0.600000,0.600000,0.600000,0.600000,0.600000,-0.600000,-0.600000,-0.600000,-0.600000,-0.600000,0.600000,-0.600000,-0.600000,-0.600000,0.557380,0.600000,-0.600000,-0.621416,-0.600000,-0.600000,-0.630792,0.600000,-0.600000,0.600000,0.600000,-0.600000,0.600000,-0.600000,-0.600000,-0.600000,0.600000,-0.600000,-0.600000,0.716323,-0.600000,-0.600000,0.559845,-0.600000,-0.600000,-0.600000,-0.600000,0.589158,-0.600000,-0.621416,-0.600000,-0.600000,0.600000,-0.600000,-0.600000,0.600000,-0.600000,-0.600000,-0.600000,-0.600000,0.600000,0.600000,-0.600000,1.000000,-0.600000,0.600000,-0.600000,-0.600000,-0.635443,-0.600000,-0.600000,0.600000
843,0.600000,-0.600000,-0.600000,1.000000,-0.600000,-1.000000,-0.600000,0.600000,0.600000,0.600000,0.600000,-0.600000,-0.600000,-0.600000,-0.600000,-0.600000,0.600000,-0.600000,-0.600000,-0.600000,0.557380,0.600000,-0.600000,-0.621416,-0.600000,-0.600000,-0.630792,0.600000,-0.600000,0.600000,0.600000,-0.600000,0.600000,-0.600000,-0.600000,-0.600000,0.600000,-0.600000,-0.600000,0.716323,-0.600000,-0.600000,0.559845,-0.600000,-0.600000,-0.600000,-0.600000,0.589158,-0.600000,-0.621416,-0.600000,-0.600000,0.600000,-0.600000,-0.600000,0.600000,-0.600000,-0.600000,-0.600000,-0.600000,0.600000,0.600000,-0.600000,1.000000,-0.600000,0.600000,-0.600000,-0.600000,-0.635443,-0.600000,-0.600000,0.600000
844,0.600000,-0.600000,-0.600000,1.000000,-0.600000,-1.000000,-0.600000,0.600000,0.600000,0.600000,0.600000,-0.600000,-0.600000,-0.600000,-0.600000,-0.600000,0.600000,-0.600000,-0.600000,-0.600000,0.557380,0.600000,-0.600000,-0.621416,-0.600000,-0.600000,-0.630792,0.600000,-0.600000,0.600000,0.600000,-0.600000,0.600000,-0.600000,-0.600000,-0.600000,0.600000,-0.600000,-0.600000,0.716323,-0.600000,-0.600000,0.559845,-0.600000,-0.600000,-0.600000,-0.600000,0.589158,-0.600000,-0.621416,-0.600000,-0.600000,0.600000,-0.600000,-0.600000,0.600000,-0.600000,-0.600000,-0.600000,-0.600000,0.600000,0.600000,-0.600000,1.000000,-0.600000,0.600000,-0.600000,-0.600000,-0.635443,-0.600000,-0.600000,0.600000
845,0.600000,-0.600000,-0.600000,1.000000,-0.600000,-1.000000,-0.600000,0.600000,0.600000,0.600000,0.600000,-0.600000,-0.600000,-0.600000,-0.600000,-0.600000,0.600000,-0.600000,-0.600000,-0.600000,0.557380,0.600000,-0.600000,-0.621416,-0.600000,-0.600000,-0.630792,0.600000,-0.600000,0.600000,0.600000,-0.600000,0.600000,-0.600000,-0.600000,-0.600000,0.600000,-0.600000,-0.600000,0.716323,-0.600000,-0.600000,0.559845,-0.600000,-0.600000,-0.600000,-0.600000,0.589158,-0.600000,-0.621416,-0.600000,-0.600000,0.600000,-0.600000,-0.600000,0.600000,-0.600000,-0.600000,-0.600000,-0.600000,0.600000,0.600000,-0.600000,1.000000,-0.600000,0.600000,-0.600000,-0.600000,-0.635443,-0.600000,-0.600000,0.600000
846,0.600000,-0.600000,-0.600000,1.000000,-0.600000,-1.000000,-0.600000,0.600000,0.600000,0.600000,0.600000,-0.600000,-0.600000,-0.600000,-0.600000,-0.600000,0.600000,-0.600000,-0.600000,-0.600000,0.557380,0.600000,-0.600000,-0.621416,-0.600000,-0.600000,-0.630792,0.600000,-0.600000,0.600000,0.600000,-0.600000,0.600000,-0.600000,-0.600000,-0.600000,0.600000,-0.600000,-0.600000,0.716323,-0.600000,-0.600000,0.559845,-0.600000,-0.600000,-0.600000,-0.600000,0.589158,-0.600000,-0.621416,-0.600000,-0.600000,0.600000,-0.600000,-0.600000,0.600000,-0.600000,-0.600000,-0.600000,-0.600000,0.600000,0.600000,-0.600000,1.000000,-0.600000,0.600000,-0.600000,-0.600000,-0.635443,-0.600000,-0.600000,0.600000
847,0.600000,-0.600000,-0.600000,1.000000,-0.600000,-1.000000,-0.600000,0.600000,0.600000,0.600000,0.600000,-0.600000,-0.600000,-0.600000,-0.600000,-0.600000,0.600000,-0.600000,-0.600000,-0.600000,0.557380,0.600000,-0.600000,-0.621416,-0.600000,-0.600000,-0.630792,0.600000,-0.600000,0.600000,0.600000,-0.600000,0.600000,-0.600000,-0.600000,-0.600000,0.600000,-0.600000,-0.600000,0.716323,-0.600000,-0.600000,0.559845,-0.600000,-0.600000,-0.600000,-0.600000,0.589158,-0.600000,-0.621416,-0.600000,-0.600000,0.600000,-0.600000,-0.600000,0.600000,-0.600000,-0.600000,-0.600000,-0.600000,0.600000,0.600000,-0.600000,1.000000,-0.600000,0.600000,-0.600000,-0.600000,-0.635443,-0.600000,-0.600000,0.600000
848,0.600000,-0.600000,-0.600000,1.000000,-0.600000,-1.000000,-0.600000,0.600000,0.600000,0.600000,0.600000,-0.600000,-0.600000,-0.600000,-0.600000,-0.600000,0.600000,-0.600000,-0.600000,-0.600000,0.557380,0.600000,-0.600000,-0.621416,-0.600000,-0.600000,-0.630792,0.600000,-0.600000,0.600000,0.600000,-0.600000,0.600000,-0.600000,-0.600000,-0.600000,0.600000,-0.600000,-0.600000,0.716323,-0.600000,-0.600000,0.559845,-0.600000,-0.600000,-0.600000,-0.600000,0.589158,-0.600000,-0.621416,-0.600000,-0.600000,0.600000,-0.600000,-0.600000,0.600000,-0.600000,-0.600000,-0.600000,-0.600000,0.600000,0.600000,-0.600000,1.000000,-0.600000,0.600000,-0.600000,-0.600000,-0.635443,-0.600000,-0.600000,0.600000
849,0.600000,-0.600000,-0.600000,1.000000,-0.600000,-1.000000,-0.600000,0.600000,0.600000,0.600000,0.600000,-0.600000,-0.600000,-0.600000,-0.600000,-0.600000,0.600000,-0.600000,-0.600000,-0.600000,0.557380,0.600000,-0.600000,-0.621416,-0.600000,-0.600000,-0.630792,0.600000,-0.600000,0.600000,0.600000,-0.600000,0.600000,-0.600000,-0.600000,-0.600000,0.600000,-0.600000,-0.600000,0.716323,-0.600000,-0.600000,0.559845,-0.600000,-0.600000,-0.600000,-0.600000,0.589158,-0.600000,-0.621416,-0.600000,-0.600000,0.600000,-0.600000,-0.600000,0.600000,-0.600000,-0.600000,-0.600000,-0.600000,0.600000,0.600000,-0.600000,1.000000,-0.600000,0.600000,-0.600000,-0.600000,-0.635443,-0.600000,-0.600000,0.600000
850,0.600000,-0.600000,-0.600000,1.000000,-0.600000,-1.000000,-0.600000,0.600000,0.600000,0.600000,0.600000,-0.600000,-0.600000,-0.600000,-0.600000,-0.600000,0.600000,-0.600000,-0.600000,-0.600000,0.557380,0.600000,-0.600000,-0.621416,-0.600000,-0.600000,-0.630792,0.600000,-0.600000,0.600000,0.600000,-0.600000,0.600000,-0.600000,-0.600000,-0.600000,0.600000,-0.600000,-0.600000,0.716323,-0.600000,-0.600000,0.559845,-0.600000,-0.600000,-0.600000,-0.600000,0.589158,-0.600000,-0.621416,-0.600000,-0.600000,0.600000,-0.600000,-0.600000,0.600000,-0.600000,-0.600000,-0.600000,-0.600000,0.600000,0.600000,-0.600000,1.000000,-0.600000,0.600000,-0.600000,-0.600000,-0.635443,-0.600000,-0.600000,0.600000
851,0.600000,-0.600000,-0.600000,1.000000,-0.600000,-1.000000,-0.600000,0.600000,0.600000,0.600000,0.600000,-0.600000,-0.600000,-0.600000,-0.600000,-0.600000,0.600000,-0.600000,-0.600000,-0.600000,0.557380,0.600000,-0.600000,-0.621416,-0.600000,-0.600000,-0.630792,0.600000,-0.600000,0.600000,0.600000,-0.600000,0.600000,-0.600000,-0.600000,-0.600000,0.600000,-0.600000,-0.600000,0.716323,-0.600000,-0.600000,0.559845,-0.600000,-0.600000,-0.600000,-0.600000,0.589158,-0.600000,-0.621416,-0.600000,-0.600000,0.600000,-0.600000,-0.600000,0.600000,-0.600000,-0.600000,-0.600000,-0.600000,0.600000,0.600000,-0.600000,1.000000,-0.600000,0.600000,-0.600000,-0.600000,-0.635443,-0.600000,-0.600000,0.600000
852,0.600000,-0.600000,-0.600000,1.000000,-0.600000,-1.000000,-0.600000,0.600000,0.600000,0.600000,0.600000,-0.600000,-0.600000,-0.600000,-0.600000,-0.600000,0.600000,-0.600000,-0.600000,-0.600000,0.557380,0.600000,-0.600000,-0.621416,-0.600000,-0.600000,-0.630792,0.600000,-0.600000,0.600000,0.600000,-0.600000,0.600000,-0.600000,-0.600000,-0.600000,0.600000,-0.600000,-0.600000,0.716323,-0.600000,-0.600000,0.559845,-0.600000,-0.600000,-0.600000,-0.600000,0.589158,-0.600000,-0.621416,-0.600000,-0.600000,0.600000,-0.600000,-0.600000,0.600000,-0.600000,-0.600000,-0.600000,-0.600000,0.600000,0.600000,-0.600000,1.000000,-0.600000,0.600000,-0.600000,-0.600000,-0.635443,-0.600000,-0.600000,0.600000
853,0.600000,-0.600000,-0.600000,1.000000,-0.600000,-1.000000,-0.600000,0.600000,0.600000,0.600000,0.600000,-0.600000,-0.600000,-0.600000,-0.600000,-0.600000,0.600000,-0.600000,-0.600000,-0.600000,0.557380,0.600000,-0.600000,-0.621416,-0.600000,-0.600000,-0.630792,0.600000,-0.600000,0.600000,0.600000,-0.600000,0.600000,-0.600000,-0.600000,-0.600000,0.600000,-0.600000,-0.600000,0.716323,-0.600000,-0.600000,0.559845,-0.600000,-0.600000,-0.600000,-0.600000,0.589158,-0.600000,-0.621416,-0.600000,-0.600000,0.600000,-0.600000,-0.600000,0.600000,-0.600000,-0.600000,-0.600000,-0.600000,0.600000,0.600000,-0.600000,1.000000,-0.600000,0.600000,-0.600000,-0.600000,-0.635443,-0.600000,-0.600000,0.600000
854,0.600000,-0.600000,-0.600000,1.000000,-0.600000,-1.000000,-0.600000,0.600000,0.600000,0.600000,0.600000,-0.600000,-0.600000,-0.600000,-0.600000,-0.600000,0.600000,-0.600000,-0.600000,-0.600000,0.557380,0.600000,-0.600000,-0.621416,-0.600000,-0.600000,-0.630792,0.600000,-0.600000,0.600000,0.600000,-0.600000,0.600000,-0.600000,-0.600000,-0.600000,0.600000,-0.600000,-0.600000,0.716323,-0.600000,-0.600000,0.559845,-0.600000,-0.600000,-0.600000,-0.600000,0.589158,-0.600000,-0.621416,-0.600000,-0.600000,0.600000,-0.600000,-0.600000,0.600000,-0.600000,-0.600000,-0.600000,-0.600000,0.600000,0.600000,-0.600000,1.000000,-0.600000,0.600000,-0.600000,-0.600000,-0.635443,-0.600000,-0.600000,0.600000
855,0.600000,-0.600000,-0.600000,1.000000,-0.600000,-1.000000,-0.600000,0.600000,0.600000,0.600000,0.600000,-0.600000,-0.600000,-0.600000,-0.600000,-0.600000,0.600000,-0.600000,-0.600000,-0.600000,0.557380,0.600000,-0.600000,-0.621416,-0.600000,-0.600000,-0.630792,0.600000,-0.600000,0.600000,0.600000,-0.600000,0.600000,-0.600000,-0.600000,-0.600000,0.600000,-0.600000,-0.600000,0.716323,-0.600000,-0.600000,0.559845,-0.600000,-0.600000,-0.600000,-0.600000,0.589158,-0.600000,-0.621416,-0.600000,-0.600000,0.600000,-0.600000,-0.600000,0.600000,-0.600000,-0.600000,-0.600000,-0.600000,0.600000,0.600000,-0.600000,1.000000,-0.600000,0.600000,-0.600000,-0.600000,-0.635443,-0.600000,-0.600000,0.600000
856,0.600000,-0.600000,-0.600000,1.000000,-0.600000,-1.000000,-0.600000,0.600000,0.600000,0.600000,0.600000,-0.600000,-0.600000,-0.600000,-0.600000,-0.600000,0.600000,-0.600000,-0.600000,-0.600000,0.557380,0.600000,-0.600000,-0.621416,-0.600000,-0.600000,-0.630792,0.600000,-0.600000,0.600000,0.600000,-0.600000,0.600000,-0.600000,-0.600000,-0.600000,0.600000,-0.600000,-0.600000,0.716323,-0.600000,-0.600000,0.559845,-0.600000,-0.600000,-0.600000,-0.600000,0.589158,-0.600000,-0.621416,-0.600000,-0.600000,0.600000,-0.600000,-0.600000,0.600000,-0.600000,-0.600000,-0.600000,-0.600000,0.600000,0.600000,-0.600000,1.000000,-0.600000,0.600000,-0.600000,-0.600000,-0.635443,-0.600000,-0.600000,0.600000
857,0.600000,-0.600000,-0.600000,1.000000,-0.600000,-1.000000,-0.600000,0.600000,0.600000,0.600000,0.600000,-0.600000,-0.600000,-0.600000,-0.600000,-0.600000,0.600000,-0.600000,-0.600000,-0.600000,0.557380,0.600000,-0.600000,-0.621416,-0.600000,-0.600000,-0.630792,0.600000,-0.600000,0.600000,0.600000,-0.600000,0.600000,-0.600000,-0.600000,-0.600000,0.600000,-0.600000,-0.600000,0.716323,-0.600000,-0.600000,0.559845,-0.600000,-0.600000,-0.600000,-0.600000,0.589158,-0.600000,-0.621416,-0.600000,-0.600000,0.600000,-0.600000,-0.600000,0.600000,-0.600000,-0.600000,-0.600000,-0.600000,0.600000,0.600000,-0.600000,1.000000,-0.600000,0.600000,-0.600000,-0.600000,-0.635443,-0.600000,-0.600000,0.600000
858,0.600000,-0.600000,-0.600000,1.000000,-0.600000,-1.000000,-0.600000,0.600000,0.600000,0.600000,0.600000,-0.600000,-0.600000,-0.600000,-0.600000,-0.600000,0.600000,-0.600000,-0.600000,-0.600000,0.557380,0.600000,-0.600000,-0.621416,-0.600000,-0.600000,-0.630792,0.600000,-0.600000,0.600000,0.600000,-0.600000,0.600000,-0.600000,-0.600000,-0.600000,0.600000,-0.600000,-0.600000,0.716323,-0.600000,-0.600000,0.559845,-0.600000,-0.600000,-0.600000,-0.600000,0.589158,-0.600000,-0.621416,-0.600000,-0.600000,0.600000,-0.600000,-0.600000,0.600000,-0.600000,-0.600000,-0.600000,-0.600000,0.600000,0.600000,-0.600000,1.000000,-0.600000,0.600000,-0.600000,-0.600000,-0.635443,-0.600000,-0.600000,0.600000
859,0.600000,-0.600000,-0.600000,1.000000,-0.600000,-1.000000,-0.600000,0.600000,0.600000,0.600000,0.600000,-0.600000,-0.600000,-0.600000,-0.600000,-0.600000,0.600000,-0.600000,-0.600000,-0.600000,0.557380,0.600000,-0.600000,-0.621416,-0.600000,-0.600000,-0.630792,0.600000,-0.600000,0.600000,0.600000,-0.600000,0.600000,-0.600000,-0.600000,-0.600000,0.600000,-0.600000,-0.600000,0.716323,-0.600000,-0.600000,0.559845,-0.600000,-0.600000,-0.600000,-0.600000,0.589158,-0.600000,-0.621416,-0.600000,-0.600000,0.600000,-0.600000,-0.600000,0.600000,-0.600000,-0.600000,-0.600000,-0.600000,0.600000,0.600000,-0.600000,1.000000,-0.600000,0.600000,-0.600000,-0.600000,-0.635443,-0.600000,-0.600000,0.600000
860,0.600000,-0.600000,-0.600000,1.000000,-0.600000,-1.000000,-0.600000,0.600000,0.600000,0.600000,0.600000,-0.600000,-0.600000,-0.600000,-0.600000,-0.600000,0.600000,-0.600000,-0.600000,-0.600000,0.557380,0.600000,-0.600000,-0.621416,-0.600000,-0.600000,-0.630792,0.600000,-0.600000,0.600000,0.600000,-0.600000,0.600000,-0.600000,-0.600000,-0.600000,0.600000,-0.600000,-0.600000,0.716323,-0.600000,-0.600000,0.559845,-0.600000,-0.600000,-0.600000,-0.600000,0.589158,-0.600000,-0.621416,-0.600000,-0.600000,0.600000,-0.600000,-0.600000,0.600000,-0.600000,-0.600000,-0.600000,-0.600000,0.600000,0.600000,-0.600000,1.000000,-0.600000,0.600000,-0.600000,-0.600000,-0.635443,-0.600000,-0.600000,0.600000
861,0.600000,-0.600000,-0.600000,1.000000,-0.600000,-1.000000,-0.600000,0.600000,0.600000,0.600000,0.600000,-0.600000,-0.600000,-0.600000,-0.600000,-0.600000,0.600000,-0.600000,-0.600000,-0.600000,0.557380,0.600000,-0.600000,-0.621416,-0.600000,-0.600000,-0.630792,0.600000,-0.600000,0.600000,0.600000,-0.600000,0.600000,-0.600000,-0.600000,-0.600000,0.600000,-0.600000,-0.600000,0.716323,-0.600000,-0.600000,0.559845,-0.600000,-0.600000,-0.600000,-0.600000,0.589158,-0.600000,-0.621416,-0.600000,-0.600000,0.600000,-0.600000,-0.600000,0.600000,-0.600000,-0.600000,-0.600000,-0.600000,0.600000,0.600000,-0.600000,1.000000,-0.600000,0.600000,-0.600000,-0.600000,-0.635443,-0.600000,-0.600000,0.600000
862,0.600000,-0.600000,-0.600000,1.000000,-0.600000,-1.000000,-0.600000,0.600000,0.600000,0.600000,0.600000,-0.600000,-0.600000,-0.600000,-0.600000,-0.600000,0.600000,-0.600000,-0.600000,-0.600000,0.557380,0.600000,-0.600000,-0.621416,-0.600000,-0.600000,-0.630792,0.600000,-0.600000,0.600000,0.600000,-0.600000,0.600000,-0.600000,-0.600000,-0.600000,0.600000,-0.600000,-0.600000,0.716323,-0.600000,-0.600000,0.559845,-0.600000,-0.600000,-0.600000,-0.600000,0.589158,-0.600000,-0.621416,-0.600000,-0.600000,0.600000,-0.600000,-0.600000,0.600000,-0.600000,-0.600000,-0.600000,-0.600000,0.600000,0.600000,-0.600000,1.000000,-0.600000,0.600000,-0.600000,-0.600000,-0.635443,-0.600000,-0.600000,0.600000
863,0.600000,-0.600000,-0.600000,1.000000,-0.600000,-1.000000,-0.600000,0.600000,0.600000,0.600000,0.600000,-0.600000,-0.600000,-0.600000,-0.600000,-0.600000,0.600000,-0.600000,-0.600000,-0.600000,0.557380,0.600000,-0.600000,-0.621416,-0.600000,-0.600000,-0.630792,0.600000,-0.600000,0.600000,0.600000,-0.600000,0.600000,-0.600000,-0.600000,-0.600000,0.600000,-0.600000,-0.600000,0.716323,-0.600000,-0.600000,0.559845,-0.600000,-0.600000,-0.600000,-0.600000,0.589158,-0.600000,-0.621416,-0.600000,-0.600000,0.600000,-0.600000,-0.600000,0.600000,-0.600000,-0.600000,-0.600000,-0.600000,0.600000,0.600000,-0.600000,1.000000,-0.600000,0.600000,-0.600000,-0.600000,-0.635443,-0.600000,-0.600000,0.600000
864,0.600000,-0.600000,-0.600000,1.000000,-0.600000,-1.000000,-0.600000,0.600000,0.600000,0.600000,0.600000,-0.600000,-0.600000,-0.600000,-0.600000,-0.600000,0.600000,-0.600000,-0.600000,-0.600000,0.557380,0.600000,-0.600000,-0.621416,-0.600000,-0.600000,-0.630792,0.600000,-0.600000,0.600000,0.600000,-0.600000,0.600000,-0.600000,-0.600000,-0.600000,0.600000,-0.600000,-0.600000,0.716323,-0.600000,-0.600000,0.559845,-0.600000,-0.600000,-0.600000,-0.600000,0.589158,-0.600000,-0.621416,-0.600000,-0.600000,0.600000,-0.600000,-0.600000,0.600000,-0.600000,-0.600000,-0.600000,-0.600000,0.600000,0.600000,-0.600000,1.000000,-0.600000,0.600000,-0.600000,-0.600000,-0.635443,-0.600000,-0.600000,0.600000
865,0.600000,-0.600000,-0.600000,1.000000,-0.600000,-1.000000,-0.600000,0.600000,0.600000,0.600000,0.600000,-0.600000,-0.600000,-0.600000,-0.600000,-0.600000,0.600000,-0.600000,-0.600000,-0.600000,0.557380,0.600000,-0.600000,-0.621416,-0.600000,-0.600000,-0.630792,0.600000,-0.600000,0.600000,0.600000,-0.600000,0.600000,-0.600000,-0.600000,-0.600000,0.600000,-0.600000,-0.600000,0.716323,-0.600000,-0.600000,0.559845,-0.600000,-0.600000,-0.600000,-0.600000,0.589158,-0.600000,-0.621416,-0.600000,-0.600000,0.600000,-0.600000,-0.600000,0.600000,-0.600000,-0.600000,-0.600000,-0.600000,0.600000,0.600000,-0.600000,1.000000,-0.600000,0.600000,-0.600000,-0.600000,-0.635443,-0.600000,-0.600000,0.600000
866,0.600000,-0.600000,-0.600000,1.000000,-0.600000,-1.000000,-0.600000,0.600000,0.600000,0.600000,0.600000,-0.600000,-0.600000,-0.600000,-0.600000,-0.600000,0.600000,-0.600000,-0.600000,-0.600000,0.557380,0.600000,-0.600000,-0.621416,-0.600000,-0.600000,-0.630792,0.600000,-0.600000,0.600000,0.600000,-0.600000,0.600000,-0.600000,-0.600000,-0.600000,0.600000,-0.600000,-0.600000,0.716323,-0.600000,-0.600000,0.559845,-0.600000,-0.600000,-0.600000,-0.600000,0.589158,-0.600000,-0.621416,-0.600000,-0.600000,0.600000,-0.600000,-0.600000,0.600000,-0.600000,-0.600000,-0.600000,-0.600000,0.600000,0.600000,-0.600000,1.000000,-0.600000,0.600000,-0.600000,-0.600000,-0.635443,-0.600000,-0.600000,0.600000
867,0.600000,-0.600000,-0.600000,1.000000,-0.600000,-1.000000,-0.600000,0.600000,0.600000,0.600000,0.600000,-0.600000,-0.600000,-0.600000,-0.600000,-0.600000,0.600000,-0.600000,-0.600000,-0.600000,0.557380,0.600000,-0.600000,-0.621416,-0.600000,-0.600000,-0.630792,0.600000,-0.600000,0.600000,0.600000,-0.600000,0.600000,-0.600000,-0.600000,-0.600000,0.600000,-0.600000,-0.600000,0.716323,-0.600000,-0.600000,0.559845,-0.600000,-0.600000,-0.600000,-0.600000,0.589158,-0.600000,-0.621416,-0.600000,-0.600000,0.600000,-0.600000,-0.600000,0.600000,-0.600000,-0.600000,-0.600000,-0.600000,0.600000,0.600000,-0.600000,1.000000,-0.600000,0.600000,-0.600000,-0.600000,-0.635443,-0.600000,-0.600000,0.600000
868,0.600000,-0.600000,-0.600000,1.000000,-0.600000,-1.000000,-0.600000,0.600000,0.600000,0.600000,0.600000,-0.600000,-0.600000,-0.600000,-0.600000,-0.600000,0.600000,-0.600000,-0.600000,-0.600000,0.557380,0.600000,-0.600000,-0.621416,-0.600000,-0.600000,-0.630792,0.600000,-0.600000,0.600000,0.600000,-0.600000,0.600000,-0.600000,-0.600000,-0.600000,0.600000,-0.600000,-0.600000,0.716323,-0.600000,-0.600000,0.559845,-0.600000,-0.600000,-0.600000,-0.600000,0.589158,-0.600000,-0.621416,-0.600000,-0.600000,0.600000,-0.600000,-0.600000,0.600000,-0.600000,-0.600000,-0.600000,-0.600000,0.600000,0.600000,-0.600000,1.000000,-0.600000,0.600000,-0.600000,-0.600000,-0.635443,-0.600000,-0.600000,0.600000
869,0.600000,-0.600000,-0.600000,1.000000,-0.600000,-1.000000,-0.600000,0.600000,0.600000,0.600000,0.600000,-0.600000,-0.600000,-0.600000,-0.600000,-0.600000,0.600000,-0.600000,-0.600000,-0.600000,0.557380,0.600000,-0.600000,-0.621416,-0.600000,-0.600000,-0.630792,0.600000,-0.600000,0.600000,0.600000,-0.600000,0.600000,-0.600000,-0.600000,-0.600000,0.600000,-0.600000,-0.600000,0.716323,-0.600000,-0.600000,0.559845,-0.600000,-0.600000,-0.600000,-0.600000,0.589158,-0.600000,-0.621416,-0.600000,-0.600000,0.600000,-0.600000,-0.600000,0.600000,-0.600000,-0.600000,-0.600000,-0.600000,0.600000,0.600000,-0.600000,1.000000,-0.600000,0.600000,-0.600000,-0.600000,-0.635443,-0.600000,-0.600000,0.600000
870,0.600000,-0.600000,-0.600000,1.000000,-0.600000,-1.000000,-0.600000,0.600000,0.600000,0.600000,0.600000,-0.600000,-0.600000,-0.600000,-0.600000,-0.600000,0.600000,-0.600000,-0.600000,-0.600000,0.557380,0.600000,-0.600000,-0.621416,-0.600000,-0.600000,-0.630792,0.600000,-0.600000,0.600000,0.600000,-0.600000,0.600000,-0.600000,-0.600000,-0.600000,0.600000,-0.600000,-0.600000,0.716323,-0.600000,-0.600000,0.559845,-0.600000,-0.600000,-0.600000,-0.600000,0.589158,-0.600000,-0.621416,-0.600000,-0.600000,0.600000,-0.600000,-0.600000,0.600000,-0.600000,-0.600000,-0.600000,-0.600000,0.600000,0.600000,-0.600000,1.000000,-0.600000,0.600000,-0.600000,-0.600000,-0.635443,-0.600000,-0.600000,0.600000
871,0.600000,-0.600000,-0.600000,1.000000,-0.600000,-1.000000,-0.600000,0.600000,0.600000,0.600000,0.600000,-0.600000,-0.600000,-0.600000,-0.600000,-0.600000,0.600000,-0.600000,-0.600000,-0.600000,0.557380,0.600000,-0.600000,-0.621416,-0.600000,-0.600000,-0.630792,0.600000,-0.600000,0.600000,0.600000,-0.600000,0.600000,-0.600000,-0.600000,-0.600000,0.600000,-0.600000,-0.600000,0.716323,-0.600000,-0.600000,0.559845,-0.600000,-0.600000,-0.600000,-0.600000,0.589158,-0.600000,-0.621416,-0.600000,-0.600000,0.600000,-0.600000,-0.600000,0.600000,-0.600000,-0.600000,-0.600000,-0.600000,0.600000,0.600000,-0.600000,1.000000,-0.600000,0.600000,-0.600000,-0.600000,-0.635443,-0.600000,-0.600000,0.600000
872,0.600000,-0.600000,-0.600000,1.000000,-0.600000,-1.000000,-0.600000,0.600000,0.600000,0.600000,0.600000,-0.600000,-0.600000,-0.600000,-0.600000,-0.600000,0.600000,-0.600000,-0.600000,-0.600000,0.557380,0.600000,-0.600000,-0.621416,-0.600000,-0.600000,-0.630792,0.600000,-0.600000,0.600000,0.600000,-0.600000,0.600000,-0.600000,-0.600000,-0.600000,0.600000,-0.600000,-0.600000,0.716323,-0.600000,-0.600000,0.559845,-0.600000,-0.600000,-0.600000,-0.600000,0.589158,-0.600000,-0.621416,-0.600000,-0.600000,0.600000,-0.600000,-0.600000,0.600000,-0.600000,-0.600000,-0.600000,-0.600000,0.600000,0.600000,-0.600000,1.000000,-0.600000,0.600000,-0.600000,-0.600000,-0.635443,-0.600000,-0.600000,0.600000
873,0.600000,-0.600000,-0.600000,1.000000,-0.600000,-1.000000,-0.600000,0.600000,0.600000,0.600000,0.600000,-0.600000,-0.600000,-0.600000,-0.600000,-0.600000,0.600000,-0.600000,-0.600000,-0.600000,0.557380,0.600000,-0.600000,-0.621416,-0.600000,-0.600000,-0.630792,0.600000,-0.600000,0.600000,0.600000,-0.600000,0.600000,-0.600000,-0.600000,-0.600000,0.600000,-0.600000,-0.600000,0.716323,-0.600000,-0.600000,0.559845,-0.600000,-0.600000,-0.600000,-0.600000,0.589158,-0.600000,-0.621416,-0.600000,-0.600000,0.600000,-0.600000,-0.600000,0.600000,-0.600000,-0.600000,-0.600000,-0.600000,0.600000,0.600000,-0.600000,1.000000,-0.600000,0.600000,-0.600000,-0.600000,-0.635443,-0.600000,-0.600000,0.600000
874,0.600000,-0.600000,-0.600000,1.000000,-0.600000,-1.000000,-0.600000,0.600000,0.600000,0.600000,0.600000,-0.600000,-0.600000,-0.600000,-0.600000,-0.600000,0.600000,-0.600000,-0.600000,-0.600000,0.557380,0.600000,-0.600000,-0.621416,-0.600000,-0.600000,-0.630792,0.600000,-0.600000,0.600000,0.600000,-0.600000,0.600000,-0.600000,-0.600000,-0.600000,0.600000,-0.600000,-0.600000,0.716323,-0.600000,-0.600000,0.559845,-0.600000,-0.600000,-0.600000,-0.600000,0.589158,-0.600000,-0.621416,-0.600000,-0.600000,0.600000,-0.600000,-0.600000,0.600000,-0.600000,-0.600000,-0.600000,-0.600000,0.600000,0.600000,-0.600000,1.000000,-0.600000,0.600000,-0.600000,-0.600000,-0.635443,-0.600000,-0.600000,0.600000
875,0.600000,-0.600000,-0.600000,1.000000,-0.600000,-1.000000,-0.600000,0.600000,0.600000,0.600000,0.600000,-0.600000,-0.600000,-0.600000,-0.600000,-0.600000,0.600000,-0.600000,-0.600000,-0.600000,0.557380,0.600000,-0.600000,-0.621416,-0.600000,-0.600000,-0.630792,0.600000,-0.600000,0.600000,0.600000,-0.600000,0.600000,-0.600000,-0.600000,-0.600000,0.600000,-0.600000,-0.600000,0.716323,-0.600000,-0.600000,0.559845,-0.600000,-0.600000,-0.600000,-0.600000,0.589158,-0.600000,-0.621416,-0.600000,-0.600000,0.600000,-0.600000,-0.600000,0.600000,-0.600000,-0.600000,-0.600000,-0.600000,0.600000,0.600000,-0.600000,1.000000,-0.600000,0.600000,-0.600000,-0.600000,-0.635443,-0.600000,-0.600000,0.600000
876,0.600000,-0.600000,-0.600000,1.000000,-0.600000,-1.000000,-0.600000,0.600000,0.600000,0.600000,0.600000,-0.600000,-0.600000,-0.600000,-0.600000,-0.600000,0.600000,-0.600000,-0.600000,-0.600000,0.557380,0.600000,-0.600000,-0.621416,-0.600000,-0.600000,-0.630792,0.600000,-0.600000,0.600000,0.600000,-0.600000,0.600000,-0.600000,-0.600000,-0.600000,0.600000,-0.600000,-0.600000,0.716323,-0.600000,-0.600000,0.559845,-0.600000,-0.600000,-0.600000,-0.600000,0.589158,-0.600000,-0.621416,-0.600000,-0.600000,0.600000,-0.600000,-0.600000,0.600000,-0.600000,-0.600000,-0.600000,-0.600000,0.600000,0.600000,-0.600000,1.000000,-0.600000,0.600000,-0.600000,-0.600000,-0.635443,-0.600000,-0.600000,0.600000
877,0.600000,-0.600000,-0.600000,1.000000,-0.600000,-1.000000,-0.600000,0.600000,0.600000,0.600000,0.600000,-0.600000,-0.600000,-0.600000,-0.600000,-0.600000,0.600000,-0.600000,-0.600000,-0.600000,0.557380,0.600000,-0.600000,-0.621416,-0.600000,-0.600000,-0.630792,0.600000,-0.600000,0.600000,0.600000,-0.600000,0.600000,-0.600000,-0.600000,-0.600000,0.600000,-0.600000,-0.600000,0.716323,-0.600000,-0.600000,0.559845,-0.600000,-0.600000,-0.600000,-0.600000,0.589158,-0.600000,-0.621416,-0.600000,-0.600000,0.600000,-0.600000,-0.600000,0.600000,-0.600000,-0.600000,-0.600000,-0.600000,0.600000,0.600000,-0.600000,1.000000,-0.600000,0.600000,-0.600000,-0.600000,-0.635443,-0.600000,-0.600000,0.600000
878,0.600000,-0.600000,-0.600000,1.000000,-0.600000,-1.000000,-0.600000,0.600000,0.600000,0.600000,0.600000,-0.600000,-0.600000,-0.600000,-0.600000,-0.600000,0.600000,-0.600000,-0.600000,-0.600000,0.557380,0.600000,-0.600000,-0.621416,-0.600000,-0.600000,-0.630792,0.600000,-0.600000,0.600000,0.600000,-0.600000,0.600000,-0.600000,-0.600000,-0.600000,0.600000,-0.600000,-0.600000,0.716323,-0.600000,-0.600000,0.559845,-0.600000,-0.600000,-0.600000,-0.600000,0.589158,-0.600000,-0.621416,-0.600000,-0.600000,0.600000,-0.600000,-0.600000,0.600000,-0.600000,-0.600000,-0.600000,-0.600000,0.600000,0.600000,-0.600000,1.000000,-0.600000,0.600000,-0.600000,-0.600000,-0.635443,-0.600000,-0.600000,0.600000
879,0.600000,-0.600000,-0.600000,1.000000,-0.600000,-1.000000,-0.600000,0.600000,0.600000,0.600000,0.600000,-0.600000,-0.600000,-0.600000,-0.600000,-0.600000,0.600000,-0.600000,-0.600000,-0.600000,0.557380,0.600000,-0.600000,-0.621416,-0.600000,-0.600000,-0.630792,0.600000,-0.600000,0.600000,0.600000,-0.600000,0.600000,-0.600000,-0.600000,-0.600000,0.600000,-0.600000,-0.600000,0.716323,-0.600000,-0.600000,0.559845,-0.600000,-0.600000,-0.600000,-0.600000,0.589158,-0.600000,-0.621416,-0.600000,-0.600000,0.600000,-0.600000,-0.600000,0.600000,-0.600000,-0.600000,-0.600000,-0.600000,0.600000,0.600000,-0.600000,1.000000,-0.600000,0.600000,-0.600000,-0.600000,-0.635443,-0.600000,-0.600000,0.600000
880,0.600000,-0.600000,-0.600000,1.000000,-0.600000,-1.000000,-0.600000,0.600000,0.600000,0.600000,0.600000,-0.600000,-0.600000,-0.600000,-0.600000,-0.600000,0.600000,-0.600000,-0.600000,-0.600000,0.557380,0.600000,-0.600000,-0.621416,-0.600000,-0.600000,-0.630792,0.600000,-0.600000,0.600000,0.600000,-0.600000,0.600000,-0.600000,-0.600000,-0.600000,0.600000,-0.600000,-0.600000,0.716323,-0.600000,-0.600000,0.559845,-0.600000,-0.600000,-0.600000,-0.600000,0.589158,-0.600000,-0.621416,-0.600000,-0.600000,0.600000,-0.600000,-0.600000,0.600000,-0.600000,-0.600000,-0.600000,-0.600000,0.600000,0.600000,-0.600000,1.000000,-0.600000,0.600000,-0.600000,-0.600000,-0.635443,-0.600000,-0.600000,0.600000
881,0.600000,-0.600000,-0.600000,1.000000,-0.600000,-1.000000,-0.600000,0.600000,0.600000,0.600000,0.600000,-0.600000,-0.600000,-0.600000,-0.600000,-0.600000,0.600000,-0.600000,-0.600000,-0.600000,0.557380,0.600000,-0.600000,-0.621416,-0.600000,-0.600000,-0.630792,0.600000,-0.600000,0.600000,0.600000,-0.600000,0.600000,-0.600000,-0.600000,-0.600000,0.600000,-0.600000,-0.600000,0.716323,-0.600000,-0.600000,0.559845,-0.600000,-0.600000,-0.600000,-0.600000,0.589158,-0.600000,-0.621416,-0.600000,-0.600000,0.600000,-0.600000,-0.600000,0.600000,-0.600000,-0.600000,-0.600000,-0.600000,0.600000,0.600000,-0.600000,1.000000,-0.600000,0.600000,-0.600000,-0.600000,-0.635443,-0.600000,-0.600000,0.600000
882,0.600000,-0.600000,-0.600000,1.000000,-0.600000,-1.000000,-0.600000,0.600000,0.600000,0.600000,0.600000,-0.600000,-0.600000,-0.600000,-0.600000,-0.600000,0.600000,-0.600000,-0.600000,-0.600000,0.557380,0.600000,-0.600000,-0.621416,-0.600000,-0.600000,-0.630792,0.600000,-0.600000,0.600000,0.600000,-0.600000,0.600000,-0.600000,-0.600000,-0.600000,0.600000,-0.600000,-0.600000,0.716323,-0.600000,-0.600000,0.559845,-0.600000,-0.600000,-0.600000,-0.600000,0.589158,-0.600000,-0.621416,-0.600000,-0.600000,0.600000,-0.600000,-0.600000,0.600000,-0.600000,-0.600000,-0.600000,-0.600000,0.600000,0.600000,-0.600000,1.000000,-0.600000,0.600000,-0.600000,-0.600000,-0.635443,-0.600000,-0.600000,0.600000
883,0.600000,-0.600000,-0.600000,1.000000,-0.600000,-1.000000,-0.600000,0.600000,0.600000,0.600000,0.600000,-0.600000,-0.600000,-0.600000,-0.600000,-0.600000,0.600000,-0.600000,-0.600000,-0.600000,0.557380,0.600000,-0.600000,-0.621416,-0.600000,-0.600000,-0.630792,0.600000,-0.600000,0.600000,0.600000,-0.600000,0.600000,-0.600000,-0.600000,-0.600000,0.600000,-0.600000,-0.600000,0.716323,-0.600000,-0.600000,0.559845,-0.600000,-0.600000,-0.600000,-0.600000,0.589158,-0.600000,-0.621416,-0.600000,-0.600000,0.600000,-0.600000,-0.600000,0.600000,-0.600000,-0.600000,-0.600000,-0.600000,0.600000,0.600000,-0.600000,1.000000,-0.600000,0.600000,-0.600000,-0.600000,-0.635443,-0.600000,-0.600000,0.600000
884,0.600000,-0.600000,-0.600000,1.000000,-0.600000,-1.000000,-0.600000,0.600000,0.600000,0.600000,0.600000,-0.600000,-0.600000,-0.600000,-0.600000,-0.600000,0.600000,-0.600000,-0.600000,-0.600000,0.557380,0.600000,-0.600000,-0.621416,-0.600000,-0.600000,-0.630792,0.600000,-0.600000,0.600000,0.600000,-0.600000,0.600000,-0.600000,-0.600000,-0.600000,0.600000,-0.600000,-0.600000,0.716323,-0.600000,-0.600000,0.559845,-0.600000,-0.600000,-0.600000,-0.600000,0.589158,-0.600000,-0.621416,-0.600000,-0.600000,0.600000,-0.600000,-0.600000,0.600000,-0.600000,-0.600000,-0.600000,-0.600000,0.600000,0.600000,-0.600000,1.000000,-0.600000,0.600000,-0.600000,-0.600000,-0.635443,-0.600000,-0.600000,0.600000
885,0.600000,-0.600000,-0.600000,1.000000,-0.600000,-1.000000,-0.600000,0.600000,0.600000,0.600000,0.600000,-0.600000,-0.600000,-0.600000,-0.600000,-0.600000,0.600000,-0.600000,-0.600000,-0.600000,0.557380,0.600000,-0.600000,-0.621416,-0.600000,-0.600000,-0.630792,0.600000,-0.600000,0.600000,0.600000,-0.600000,0.600000,-0.600000,-0.600000,-0.600000,0.600000,-0.600000,-0.600000,0.716323,-0.600000,-0.600000,0.559845,-0.600000,-0.600000,-0.600000,-0.600000,0.589158,-0.600000,-0.621416,-0.600000,-0.600000,0.600000,-0.600000,-0.600000,0.600000,-0.600000,-0.600000,-0.600000,-0.600000,0.600000,0.600000,-0.600000,1.000000,-0.600000,0.600000,-0.600000,-0.600000,-0.635443,-0.600000,-0.600000,0.600000
886,0.600000,-0.600000,-0.600000,1.000000,-0.600000,-1.000000,-0.600000,0.600000,0.600000,0.600000,0.600000,-0.600000,-0.600000,-0.600000,-0.600000,-0.600000,0.600000,-0.600000,-0.600000,-0.600000,0.557380,0.600000,-0.600000,-0.621416,-0.600000,-0.600000,-0.630792,0.600000,-0.600000,0.600000,0.600000,-0.600000,0.600000,-0.600000,-0.600000,-0.600000,0.600000,-0.600000,-0.600000,0.716323,-0.600000,-0.600000,0.559845,-0.600000,-0.600000,-0.600000,-0.600000,0.589158,-0.600000,-0.621416,-0.600000,-0.600000,0.600000,-0.600000,-0.600000,0.600000,-0.600000,-0.600000,-0.600000,-0.600000,0.600000,0.600000,-0.600000,1.000000,-0.600000,0.600000,-0.600000,-0.600000,-0.635443,-0.600000,-0.600000,0.600000
887,0.600000,-0.600000,-0.600000,1.000000,-0.600000,-1.000000,-0.600000,0.600000,0.600000,0.600000,0.600000,-0.600000,-0.600000,-0.600000,-0.600000,-0.600000,0.600000,-0.600000,-0.600000,-0.600000,0.557380,0.600000,-0.600000,-0.621416,-0.600000,-0.600000,-0.630792,0.600000,-0.600000,0.600000,0.600000,-0.600000,0.600000,-0.600000,-0.600000,-0.600000,0.600000,-0.600000,-0.600000,0.716323,-0.600000,-0.600000,0.559845,-0.600000,-0.600000,-0.600000,-0.600000,0.589158,-0.600000,-0.621416,-0.600000,-0.600000,0.600000,-0.600000,-0.600000,0.600000,-0.600000,-0.600000,-0.600000,-0.600000,0.600000,0.600000,-0.600000,1.000000,-0.600000,0.600000,-0.600000,-0.600000,-0.635443,-0.600000,-0.600000,0.600000
888,0.600000,-0.600000,-0.600000,1.000000,-0.600000,-1.000000,-0.600000,0.600000,0.600000,0.600000,0.600000,-0.600000,-0.600000,-0.600000,-0.600000,-0.600000,0.600000,-0.600000,-0.600000,-0.600000,0.557380,0.600000,-0.600000,-0.621416,-0.600000,-0.600000,-0.630792,0.600000,-0.600000,0.600000,0.600000,-0.600000,0.600000,-0.600000,-0.600000,-0.600000,0.600000,-0.600000,-0.600000,0.716323,-0.600000,-0.600000,0.559845,-0.600000,-0.600000,-0.600000,-0.600000,0.589158,-0.600000,-0.621416,-0.600000,-0.600000,0.600000,-0.600000,-0.600000,0.600000,-0.600000,-0.600000,-0.600000,-0.600000,0.600000,0.600000,-0.600000,1.000000,-0.600000,0.600000,-0.600000,-0.600000,-0.635443,-0.600000,-0.600000,0.600000
889,0.600000,-0.600000,-0.600000,1.000000,-0.600000,-1.000000,-0.600000,0.600000,0.600000,0.600000,0.600000,-0.600000,-0.600000,-0.600000,-0.600000,-0.600000,0.600000,-0.600000,-0.600000,-0.600000,0.557380,0.600000,-0.600000,-0.621416,-0.600000,-0.600000,-0.630792,0.600000,-0.600000,0.600000,0.600000,-0.600000,0.600000,-0.600000,-0.600000,-0.600000,0.600000,-0.600000,-0.600000,0.716323,-0.600000,-0.600000,0.559845,-0.600000,-0.600000,-0.600000,-0.600000,0.589158,-0.600000,-0.621416,-0.600000,-0.600000,0.600000,-0.600000,-0.600000,0.600000,-0.600000,-0.600000,-0.600000,-0.600000,0.600000,0.600000,-0.600000,1.000000,-0.600000,0.600000,-0.600000,-0.600000,-0.635443,-0.600000,-0.600000,0.600000
890,0.600000,-0.600000,-0.600000,1.000000,-0.600000,-1.000000,-0.600000,0.600000,0.600000,0.600000,0.600000,-0.600000,-0.600000,-0.600000,-0.600000,-0.600000,0.600000,-0.600000,-0.600000,-0.600000,0.557380,0.600000,-0.600000,-0.621416,-0.600000,-0.600000,-0.630792,0.600000,-0.600000,0.600000,0.600000,-0.600000,0.600000,-0.600000,-0.600000,-0.600000,0.600000,-0.600000,-0.600000,0.716323,-0.600000,-0.600000,0.559845,-0.600000,-0.600000,-0.600000,-0.600000,0.589158,-0.600000,-0.621416,-0.600000,-0.600000,0.600000,-0.600000,-0.600000,0.600000,-0.600000,-0.600000,-0.600000,-0.600000,0.600000,0.600000,-0.600000,1.000000,-0.600000,0.600000,-0.600000,-0.600000,-0.635443,-0.600000,-0.600000,0.600000
891,0.600000,-0.600000,-0.600000,1.000000,-0.600000,-1.000000,-0.600000,0.600000,0.600000,0.600000,0.600000,-0.600000,-0.600000,-0.600000,-0.600000,-0.600000,0.600000,-0.600000,-0.600000,-0.600000,0.557380,0.600000,-0.600000,-0.621416,-0.600000,-0.600000,-0.630792,0.600000,-0.600000,0.600000,0.600000,-0.600000,0.600000,-0.600000,-0.600000,-0.600000,0.600000,-0.600000,-0.600000,0.716323,-0.600000,-0.600000,0.559845,-0.600000,-0.600000,-0.600000,-0.600000,0.589158,-0.600000,-0.621416,-0.600000,-0.600000,0.600000,-0.600000,-0.600000,0.600000,-0.600000,-0.600000,-0.600000,-0.600000,0.600000,0.600000,-0.600000,1.000000,-0.600000,0.600000,-0.600000,-0.600000,-0.635443,-0.600000,-0.600000,0.600000
892,0.600000,-0.600000,-0.600000,1.000000,-0.600000,-1.000000,-0.600000,0.600000,0.600000,0.600000,0.600000,-0.600000,-0.600000,-0.600000,-0.600000,-0.600000,0.600000,-0.600000,-0.600000,-0.600000,0.557380,0.600000,-0.600000,-0.621416,-0.600000,-0.600000,-0.630792,0.600000,-0.600000,0.600000,0.600000,-0.600000,0.600000,-0.600000,-0.600000,-0.600000,0.600000,-0.600000,-0.600000,0.716323,-0.600000,-0.600000,0.559845,-0.600000,-0.600000,-0.600000,-0.600000,0.589158,-0.600000,-0.621416,-0.600000,-0.600000,0.600000,-0.600000,-0.600000,0.600000,-0.600000,-0.600000,-0.600000,-0.600000,0.600000,0.600000,-0.600000,1.000000,-0.600000,0.600000,-0.600000,-0.600000,-0.635443,-0.600000,-0.600000,0.600000
893,0.600000,-0.600000,-0.600000,1.000000,-0.600000,-1.000000,-0.600000,0.600000,0.600000,0.600000,0.600000,-0.600000,-0.600000,-0.600000,-0.600000,-0.600000,0.600000,-0.600000,-0.600000,-0.600000,0.557380,0.600000,-0.600000,-0.621416,-0.600000,-0.600000,-0.630792,0.600000,-0.600000,0.600000,0.600000,-0.600000,0.600000,-0.600000,-0.600000,-0.600000,0.600000,-0.600000,-0.600000,0.716323,-0.600000,-0.600000,0.559845,-0.600000,-0.600000,-0.600000,-0.600000,0.589158,-0.600000,-0.621416,-0.600000,-0.600000,0.600000,-0.600000,-0.600000,0.600000,-0.600000,-0.600000,-0.600000,-0.600000,0.600000,0.600000,-0.600000,1.000000,-0.600000,0.600000,-0.600000,-0.600000,-0.635443,-0.600000,-0.600000,0.600000
894,0.600000,-0.600000,-0.600000,1.000000,-0.600000,-1.000000,-0.600000,0.600000,0.600000,0.600000,0.600000,-0.600000,-0.600000,-0.600000,-0.600000,-0.600000,0.600000,-0.600000,-0.600000,-0.600000,0.557380,0.600000,-0.600000,-0.621416,-0.600000,-0.600000,-0.630792,0.600000,-0.600000,0.600000,0.600000,-0.600000,0.600000,-0.600000,-0.600000,-0.600000,0.600000,-0.600000,-0.600000,0.716323,-0.600000,-0.600000,0.559845,-0.600000,-0.600000,-0.600000,-0.600000,0.589158,-0.600000,-0.621416,-0.600000,-0.600000,0.600000,-0.600000,-0.600000,0.600000,-0.600000,-0.600000,-0.600000,-0.600000,0.600000,0.600000,-0.600000,1.000000,-0.600000,0.600000,-0.600000,-0.600000,-0.635443,-0.600000,-0.600000,0.600000
895,0.600000,-0.600000,-0.600000,1.000000,-0.600000,-1.000000,-0.600000,0.600000,0.600000,0.600000,0.600000,-0.600000,-0.600000,-0.600000,-0.600000,-0.600000,0.600000,-0.600000,-0.600000,-0.600000,0.557380,0.600000,-0.600000,-0.621416,-0.600000,-0.600000,-0.630792,0.600000,-0.600000,0.600000,0.600000,-0.600000,0.600000,-0.600000,-0.600000,-0.600000,0.600000,-0.600000,-0.600000,0.716323,-0.600000,-0.600000,0.559845,-0.600000,-0.600000,-0.600000,-0.600000,0.589158,-0.600000,-0.621416,-0.600000,-0.600000,0.600000,-0.600000,-0.600000,0.600000,-0.600000,-0.600000,-0.600000,-0.600000,0.600000,0.600000,-0.600000,1.000000,-0.600000,0.600000,-0.600000,-0.600000,-0.635443,-0.600000,-0.600000,0.600000
896,0.600000,-0.600000,-0.600000,1.000000,-0.600000,-1.000000,-0.600000,0.600000,0.600000,0.600000,0.600000,-0.600000,-0.600000,-0.600000,-0.600000,-0.600000,0.600000,-0.600000,-0.600000,-0.600000,0.557380,0.600000,-0.600000,-0.621416,-0.600000,-0.600000,-0.630792,0.600000,-0.600000,0.600000,0.600000,-0.600000,0.600000,-0.600000,-0.600000,-0.600000,0.600000,-0.600000,-0.600000,0.716323,-0.600000,-0.600000,0.559845,-0.600000,-0.600000,-0.600000,-0.600000,0.589158,-0.600000,-0.621416,-0.600000,-0.600000,0.600000,-0.600000,-0.600000,0.600000,-0.600000,-0.600000,-0.600000,-0.600000,0.600000,0.600000,-0.600000,1.000000,-0.600000,0.600000,-0.600000,-0.600000,-0.635443,-0.600000,-0.600000,0.600000
897,0.600000,-0.600000,-0.600000,1.000000,-0.600000,-1.000000,-0.600000,0.600000,0.600000,0.600000,0.600000,-0.600000,-0.600000,-0.600000,-0.600000,-0.600000,0.600000,-0.600000,-0.600000,-0.600000,0.557380,0.600000,-0.600000,-0.621416,-0.600000,-0.600000,-0.630792,0.600000,-0.600000,0.600000,0.600000,-0.600000,0.600000,-0.600000,-0.600000,-0.600000,0.600000,-0.600000,-0.600000,0.716323,-0.600000,-0.600000,0.559845,-0.600000,-0.600000,-0.600000,-0.600000,0.589158,-0.600000,-0.621416,-0.600000,-0.600000,0.600000,-0.600000,-0.600000,0.600000,-0.600000,-0.600000,-0.600000,-0.600000,0.600000,0.600000,-0.600000,1.000000,-0.600000,0.600000,-0.600000,-0.600000,-0.635443,-0.600000,-0.600000,0.600000
898,0.600000,-0.600000,-0.600000,1.000000,-0.600000,-1.000000,-0.600000,0.600000,0.600000,0.600000,0.600000,-0.600000,-0.600000,-0.600000,-0.600000,-0.600000,0.600000,-0.600000,-0.600000,-0.600000,0.557380,0.600000,-0.600000,-0.621416,-0.600000,-0.600000,-0.630792,0.600000,-0.600000,0.600000,0.600000,-0.600000,0.600000,-0.600000,-0.600000,-0.600000,0.600000,-0.600000,-0.600000,0.716323,-0.600000,-0.600000,0.559845,-0.600000,-0.600000,-0.600000,-0.600000,0.589158,-0.600000,-0.621416,-0.600000,-0.600000,0.600000,-0.600000,-0.600000,0.600000,-0.600000,-0.600000,-0.600000,-0.600000,0.600000,0.600000,-0.600000,1.000000,-0.600000,0.600000,-0.600000,-0.600000,-0.635443,-0.600000,-0.600000,0.600000
899,0.600000,-0.600000,-0.600000,1.000000,-0.600000,-1.000000,-0.600000,0.600000,0.600000,0.600000,0.600000,-0.600000,-0.600000,-0.600000,-0.600000,-0.600000,0.600000,-0.600000,-0.600000,-0.600000,0.557380,0.600000,-0.600000,-0.621416,-0.600000,-0.600000,-0.630792,0.600000,-0.600000,0.600000,0.600000,-0.600000,0.600000,-0.600000,-0.600000,-0.600000,0.600000,-0.600000,-0.600000,0.716323,-0.600000,-0.600000,0.559845,-0.600000,-0.600000,-0.600000,-0.600000,0.589158,-0.600000,-0.621416,-0.600000,-0.600000,0.600000,-0.600000,-0.600000,0.600000,-0.600000,-0.600000,-0.600000,-0.600000,0.600000,0.600000,-0.600000,1.000000,-0.600000,0.600000,-0.600000,-0.600000,-0.635443,-0.600000,-0.600000,0.600000
900,0.600000,-0.600000,-0.600000,1.000000,-0.600000,-1.000000,-0.600000,0.600000,0.600000,0.600000,0.600000,-0.600000,-0.600000,-0.600000,-0.600000,-0.600000,0.600000,-0.600000,-0.600000,-0.600000,0.557380,0.600000,-0.600000,-0.621416,-0.600000,-0.600000,-0.630792,0.600000,-0.600000,0.600000,0.600000,-0.600000,0.600000,-0.600000,-0.600000,-0.600000,0.600000,-0.600000,-0.600000,0.716323,-0.600000,-0.600000,0.559845,-0.600000,-0.600000,-0.600000,-0.600000,0.589158,-0.600000,-0.621416,-0.600000,-0.600000,0.600000,-0.600000,-0.600000,0.600000,-0.600000,-0.600000,-0.600000,-0.600000,0.600000,0.600000,-0.600000,1.000000,-0.600000,0.600000,-0.600000,-0.600000,-0.635443,-0.600000,-0.600000,0.600000
901,0.600000,-0.600000,-0.600000,1.000000,-0.600000,-1.000000,-0.600000,0.600000,0.600000,0.600000,0.600000,-0.600000,-0.600000,-0.600000,-0.600000,-0.600000,0.600000,-0.600000,-0.600000,-0.600000,0.557380,0.600000,-0.600000,-0.621416,-0.600000,-0.600000,-0.630792,0.600000,-0.600000,0.600000,0.600000,-0.600000,0.600000,-0.600000,-0.600000,-0.600000,0.600000,-0.600000,-0.600000,0.716323,-0.600000,-0.600000,0.559845,-0.600000,-0.600000,-0.600000,-0.600000,0.589158,-0.600000,-0.621416,-0.600000,-0.600000,0.600000,-0.600000,-0.600000,0.600000,-0.600000,-0.600000,-0.600000,-0.600000,0.600000,0.600000,-0.600000,1.000000,-0.600000,0.600000,-0.600000,-0.600000,-0.635443,-0.600000,-0.600000,0.600000
902,0.600000,-0.600000,-0.600000,1.000000,-0.600000,-1.000000,-0.600000,0.600000,0.600000,0.600000,0.600000,-0.600000,-0.600000,-0.600000,-0.600000,-0.600000,0.600000,-0.600000,-0.600000,-0.600000,0.557380,0.600000,-0.600000,-0.621416,-0.600000,-0.600000,-0.630792,0.600000,-0.600000,0.600000,0.600000,-0.600000,0.600000,-0.600000,-0.600000,-0.600000,0.600000,-0.600000,-0.600000,0.716323,-0.600000,-0.600000,0.559845,-0.600000,-0.600000,-0.600000,-0.600000,0.589158,-0.600000,-0.621416,-0.600000,-0.600000,0.600000,-0.600000,-0.600000,0.600000,-0.600000,-0.600000,-0.600000,-0.600000,0.600000,0.600000,-0.600000,1.000000,-0.600000,0.600000,-0.600000,-0.600000,-0.635443,-0.600000,-0.600000,0.600000
903,0.600000,-0.600000,-0.600000,1.000000,-0.600000,-1.000000,-0.600000,0.600000,0.600000,0.600000,0.600000,-0.600000,-0.600000,-0.600000,-0.600000,-0.600000,0.600000,-0.600000,-0.600000,-0.600000,0.557380,0.600000,-0.600000,-0.621416,-0.600000,-0.600000,-0.630792,0.600000,-0.600000,0.600000,0.600000,-0.600000,0.600000,-0.600000,-0.600000,-0.600000,0.600000,-0.600000,-0.600000,0.716323,-0.600000,-0.600000,0.559845,-0.600000,-0.600000,-0.600000,-0.600000,0.589158,-0.600000,-0.621416,-0.600000,-0.600000,0.600000,-0.600000,-0.600000,0.600000,-0.600000,-0.600000,-0.600000,-0.600000,0.600000,0.600000,-0.600000,1.000000,-0.600000,0.600000,-0.600000,-0.600000,-0.635443,-0.600000,-0.600000,0.600000
904,0.600000,-0.600000,-0.600000,1.000000,-0.600000,-1.000000,-0.600000,0.600000,0.600000,0.600000,0.600000,-0.600000,-0.600000,-0.600000,-0.600000,-0.600000,0.600000,-0.600000,-0.600000,-0.600000,0.557380,0.600000,-0.600000,-0.621416,-0.600000,-0.600000,-0.630792,0.600000,-0.600000,0.600000,0.600000,-0.600000,0.600000,-0.600000,-0.600000,-0.600000,0.600000,-0.600000,-0.600000,0.716323,-0.600000,-0.600000,0.559845,-0.600000,-0.600000,-0.600000,-0.600000,0.589158,-0.600000,-0.621416,-0.600000,-0.600000,0.600000,-0.600000,-0.600000,0.600000,-0.600000,-0.600000,-0.600000,-0.600000,0.600000,0.600000,-0.600000,1.000000,-0.600000,0.600000,-0.600000,-0.600000,-0.635443,-0.600000,-0.600000,0.600000
905,0.600000,-0.600000,-0.600000,1.000000,-0.600000,-1.000000,-0.600000,0.600000,0.600000,0.600000,0.600000,-0.600000,-0.600000,-0.600000,-0.600000,-0.600000,0.600000,-0.600000,-0.600000,-0.600000,0.557380,0.600000,-0.600000,-0.621416,-0.600000,-0.600000,-0.630792,0.600000,-0.600000,0.600000,0.600000,-0.600000,0.600000,-0.600000,-0.600000,-0.600000,0.600000,-0.600000,-0.600000,0.716323,-0.600000,-0.600000,0.559845,-0.600000,-0.600000,-0.600000,-0.600000,0.589158,-0.600000,-0.621416,-0.600000,-0.600000,0.600000,-0.600000,-0.600000,0.600000,-0.600000,-0.600000,-0.600000,-0.600000,0.600000,0.600000,-0.600000,1.000000,-0.600000,0.600000,-0.600000,-0.600000,-0.635443,-0.600000,-0.600000,0.600000
906,0.600000,-0.600000,-0.600000,1.000000,-0.600000,-1.000000,-0.600000,0.600000,0.600000,0.600000,0.600000,-0.600000,-0.600000,-0.600000,-0.600000,-0.600000,0.600000,-0.600000,-0.600000,-0.600000,0.557380,0.600000,-0.600000,-0.621416,-0.600000,-0.600000,-0.630792,0.600000,-0.600000,0.600000,0.600000,-0.600000,0.600000,-0.600000,-0.600000,-0.600000,0.600000,-0.600000,-0.600000,0.716323,-0.600000,-0.600000,0.559845,-0.600000,-0.600000,-0.600000,-0.600000,0.589158,-0.600000,-0.621416,-0.600000,-0.600000,0.600000,-0.600000,-0.600000,0.600000,-0.600000,-0.600000,-0.600000,-0.600000,0.600000,0.600000,-0.600000,1.000000,-0.600000,0.600000,-0.600000,-0.600000,-0.635443,-0.600000,-0.600000,0.600000
907,0.600000,-0.600000,-0.600000,1.000000,-0.600000,-1.000000,-0.600000,0.600000,0.600000,0.600000,0.600000,-0.600000,-0.600000,-0.600000,-0.600000,-0.600000,0.600000,-0.600000,-0.600000,-0.600000,0.557380,0.600000,-0.600000,-0.621416,-0.600000,-0.600000,-0.630792,0.600000,-0.600000,0.600000,0.600000,-0.600000,0.600000,-0.600000,-0.600000,-0.600000,0.600000,-0.600000,-0.600000,0.716323,-0.600000,-0.600000,0.559845,-0.600000,-0.600000,-0.600000,-0.600000,0.589158,-0.600000,-0.621416,-0.600000,-0.600000,0.600000,-0.600000,-0.600000,0.600000,-0.600000,-0.600000,-0.600000,-0.600000,0.600000,0.600000,-0.600000,1.000000,-0.600000,0.600000,-0.600000,-0.600000,-0.635443,-0.600000,-0.600000,0.600000
908,0.600000,-0.600000,-0.600000,1.000000,-0.600000,-1.000000,-0.600000,0.600000,0.600000,0.600000,0.600000,-0.600000,-0.600000,-0.600000,-0.600000,-0.600000,0.600000,-0.600000,-0.600000,-0.600000,0.557380,0.600000,-0.600000,-0.621416,-0.600000,-0.600000,-0.630792,0.600000,-0.600000,0.600000,0.600000,-0.600000,0.600000,-0.600000,-0.600000,-0.600000,0.600000,-0.600000,-0.600000,0.716323,-0.600000,-0.600000,0.559845,-0.600000,-0.600000,-0.600000,-0.600000,0.589158,-0.600000,-0.621416,-0.600000,-0.600000,0.600000,-0.600000,-0.600000,0.600000,-0.600000,-0.600000,-0.600000,-0.600000,0.600000,0.600000,-0.600000,1.000000,-0.600000,0.600000,-0.600000,-0.600000,-0.635443,-0.600000,-0.600000,0.600000
909,0.600000,-0.600000,-0.600000,1.000000,-0.600000,-1.000000,-0.600000,0.600000,0.600000,0.600000,0.600000,-0.600000,-0.600000,-0.600000,-0.600000,-0.600000,0.600000,-0.600000,-0.600000,-0.600000,0.557380,0.600000,-0.600000,-0.621416,-0.600000,-0.600000,-0.630792,0.600000,-0.600000,0.600000,0.600000,-0.600000,0.600000,-0.600000,-0.600000,-0.600000,0.600000,-0.600000,-0.600000,0.716323,-0.600000,-0.600000,0.559845,-0.600000,-0.600000,-0.600000,-0.600000,0.589158,-0.600000,-0.621416,-0.600000,-0.600000,0.600000,-0.600000,-0.600000,0.600000,-0.600000,-0.600000,-0.600000,-0.600000,0.600000,0.600000,-0.600000,1.000000,-0.600000,0.600000,-0.600000,-0.600000,-0.635443,-0.600000,-0.600000,0.600000
910,0.600000,-0.600000,-0.600000,1.000000,-0.600000,-1.000000,-0.600000,0.600000,0.600000,0.600000,0.600000,-0.600000,-0.600000,-0.600000,-0.600000,-0.600000,0.600000,-0.600000,-0.600000,-0.600000,0.557380,0.600000,-0.600000,-0.621416,-0.600000,-0.600000,-0.630792,0.600000,-0.600000,0.600000,0.600000,-0.600000,0.600000,-0.600000,-0.600000,-0.600000,0.600000,-0.600000,-0.600000,0.716323,-0.600000,-0.600000,0.559845,-0.600000,-0.600000,-0.600000,-0.600000,0.589158,-0.600000,-0.621416,-0.600000,-0.600000,0.600000,-0.600000,-0.600000,0.600000,-0.600000,-0.600000,-0.600000,-0.600000,0.600000,0.600000,-0.600000,1.000000,-0.600000,0.600000,-0.600000,-0.600000,-0.635443,-0.600000,-0.600000,0.600000
911,0.600000,-0.600000,-0.600000,1.000000,-0.600000,-1.000000,-0.600000,0.600000,0.600000,0.600000,0.600000,-0.600000,-0.600000,-0.600000,-0.600000,-0.600000,0.600000,-0.600000,-0.600000,-0.600000,0.557380,0.600000,-0.600000,-0.621416,-0.600000,-0.600000,-0.630792,0.600000,-0.600000,0.600000,0.600000,-0.600000,0.600000,-0.600000,-0.600000,-0.600000,0.600000,-0.600000,-0.600000,0.716323,-0.600000,-0.600000,0.559845,-0.600000,-0.600000,-0.600000,-0.600000,0.589158,-0.600000,-0.621416,-0.600000,-0.600000,0.600000,-0.600000,-0.600000,0.600000,-0.600000,-0.600000,-0.600000,-0.600000,0.600000,0.600000,-0.600000,1.000000,-0.600000,0.600000,-0.600000,-0.600000,-0.635443,-0.600000,-0.600000,0.600000
912,0.600000,-0.600000,-0.600000,1.000000,-0.600000,-1.000000,-0.600000,0.600000,0.600000,0.600000,0.600000,-0.600000,-0.600000,-0.600000,-0.600000,-0.600000,0.600000,-0.600000,-0.600000,-0.600000,0.557380,0.600000,-0.600000,-0.621416,-0.600000,-0.600000,-0.630792,0.600000,-0.600000,0.600000,0.600000,-0.600000,0.600000,-0.600000,-0.600000,-0.600000,0.600000,-0.600000,-0.600000,0.716323,-0.600000,-0.600000,0.559845,-0.600000,-0.600000,-0.600000,-0.600000,0.589158,-0.600000,-0.621416,-0.600000,-0.600000,0.600000,-0.600000,-0.600000,0.600000,-0.600000,-0.600000,-0.600000,-0.600000,0.600000,0.600000,-0.600000,1.000000,-0.600000,0.600000,-0.600000,-0.600000,-0.635443,-0.600000,-0.600000,0.600000
913,0.600000,-0.600000,-0.600000,1.000000,-0.600000,-1.000000,-0.600000,0.600000,0.600000,0.600000,0.600000,-0.600000,-0.600000,-0.600000,-0.600000,-0.600000,0.600000,-0.600000,-0.600000,-0.600000,0.557380,0.600000,-0.600000,-0.621416,-0.600000,-0.600000,-0.630792,0.600000,-0.600000,0.600000,0.600000,-0.600000,0.600000,-0.600000,-0.600000,-0.600000,0.600000,-0.600000,-0.600000,0.716323,-0.600000,-0.600000,0.559845,-0.600000,-0.600000,-0.600000,-0.600000,0.589158,-0.600000,-0.621416,-0.600000,-0.600000,0.600000,-0.600000,-0.600000,0.600000,-0.600000,-0.600000,-0.600000,-0.600000,0.600000,0.600000,-0.600000,1.000000,-0.600000,0.600000,-0.600000,-0.600000,-0.635443,-0.600000,-0.600000,0.600000
914,0.600000,-0.600000,-0.600000,1.000000,-0.600000,-1.000000,-0.600000,0.600000,0.600000,0.600000,0.600000,-0.600000,-0.600000,-0.600000,-0.600000,-0.600000,0.600000,-0.600000,-0.600000,-0.600000,0.557380,0.600000,-0.600000,-0.621416,-0.600000,-0.600000,-0.630792,0.600000,-0.600000,0.600000,0.600000,-0.600000,0.600000,-0.600000,-0.600000,-0.600000,0.600000,-0.600000,-0.600000,0.716323,-0.600000,-0.600000,0.559845,-0.600000,-0.600000,-0.600000,-0.600000,0.589158,-0.600000,-0.621416,-0.600000,-0.600000,0.600000,-0.600000,-0.600000,0.600000,-0.600000,-0.600000,-0.600000,-0.600000,0.600000,0.600000,-0.600000,1.000000,-0.600000,0.600000,-0.600000,-0.600000,-0.635443,-0.600000,-0.600000,0.600000
915,0.600000,-0.600000,-0.600000,1.000000,-0.600000,-1.000000,-0.600000,0.600000,0.600000,0.600000,0.600000,-0.600000,-0.600000,-0.600000,-0.600000,-0.600000,0.600000,-0.600000,-0.600000,-0.600000,0.557380,0.600000,-0.600000,-0.621416,-0.600000,-0.600000,-0.630792,0.600000,-0.600000,0.600000,0.600000,-0.600000,0.600000,-0.600000,-0.600000,-0.600000,0.600000,-0.600000,-0.600000,0.716323,-0.600000,-0.600000,0.559845,-0.600000,-0.600000,-0.600000,-0.600000,0.589158,-0.600000,-0.621416,-0.600000,-0.600000,0.600000,-0.600000,-0.600000,0.600000,-0.600000,-0.600000,-0.600000,-0.600000,0.600000,0.600000,-0.600000,1.000000,-0.600000,0.600000,-0.600000,-0.600000,-0.635443,-0.600000,-0.600000,0.600000
916,0.600000,-0.600000,-0.600000,1.000000,-0.600000,-1.000000,-0.600000,0.600000,0.600000,0.600000,0.600000,-0.600000,-0.600000,-0.600000,-0.600000,-0.600000,0.600000,-0.600000,-0.600000,-0.600000,0.557380,0.600000,-0.600000,-0.621416,-0.600000,-0.600000,-0.630792,0.600000,-0.600000,0.600000,0.600000,-0.600000,0.600000,-0.600000,-0.600000,-0.600000,0.600000,-0.600000,-0.600000,0.716323,-0.600000,-0.600000,0.559845,-0.600000,-0.600000,-0.600000,-0.600000,0.589158,-0.600000,-0.621416,-0.600000,-0.600000,0.600000,-0.600000,-0.600000,0.600000,-0.600000,-0.600000,-0.600000,-0.600000,0.600000,0.600000,-0.600000,1.000000,-0.600000,0.600000,-0.600000,-0.600000,-0.635443,-0.600000,-0.600000,0.600000
917,0.600000,-0.600000,-0.600000,1.000000,-0.600000,-1.000000,-0.600000,0.600000,0.600000,0.600000,0.600000,-0.600000,-0.600000,-0.600000,-0.600000,-0.600000,0.600000,-0.600000,-0.600000,-0.600000,0.557380,0.600000,-0.600000,-0.621416,-0.600000,-0.600000,-0.630792,0.600000,-0.600000,0.600000,0.600000,-0.600000,0.600000,-0.600000,-0.600000,-0.600000,0.600000,-0.600000,-0.600000,0.716323,-0.600000,-0.600000,0.559845,-0.600000,-0.600000,-0.600000,-0.600000,0.589158,-0.600000,-0.621416,-0.600000,-0.600000,0.600000,-0.600000,-0.600000,0.600000,-0.600000,-0.600000,-0.600000,-0.600000,0.600000,0.600000,-0.600000,1.000000,-0.600000,0.600000,-0.600000,-0.600000,-0.635443,-0.600000,-0.600000,0.600000
918,0.600000,-0.600000,-0.600000,1.000000,-0.600000,-1.000000,-0.600000,0.600000,0.600000,0.600000,0.600000,-0.600000,-0.600000,-0.600000,-0.600000,-0.600000,0.600000,-0.600000,-0.600000,-0.600000,0.557380,0.600000,-0.600000,-0.621416,-0.600000,-0.600000,-0.630792,0.600000,-0.600000,0.600000,0.600000,-0.600000,0.600000,-0.600000,-0.600000,-0.600000,0.600000,-0.600000,-0.600000,0.716323,-0.600000,-0.600000,0.559845,-0.600000,-0.600000,-0.600000,-0.600000,0.589158,-0.600000,-0.621416,-0.600000,-0.600000,0.600000,-0.600000,-0.600000,0.600000,-0.600000,-0.600000,-0.600000,-0.600000,0.600000,0.600000,-0.600000,1.000000,-0.600000,0.600000,-0.600000,-0.600000,-0.635443,-0.600000,-0.600000,0.600000
919,0.600000,-0.600000,-0.600000,1.000000,-0.600000,-1.000000,-0.600000,0.600000,0.600000,0.600000,0.600000,-0.600000,-0.600000,-0.600000,-0.600000,-0.600000,0.600000,-0.600000,-0.600000,-0.600000,0.557380,0.600000,-0.600000,-0.621416,-0.600000,-0.600000,-0.630792,0.600000,-0.600000,0.600000,0.600000,-0.600000,0.600000,-0.600000,-0.600000,-0.600000,0.600000,-0.600000,-0.600000,0.716323,-0.600000,-0.600000,0.559845,-0.600000,-0.600000,-0.600000,-0.600000,0.589158,-0.600000,-0.621416,-0.600000,-0.600000,0.600000,-0.600000,-0.600000,0.600000,-0.600000,-0.600000,-0.600000,-0.600000,0.600000,0.600000,-0.600000,1.000000,-0.600000,0.600000,-0.600000,-0.600000,-0.635443,-0.600000,-0.600000,0.600000
920,0.600000,-0.600000,-0.600000,1.000000,-0.600000,-1.000000,-0.600000,0.600000,0.600000,0.600000,0.600000,-0.600000,-0.600000,-0.600000,-0.600000,-0.600000,0.600000,-0.600000,-0.600000,-0.600000,0.557380,0.600000,-0.600000,-0.621416,-0.600000,-0.600000,-0.630792,0.600000,-0.600000,0.600000,0.600000,-0.600000,0.600000,-0.600000,-0.600000,-0.600000,0.600000,-0.600000,-0.600000,0.716323,-0.600000,-0.600000,0.559845,-0.600000,-0.600000,-0.600000,-0.600000,0.589158,-0.600000,-0.621416,-0.600000,-0.600000,0.600000,-0.600000,-0.600000,0.600000,-0.600000,-0.600000,-0.600000,-0.600000,0.600000,0.600000,-0.600000,1.000000,-0.600000,0.600000,-0.600000,-0.600000,-0.635443,-0.600000,-0.600000,0.600000
921,0.600000,-0.600000,-0.600000,1.000000,-0.600000,-1.000000,-0.600000,0.600000,0.600000,0.600000,0.600000,-0.600000,-0.600000,-0.600000,-0.600000,-0.600000,0.600000,-0.600000,-0.600000,-0.600000,0.557380,0.600000,-0.600000,-0.621416,-0.600000,-0.600000,-0.630792,0.600000,-0.600000,0.600000,0.600000,-0.600000,0.600000,-0.600000,-0.600000,-0.600000,0.600000,-0.600000,-0.600000,0.716323,-0.600000,-0.600000,0.559845,-0.600000,-0.600000,-0.600000,-0.600000,0.589158,-0.600000,-0.621416,-0.600000,-0.600000,0.600000,-0.600000,-0.600000,0.600000,-0.600000,-0.600000,-0.600000,-0.600000,0.600000,0.600000,-0.600000,1.000000,-0.600000,0.600000,-0.600000,-0.600000,-0.635443,-0.600000,-0.600000,0.600000
922,0.600000,-0.600000,-0.600000,1.000000,-0.600000,-1.000000,-0.600000,0.600000,0.600000,0.600000,0.600000,-0.600000,-0.600000,-0.600000,-0.600000,-0.600000,0.600000,-0.600000,-0.600000,-0.600000,0.557380,0.600000,-0.600000,-0.621416,-0.600000,-0.600000,-0.630792,0.600000,-0.600000,0.600000,0.600000,-0.600000,0.600000,-0.600000,-0.600000,-0.600000,0.600000,-0.600000,-0.600000,0.716323,-0.600000,-0.600000,0.559845,-0.600000,-0.600000,-0.600000,-0.600000,0.589158,-0.600000,-0.621416,-0.600000,-0.600000,0.600000,-0.600000,-0.600000,0.600000,-0.600000,-0.600000,-0.600000,-0.600000,0.600000,0.600000,-0.600000,1.000000,-0.600000,0.600000,-0.600000,-0.600000,-0.635443,-0.600000,-0.600000,0.600000
923,0.600000,-0.600000,-0.600000,1.000000,-0.600000,-1.000000,-0.600000,0.600000,0.600000,0.600000,0.600000,-0.600000,-0.600000,-0.600000,-0.600000,-0.600000,0.600000,-0.600000,-0.600000,-0.600000,0.557380,0.600000,-0.600000,-0.621416,-0.600000,-0.600000,-0.630792,0.600000,-0.600000,0.600000,0.600000,-0.600000,0.600000,-0.600000,-0.600000,-0.600000,0.600000,-0.600000,-0.600000,0.716323,-0.600000,-0.600000,0.559845,-0.600000,-0.600000,-0.600000,-0.600000,0.589158,-0.600000,-0.621416,-0.600000,-0.600000,0.600000,-0.600000,-0.600000,0.600000,-0.600000,-0.600000,-0.600000,-0.600000,0.600000,0.600000,-0.600000,1.000000,-0.600000,0.600000,-0.600000,-0.600000,-0.635443,-0.600000,-0.600000,0.600000
924,0.600000,-0.600000,-0.600000,1.000000,-0.600000,-1.000000,-0.600000,0.600000,0.600000,0.600000,0.600000,-0.600000,-0.600000,-0.600000,-0.600000,-0.600000,0.600000,-0.600000,-0.600000,-0.600000,0.557380,0.600000,-0.600000,-0.621416,-0.600000,-0.600000,-0.630792,0.600000,-0.600000,0.600000,0.600000,-0.600000,0.600000,-0.600000,-0.600000,-0.600000,0.600000,-0.600000,-0.600000,0.716323,-0.600000,-0.600000,0.559845,-0.600000,-0.600000,-0.600000,-0.600000,0.589158,-0.600000,-0.621416,-0.600000,-0.600000,0.600000,-0.600000,-0.600000,0.600000,-0.600000,-0.600000,-0.600000,-0.600000,0.600000,0.600000,-0.600000,1.000000,-0.600000,0.600000,-0.600000,-0.600000,-0.635443,-0.600000,-0.600000,0.600000
925,0.600000,-0.600000,-0.600000,1.000000,-0.600000,-1.000000,-0.600000,0.600000,0.600000,0.600000,0.600000,-0.600000,-0.600000,-0.600000,-0.600000,-0.600000,0.600000,-0.600000,-0.600000,-0.600000,0.557380,0.600000,-0.600000,-0.621416,-0.600000,-0.600000,-0.630792,0.600000,-0.600000,0.600000,0.600000,-0.600000,0.600000,-0.600000,-0.600000,-0.600000,0.600000,-0.600000,-0.600000,0.716323,-0.600000,-0.600000,0.559845,-0.600000,-0.600000,-0.600000,-0.600000,0.589158,-0.600000,-0.621416,-0.600000,-0.600000,0.600000,-0.600000,-0.600000,0.600000,-0.600000,-0.600000,-0.600000,-0.600000,0.600000,0.600000,-0.600000,1.000000,-0.600000,0.600000,-0.600000,-0.600000,-0.635443,-0.600000,-0.600000,0.600000
926,0.600000,-0.600000,-0.600000,1.000000,-0.600000,-1.000000,-0.600000,0.600000,0.600000,0.600000,0.600000,-0.600000,-0.600000,-0.600000,-0.600000,-0.600000,0.600000,-0.600000,-0.600000,-0.600000,0.557380,0.600000,-0.600000,-0.621416,-0.600000,-0.600000,-0.630792,0.600000,-0.600000,0.600000,0.600000,-0.600000,0.600000,-0.600000,-0.600000,-0.600000,0.600000,-0.600000,-0.600000,0.716323,-0.600000,-0.600000,0.559845,-0.600000,-0.600000,-0.600000,-0.600000,0.589158,-0.600000,-0.621416,-0.600000,-0.600000,0.600000,-0.600000,-0.600000,0.600000,-0.600000,-0.600000,-0.600000,-0.600000,0.600000,0.600000,-0.600000,1.000000,-0.600000,0.600000,-0.600000,-0.600000,-0.635443,-0.600000,-0.600000,0.600000
927,0.600000,-0.600000,-0.600000,1.000000,-0.600000,-1.000000,-0.600000,0.600000,0.600000,0.600000,0.600000,-0.600000,-0.600000,-0.600000,-0.600000,-0.600000,0.600000,-0.600000,-0.600000,-0.600000,0.557380,0.600000,-0.600000,-0.621416,-0.600000,-0.600000,-0.630792,0.600000,-0.600000,0.600000,0.600000,-0.600000,0.600000,-0.600000,-0.600000,-0.600000,0.600000,-0.600000,-0.600000,0.716323,-0.600000,-0.600000,0.559845,-0.600000,-0.600000,-0.600000,-0.600000,0.589158,-0.600000,-0.621416,-0.600000,-0.600000,0.600000,-0.600000,-0.600000,0.600000,-0.600000,-0.600000,-0.600000,-0.600000,0.600000,0.600000,-0.600000,1.000000,-0.600000,0.600000,-0.600000,-0.600000,-0.635443,-0.600000,-0.600000,0.600000
928,0.600000,-0.600000,-0.600000,1.000000,-0.600000,-1.000000,-0.600000,0.600000,0.600000,0.600000,0.600000,-0.600000,-0.600000,-0.600000,-0.600000,-0.600000,0.600000,-0.600000,-0.600000,-0.600000,0.557380,0.600000,-0.600000,-0.621416,-0.600000,-0.600000,-0.630792,0.600000,-0.600000,0.600000,0.600000,-0.600000,0.600000,-0.600000,-0.600000,-0.600000,0.600000,-0.600000,-0.600000,0.716323,-0.600000,-0.600000,0.559845,-0.600000,-0.600000,-0.600000,-0.600000,0.589158,-0.600000,-0.621416,-0.600000,-0.600000,0.600000,-0.600000,-0.600000,0.600000,-0.600000,-0.600000,-0.600000,-0.600000,0.600000,0.600000,-0.600000,1.000000,-0.600000,0.600000,-0.600000,-0.600000,-0.635443,-0.600000,-0.600000,0.600000
929,0.600000,-0.600000,-0.600000,1.000000,-0.600000,-1.000000,-0.600000,0.600000,0.600000,0.600000,0.600000,-0.600000,-0.600000,-0.600000,-0.600000,-0.600000,0.600000,-0.600000,-0.600000,-0.600000,0.557380,0.600000,-0.600000,-0.621416,-0.600000,-0.600000,-0.630792,0.600000,-0.600000,0.600000,0.600000,-0.600000,0.600000,-0.600000,-0.600000,-0.600000,0.600000,-0.600000,-0.600000,0.716323,-0.600000,-0.600000,0.559845,-0.600000,-0.600000,-0.600000,-0.600000,0.589158,-0.600000,-0.621416,-0.600000,-0.600000,0.600000,-0.600000,-0.600000,0.600000,-0.600000,-0.600000,-0.600000,-0.600000,0.600000,0.600000,-0.600000,1.000000,-0.600000,0.600000,-0.600000,-0.600000,-0.635443,-0.600000,-0.600000,0.600000
930,0.600000,-0.600000,-0.600000,1.000000,-0.600000,-1.000000,-0.600000,0.600000,0.600000,0.600000,0.600000,-0.600000,-0.600000,-0.600000,-0.600000,-0.600000,0.600000,-0.600000,-0.600000,-0.600000,0.557380,0.600000,-0.600000,-0.621416,-0.600000,-0.600000,-0.630792,0.600000,-0.600000,0.600000,0.600000,-0.600000,0.600000,-0.600000,-0.600000,-0.600000,0.600000,-0.600000,-0.600000,0.716323,-0.600000,-0.600000,0.559845,-0.600000,-0.600000,-0.600000,-0.600000,0.589158,-0.600000,-0.621416,-0.600000,-0.600000,0.600000,-0.600000,-0.600000,0.600000,-0.600000,-0.600000,-0.600000,-0.600000,0.600000,0.600000,-0.600000,1.000000,-0.600000,0.600000,-0.600000,-0.600000,-0.635443,-0.600000,-0.600000,0.600000
931,0.600000,-0.600000,-0.600000,1.000000,-0.600000,-1.000000,-0.600000,0.600000,0.600000,0.600000,0.600000,-0.600000,-0.600000,-0.600000,-0.600000,-0.600000,0.600000,-0.600000,-0.600000,-0.600000,0.557380,0.600000,-0.600000,-0.621416,-0.600000,-0.600000,-0.630792,0.600000,-0.600000,0.600000,0.600000,-0.600000,0.600000,-0.600000,-0.600000,-0.600000,0.600000,-0.600000,-0.600000,0.716323,-0.600000,-0.600000,0.559845,-0.600000,-0.600000,-0.600000,-0.600000,0.589158,-0.600000,-0.621416,-0.600000,-0.600000,0.600000,-0.600000,-0.600000,0.600000,-0.600000,-0.600000,-0.600000,-0.600000,0.600000,0.600000,-0.600000,1.000000,-0.600000,0.600000,-0.600000,-0.600000,-0.635443,-0.600000,-0.600000,0.600000
932,0.600000,-0.600000,-0.600000,1.000000,-0.600000,-1.000000,-0.600000,0.600000,0.600000,0.600000,0.600000,-0.600000,-0.600000,-0.600000,-0.600000,-0.600000,0.600000,-0.600000,-0.600000,-0.600000,0.557380,0.600000,-0.600000,-0.621416,-0.600000,-0.600000,-0.630792,0.600000,-0.600000,0.600000,0.600000,-0.600000,0.600000,-0.600000,-0.600000,-0.600000,0.600000,-0.600000,-0.600000,0.716323,-0.600000,-0.600000,0.559845,-0.600000,-0.600000,-0.600000,-0.600000,0.589158,-0.600000,-0.621416,-0.600000,-0.600000,0.600000,-0.600000,-0.600000,0.600000,-0.600000,-0.600000,-0.600000,-0.600000,0.600000,0.600000,-0.600000,1.000000,-0.600000,0.600000,-0.600000,-0.600000,-0.635443,-0.600000,-0.600000,0.600000
933,0.600000,-0.600000,-0.600000,1.000000,-0.600000,-1.000000,-0.600000,0.600000,0.600000,0.600000,0.600000,-0.600000,-0.600000,-0.600000,-0.600000,-0.600000,0.600000,-0.600000,-0.600000,-0.600000,0.557380,0.600000,-0.600000,-0.621416,-0.600000,-0.600000,-0.630792,0.600000,-0.600000,0.600000,0.600000,-0.600000,0.600000,-0.600000,-0.600000,-0.600000,0.600000,-0.600000,-0.600000,0.716323,-0.600000,-0.600000,0.559845,-0.600000,-0.600000,-0.600000,-0.600000,0.589158,-0.600000,-0.621416,-0.600000,-0.600000,0.600000,-0.600000,-0.600000,0.600000,-0.600000,-0.600000,-0.600000,-0.600000,0.600000,0.600000,-0.600000,1.000000,-0.600000,0.600000,-0.600000,-0.600000,-0.635443,-0.600000,-0.600000,0.600000
934,0.600000,-0.600000,-0.600000,1.000000,-0.600000,-1.000000,-0.600000,0.600000,0.600000,0.600000,0.600000,-0.600000,-0.600000,-0.600000,-0.600000,-0.600000,0.600000,-0.600000,-0.600000,-0.600000,0.557380,0.600000,-0.600000,-0.621416,-0.600000,-0.600000,-0.630792,0.600000,-0.600000,0.600000,0.600000,-0.600000,0.600000,-0.600000,-0.600000,-0.600000,0.600000,-0.600000,-0.600000,0.716323,-0.600000,-0.600000,0.559845,-0.600000,-0.600000,-0.600000,-0.600000,0.589158,-0.600000,-0.621416,-0.600000,-0.600000,0.600000,-0.600000,-0.600000,0.600000,-0.600000,-0.600000,-0.600000,-0.600000,0.600000,0.600000,-0.600000,1.000000,-0.600000,0.600000,-0.600000,-0.600000,-0.635443,-0.600000,-0.600000,0.600000
935,0.600000,-0.600000,-0.600000,1.000000,-0.600000,-1.000000,-0.600000,0.600000,0.600000,0.600000,0.600000,-0.600000,-0.600000,-0.600000,-0.600000,-0.600000,0.600000,-0.600000,-0.600000,-0.600000,0.557380,0.600000,-0.600000,-0.621416,-0.600000,-0.600000,-0.630792,0.600000,-0.600000,0.600000,0.600000,-0.600000,0.600000,-0.600000,-0.600000,-0.600000,0.600000,-0.600000,-0.600000,0.716323,-0.600000,-0.600000,0.559845,-0.600000,-0.600000,-0.600000,-0.600000,0.589158,-0.600000,-0.621416,-0.600000,-0.600000,0.600000,-0.600000,-0.600000,0.600000,-0.600000,-0.600000,-0.600000,-0.600000,0.600000,0.600000,-0.600000,1.000000,-0.600000,0.600000,-0.600000,-0.600000,-0.635443,-0.600000,-0.600000,0.600000
936,0.600000,-0.600000,-0.600000,1.000000,-0.600000,-1.000000,-0.600000,0.600000,0.600000,0.600000,0.600000,-0.600000,-0.600000,-0.600000,-0.600000,-0.600000,0.600000,-0.600000,-0.600000,-0.600000,0.557380,0.600000,-0.600000,-0.621416,-0.600000,-0.600000,-0.630792,0.600000,-0.600000,0.600000,0.600000,-0.600000,0.600000,-0.600000,-0.600000,-0.600000,0.600000,-0.600000,-0.600000,0.716323,-0.600000,-0.600000,0.559845,-0.600000,-0.600000,-0.600000,-0.600000,0.589158,-0.600000,-0.621416,-0.600000,-0.600000,0.600000,-0.600000,-0.600000,0.600000,-0.600000,-0.600000,-0.600000,-0.600000,0.600000,0.600000,-0.600000,1.000000,-0.600000,0.600000,-0.600000,-0.600000,-0.635443,-0.600000,-0.600000,0.600000
937,0.600000,-0.600000,-0.600000,1.000000,-0.600000,-1.000000,-0.600000,0.600000,0.600000,0.600000,0.600000,-0.600000,-0.600000,-0.600000,-0.600000,-0.600000,0.600000,-0.600000,-0.600000,-0.600000,0.557380,0.600000,-0.600000,-0.621416,-0.600000,-0.600000,-0.630792,0.600000,-0.600000,0.600000,0.600000,-0.600000,0.600000,-0.600000,-0.600000,-0.600000,0.600000,-0.600000,-0.600000,0.716323,-0.600000,-0.600000,0.559845,-0.600000,-0.600000,-0.600000,-0.600000,0.589158,-0.600000,-0.621416,-0.600000,-0.600000,0.600000,-0.600000,-0.600000,0.600000,-0.600000,-0.600000,-0.600000,-0.600000,0.600000,0.600000,-0.600000,1.000000,-0.600000,0.600000,-0.600000,-0.600000,-0.635443,-0.600000,-0.600000,0.600000
938,0.600000,-0.600000,-0.600000,1.000000,-0.600000,-1.000000,-0.600000,0.600000,0.600000,0.600000,0.600000,-0.600000,-0.600000,-0.600000,-0.600000,-0.600000,0.600000,-0.600000,-0.600000,-0.600000,0.557380,0.600000,-0.600000,-0.621416,-0.600000,-0.600000,-0.630792,0.600000,-0.600000,0.600000,0.600000,-0.600000,0.600000,-0.600000,-0.600000,-0.600000,0.600000,-0.600000,-0.600000,0.716323,-0.600000,-0.600000,0.559845,-0.600000,-0.600000,-0.600000,-0.600000,0.589158,-0.600000,-0.621416,-0.600000,-0.600000,0.600000,-0.600000,-0.600000,0.600000,-0.600000,-0.600000,-0.600000,-0.600000,0.600000,0.600000,-0.600000,1.000000,-0.600000,0.600000,-0.600000,-0.600000,-0.635443,-0.600000,-0.600000,0.600000
939,0.600000,-0.600000,-0.600000,1.000000,-0.600000,-1.000000,-0.600000,0.600000,0.600000,0.600000,0.600000,-0.600000,-0.600000,-0.600000,-0.600000,-0.600000,0.600000,-0.600000,-0.600000,-0.600000,0.557380,0.600000,-0.600000,-0.621416,-0.600000,-0.600000,-0.630792,0.600000,-0.600000,0.600000,0.600000,-0.600000,0.600000,-0.600000,-0.600000,-0.600000,0.600000,-0.600000,-0.600000,0.716323,-0.600000,-0.600000,0.559845,-0.600000,-0.600000,-0.600000,-0.600000,0.589158,-0.600000,-0.621416,-0.600000,-0.600000,0.600000,-0.600000,-0.600000,0.600000,-0.600000,-0.600000,-0.600000,-0.600000,0.600000,0.600000,-0.600000,1.000000,-0.600000,0.600000,-0.600000,-0.600000,-0.635443,-0.600000,-0.600000,0.600000
940,0.600000,-0.600000,-0.600000,1.000000,-0.600000,-1.000000,-0.600000,0.600000,0.600000,0.600000,0.600000,-0.600000,-0.600000,-0.600000,-0.600000,-0.600000,0.600000,-0.600000,-0.600000,-0.600000,0.557380,0.600000,-0.600000,-0.621416,-0.600000,-0.600000,-0.630792,0.600000,-0.600000,0.600000,0.600000,-0.600000,0.600000,-0.600000,-0.600000,-0.600000,0.600000,-0.600000,-0.600000,0.716323,-0.600000,-0.600000,0.559845,-0.600000,-0.600000,-0.600000,-0.600000,0.589158,-0.600000,-0.621416,-0.600000,-0.600000,0.600000,-0.600000,-0.600000,0.600000,-0.600000,-0.600000,-0.600000,-0.600000,0.600000,0.600000,-0.600000,1.000000,-0.600000,0.600000,-0.600000,-0.600000,-0.635443,-0.600000,-0.600000,0.600000
941,0.600000,-0.600000,-0.600000,1.000000,-0.600000,-1.000000,-0.600000,0.600000,0.600000,0.600000,0.600000,-0.600000,-0.600000,-0.600000,-0.600000,-0.600000,0.600000,-0.600000,-0.600000,-0.600000,0.557380,0.600000,-0.600000,-0.621416,-0.600000,-0.600000,-0.630792,0.600000,-0.600000,0.600000,0.600000,-0.600000,0.600000,-0.600000,-0.600000,-0.600000,0.600000,-0.600000,-0.600000,0.716323,-0.600000,-0.600000,0.559845,-0.600000,-0.600000,-0.600000,-0.600000,0.589158,-0.600000,-0.621416,-0.600000,-0.600000,0.600000,-0.600000,-0.600000,0.600000,-0.600000,-0.600000,-0.600000,-0.600000,0.600000,0.600000,-0.600000,1.000000,-0.600000,0.600000,-0.600000,-0.600000,-0.635443,-0.600000,-0.600000,0.600000
942,0.600000,-0.600000,-0.600000,1.000000,-0.600000,-1.000000,-0.600000,0.600000,0.600000,0.600000,0.600000,-0.600000,-0.600000,-0.600000,-0.600000,-0.600000,0.600000,-0.600000,-0.600000,-0.600000,0.557380,0.600000,-0.600000,-0.621416,-0.600000,-0.600000,-0.630792,0.600000,-0.600000,0.600000,0.600000,-0.600000,0.600000,-0.600000,-0.600000,-0.600000,0.600000,-0.600000,-0.600000,0.716323,-0.600000,-0.600000,0.559845,-0.600000,-0.600000,-0.600000,-0.600000,0.589158,-0.600000,-0.621416,-0.600000,-0.600000,0.600000,-0.600000,-0.600000,0.600000,-0.600000,-0.600000,-0.600000,-0.600000,0.600000,0.600000,-0.600000,1.000000,-0.600000,0.600000,-0.600000,-0.600000,-0.635443,-0.600000,-0.600000,0.600000
943,0.600000,-0.600000,-0.600000,1.000000,-0.600000,-1.000000,-0.600000,0.600000,0.600000,0.600000,0.600000,-0.600000,-0.600000,-0.600000,-0.600000,-0.600000,0.600000,-0.600000,-0.600000,-0.600000,0.557380,0.600000,-0.600000,-0.621416,-0.600000,-0.600000,-0.630792,0.600000,-0.600000,0.600000,0.600000,-0.600000,0.600000,-0.600000,-0.600000,-0.600000,0.600000,-0.600000,-0.600000,0.716323,-0.600000,-0.600000,0.559845,-0.600000,-0.600000,-0.600000,-0.600000,0.589158,-0.600000,-0.621416,-0.600000,-0.600000,0.600000,-0.600000,-0.600000,0.600000,-0.600000,-0.600000,-0.600000,-0.600000,0.600000,0.600000,-0.600000,1.000000,-0.600000,0.600000,-0.600000,-0.600000,-0.635443,-0.600000,-0.600000,0.600000
944,0.600000,-0.600000,-0.600000,1.000000,-0.600000,-1.000000,-0.600000,0.600000,0.600000,0.600000,0.600000,-0.600000,-0.600000,-0.600000,-0.600000,-0.600000,0.600000,-0.600000,-0.600000,-0.600000,0.557380,0.600000,-0.600000,-0.621416,-0.600000,-0.600000,-0.630792,0.600000,-0.600000,0.600000,0.600000,-0.600000,0.600000,-0.600000,-0.600000,-0.600000,0.600000,-0.600000,-0.600000,0.716323,-0.600000,-0.600000,0.559845,-0.600000,-0.600000,-0.600000,-0.600000,0.589158,-0.600000,-0.621416,-0.600000,-0.600000,0.600000,-0.600000,-0.600000,0.600000,-0.600000,-0.600000,-0.600000,-0.600000,0.600000,0.600000,-0.600000,1.000000,-0.600000,0.600000,-0.600000,-0.600000,-0.635443,-0.600000,-0.600000,0.600000
945,0.600000,-0.600000,-0.600000,1.000000,-0.600000,-1.000000,-0.600000,0.600000,0.600000,0.600000,0.600000,-0.600000,-0.600000,-0.600000,-0.600000,-0.600000,0.600000,-0.600000,-0.600000,-0.600000,0.557380,0.600000,-0.600000,-0.621416,-0.600000,-0.600000,-0.630792,0.600000,-0.600000,0.600000,0.600000,-0.600000,0.600000,-0.600000,-0.600000,-0.600000,0.600000,-0.600000,-0.600000,0.716323,-0.600000,-0.600000,0.559845,-0.600000,-0.600000,-0.600000,-0.600000,0.589158,-0.600000,-0.621416,-0.600000,-0.600000,0.600000,-0.600000,-0.600000,0.600000,-0.600000,-0.600000,-0.600000,-0.600000,0.600000,0.600000,-0.600000,1.000000,-0.600000,0.600000,-0.600000,-0.600000,-0.635443,-0.600000,-0.600000,0.600000
946,0.600000,-0.600000,-0.600000,1.000000,-0.600000,-1.000000,-0.600000,0.600000,0.600000,0.600000,0.600000,-0.600000,-0.600000,-0.600000,-0.600000,-0.600000,0.600000,-0.600000,-0.600000,-0.600000,0.557380,0.600000,-0.600000,-0.621416,-0.600000,-0.600000,-0.630792,0.600000,-0.600000,0.600000,0.600000,-0.600000,0.600000,-0.600000,-0.600000,-0.600000,0.600000,-0.600000,-0.600000,0.716323,-0.600000,-0.600000,0.559845,-0.600000,-0.600000,-0.600000,-0.600000,0.589158,-0.600000,-0.621416,-0.600000,-0.600000,0.600000,-0.600000,-0.600000,0.600000,-0.600000,-0.600000,-0.600000,-0.600000,0.600000,0.600000,-0.600000,1.000000,-0.600000,0.600000,-0.600000,-0.600000,-0.635443,-0.600000,-0.600000,0.600000
947,0.600000,-0.600000,-0.600000,1.000000,-0.600000,-1.000000,-0.600000,0.600000,0.600000,0.600000,0.600000,-0.600000,-0.600000,-0.600000,-0.600000,-0.600000,0.600000,-0.600000,-0.600000,-0.600000,0.557380,0.600000,-0.600000,-0.621416,-0.600000,-0.600000,-0.630792,0.600000,-0.600000,0.600000,0.600000,-0.600000,0.600000,-0.600000,-0.600000,-0.600000,0.600000,-0.600000,-0.600000,0.716323,-0.600000,-0.600000,0.559845,-0.600000,-0.600000,-0.600000,-0.600000,0.589158,-0.600000,-0.621416,-0.600000,-0.600000,0.600000,-0.600000,-0.600000,0.600000,-0.600000,-0.600000,-0.600000,-0.600000,0.600000,0.600000,-0.600000,1.000000,-0.600000,0.600000,-0.600000,-0.600000,-0.635443,-0.600000,-0.600000,0.600000
948,0.600000,-0.600000,-0.600000,1.000000,-0.600000,-1.000000,-0.600000,0.600000,0.600000,0.600000,0.600000,-0.600000,-0.600000,-0.600000,-0.600000,-0.600000,0.600000,-0.600000,-0.600000,-0.600000,0.557380,0.600000,-0.600000,-0.621416,-0.600000,-0.600000,-0.630792,0.600000,-0.600000,0.600000,0.600000,-0.600000,0.600000,-0.600000,-0.600000,-0.600000,0.600000,-0.600000,-0.600000,0.716323,-0.600000,-0.600000,0.559845,-0.600000,-0.600000,-0.600000,-0.600000,0.589158,-0.600000,-0.621416,-0.600000,-0.600000,0.600000,-0.600000,-0.600000,0.600000,-0.600000,-0.600000,-0.600000,-0.600000,0.600000,0.600000,-0.600000,1.000000,-0.600000,0.600000,-0.600000,-0.600000,-0.635443,-0.600000,-0.600000,0.600000
949,0.600000,-0.600000,-0.600000,1.000000,-0.600000,-1.000000,-0.600000,0.600000,0.600000,0.600000,0.600000,-0.600000,-0.600000,-0.600000,-0.600000,-0.600000,0.600000,-0.600000,-0.600000,-0.600000,0.557380,0.600000,-0.600000,-0.621416,-0.600000,-0.600000,-0.630792,0.600000,-0.600000,0.600000,0.600000,-0.600000,0.600000,-0.600000,-0.600000,-0.600000,0.600000,-0.600000,-0.600000,0.716323,-0.600000,-0.600000,0.559845,-0.600000,-0.600000,-0.600000,-0.600000,0.589158,-0.600000,-0.621416,-0.600000,-0.600000,0.600000,-0.600000,-0.600000,0.600000,-0.600000,-0.600000,-0.600000,-0.600000,0.600000,0.600000,-0.600000,1.000000,-0.600000,0.600000,-0.600000,-0.600000,-0.635443,-0.600000,-0.600000,0.600000
950,0.600000,-0.600000,-0.600000,1.000000,-0.600000,-1.000000,-0.600000,0.600000,0.600000,0.600000,0.600000,-0.600000,-0.600000,-0.600000,-0.600000,-0.600000,0.600000,-0.600000,-0.600000,-0.600000,0.557380,0.600000,-0.600000,-0.621416,-0.600000,-0.600000,-0.630792,0.600000,-0.600000,0.600000,0.600000,-0.600000,0.600000,-0.600000,-0.600000,-0.600000,0.600000,-0.600000,-0.600000,0.716323,-0.600000,-0.600000,0.559845,-0.600000,-0.600000,-0.600000,-0.600000,0.589158,-0.600000,-0.621416,-0.600000,-0.600000,0.600000,-0.600000,-0.600000,0.600000,-0.600000,-0.600000,-0.600000,-0.600000,0.600000,0.600000,-0.600000,1.000000,-0.600000,0.600000,-0.600000,-0.600000,-0.635443,-0.600000,-0.600000,0.600000
951,0.600000,-0.600000,-0.600000,1.000000,-0.600000,-1.000000,-0.600000,0.600000,0.600000,0.600000,0.600000,-0.600000,-0.600000,-0.600000,-0.600000,-0.600000,0.600000,-0.600000,-0.600000,-0.600000,0.557380,0.600000,-0.600000,-0.621416,-0.600000,-0.600000,-0.630792,0.600000,-0.600000,0.600000,0.600000,-0.600000,0.600000,-0.600000,-0.600000,-0.600000,0.600000,-0.600000,-0.600000,0.716323,-0.600000,-0.600000,0.559845,-0.600000,-0.600000,-0.600000,-0.600000,0.589158,-0.600000,-0.621416,-0.600000,-0.600000,0.600000,-0.600000,-0.600000,0.600000,-0.600000,-0.600000,-0.600000,-0.600000,0.600000,0.600000,-0.600000,1.000000,-0.600000,0.600000,-0.600000,-0.600000,-0.635443,-0.600000,-0.600000,0.600000
952,0.600000,-0.600000,-0.600000,1.000000,-0.600000,-1.000000,-0.600000,0.600000,0.600000,0.600000,0.600000,-0.600000,-0.600000,-0.600000,-0.600000,-0.600000,0.600000,-0.600000,-0.600000,-0.600000,0.557380,0.600000,-0.600000,-0.621416,-0.600000,-0.600000,-0.630792,0.600000,-0.600000,0.600000,0.600000,-0.600000,0.600000,-0.600000,-0.600000,-0.600000,0.600000,-0.600000,-0.600000,0.716323,-0.600000,-0.600000,0.559845,-0.600000,-0.600000,-0.600000,-0.600000,0.589158,-0.600000,-0.621416,-0.600000,-0.600000,0.600000,-0.600000,-0.600000,0.600000,-0.600000,-0.600000,-0.600000,-0.600000,0.600000,0.600000,-0.600000,1.000000,-0.600000,0.600000,-0.600000,-0.600000,-0.635443,-0.600000,-0.600000,0.600000
953,0.600000,-0.600000,-0.600000,1.000000,-0.600000,-1.000000,-0.600000,0.600000,0.600000,0.600000,0.600000,-0.600000,-0.600000,-0.600000,-0.600000,-0.600000,0.600000,-0.600000,-0.600000,-0.600000,0.557380,0.600000,-0.600000,-0.621416,-0.600000,-0.600000,-0.630792,0.600000,-0.600000,0.600000,0.600000,-0.600000,0.600000,-0.600000,-0.600000,-0.600000,0.600000,-0.600000,-0.600000,0.716323,-0.600000,-0.600000,0.559845,-0.600000,-0.600000,-0.600000,-0.600000,0.589158,-0.600000,-0.621416,-0.600000,-0.600000,0.600000,-0.600000,-0.600000,0.600000,-0.600000,-0.600000,-0.600000,-0.600000,0.600000,0.600000,-0.600000,1.000000,-0.600000,0.600000,-0.600000,-0.600000,-0.635443,-0.600000,-0.600000,0.600000
954,0.600000,-0.600000,-0.600000,1.000000,-0.600000,-1.000000,-0.600000,0.600000,0.600000,0.600000,0.600000,-0.600000,-0.600000,-0.600000,-0.600000,-0.600000,0.600000,-0.600000,-0.600000,-0.600000,0.557380,0.600000,-0.600000,-0.621416,-0.600000,-0.600000,-0.630792,0.600000,-0.600000,0.600000,0.600000,-0.600000,0.600000,-0.600000,-0.600000,-0.600000,0.600000,-0.600000,-0.600000,0.716323,-0.600000,-0.600000,0.559845,-0.600000,-0.600000,-0.600000,-0.600000,0.589158,-0.600000,-0.621416,-0.600000,-0.600000,0.600000,-0.600000,-0.600000,0.600000,-0.600000,-0.600000,-0.600000,-0.600000,0.600000,0.600000,-0.600000,1.000000,-0.600000,0.600000,-0.600000,-0.600000,-0.635443,-0.600000,-0.600000,0.600000
955,0.600000,-0.600000,-0.600000,1.000000,-0.600000,-1.000000,-0.600000,0.600000,0.600000,0.600000,0.600000,-0.600000,-0.600000,-0.600000,-0.600000,-0.600000,0.600000,-0.600000,-0.600000,-0.600000,0.557380,0.600000,-0.600000,-0.621416,-0.600000,-0.600000,-0.630792,0.600000,-0.600000,0.600000,0.600000,-0.600000,0.600000,-0.600000,-0.600000,-0.600000,0.600000,-0.600000,-0.600000,0.716323,-0.600000,-0.600000,0.559845,-0.600000,-0.600000,-0.600000,-0.600000,0.589158,-0.600000,-0.621416,-0.600000,-0.600000,0.600000,-0.600000,-0.600000,0.600000,-0.600000,-0.600000,-0.600000,-0.600000,0.600000,0.600000,-0.600000,1.000000,-0.600000,0.600000,-0.600000,-0.600000,-0.635443,-0.600000,-0.600000,0.600000
956,0.600000,-0.600000,-0.600000,1.000000,-0.600000,-1.000000,-0.600000,0.600000,0.600000,0.600000,0.600000,-0.600000,-0.600000,-0.600000,-0.600000,-0.600000,0.600000,-0.600000,-0.600000,-0.600000,0.557380,0.600000,-0.600000,-0.621416,-0.600000,-0.600000,-0.630792,0.600000,-0.600000,0.600000,0.600000,-0.600000,0.600000,-0.600000,-0.600000,-0.600000,0.600000,-0.600000,-0.600000,0.716323,-0.600000,-0.600000,0.559845,-0.600000,-0.600000,-0.600000,-0.600000,0.589158,-0.600000,-0.621416,-0.600000,-0.600000,0.600000,-0.600000,-0.600000,0.600000,-0.600000,-0.600000,-0.600000,-0.600000,0.600000,0.600000,-0.600000,1.000000,-0.600000,0.600000,-0.600000,-0.600000,-0.635443,-0.600000,-0.600000,0.600000
957,0.600000,-0.600000,-0.600000,1.000000,-0.600000,-1.000000,-0.600000,0.600000,0.600000,0.600000,0.600000,-0.600000,-0.600000,-0.600000,-0.600000,-0.600000,0.600000,-0.600000,-0.600000,-0.600000,0.557380,0.600000,-0.600000,-0.621416,-0.600000,-0.600000,-0.630792,0.600000,-0.600000,0.600000,0.600000,-0.600000,0.600000,-0.600000,-0.600000,-0.600000,0.600000,-0.600000,-0.600000,0.716323,-0.600000,-0.600000,0.559845,-0.600000,-0.600000,-0.600000,-0.600000,0.589158,-0.600000,-0.621416,-0.600000,-0.600000,0.600000,-0.600000,-0.600000,0.600000,-0.600000,-0.600000,-0.600000,-0.600000,0.600000,0.600000,-0.600000,1.000000,-0.600000,0.600000,-0.600000,-0.600000,-0.635443,-0.600000,-0.600000,0.600000
958,0.600000,-0.600000,-0.600000,1.000000,-0.600000,-1.000000,-0.600000,0.600000,0.600000,0.600000,0.600000,-0.600000,-0.600000,-0.600000,-0.600000,-0.600000,0.600000,-0.600000,-0.600000,-0.600000,0.557380,0.600000,-0.600000,-0.621416,-0.600000,-0.600000,-0.630792,0.600000,-0.600000,0.600000,0.600000,-0.600000,0.600000,-0.600000,-0.600000,-0.600000,0.600000,-0.600000,-0.600000,0.716323,-0.600000,-0.600000,0.559845,-0.600000,-0.600000,-0.600000,-0.600000,0.589158,-0.600000,-0.621416,-0.600000,-0.600000,0.600000,-0.600000,-0.600000,0.600000,-0.600000,-0.600000,-0.600000,-0.600000,0.600000,0.600000,-0.600000,1.000000,-0.600000,0.600000,-0.600000,-0.600000,-0.635443,-0.600000,-0.600000,0.600000
959,0.600000,-0.600000,-0.600000,1.000000,-0.600000,-1.000000,-0.600000,0.600000,0.600000,0.600000,0.600000,-0.600000,-0.600000,-0.600000,-0.600000,-0.600000,0.600000,-0.600000,-0.600000,-0.600000,0.557380,0.600000,-0.600000,-0.621416,-0.600000,-0.600000,-0.630792,0.600000,-0.600000,0.600000,0.600000,-0.600000,0.600000,-0.600000,-0.600000,-0.600000,0.600000,-0.600000,-0.600000,0.716323,-0.600000,-0.600000,0.559845,-0.600000,-0.600000,-0.600000,-0.600000,0.589158,-0.600000,-0.621416,-0.600000,-0.600000,0.600000,-0.600000,-0.600000,0.600000,-0.600000,-0.600000,-0.600000,-0.600000,0.600000,0.600000,-0.600000,1.000000,-0.600000,0.600000,-0.600000,-0.600000,-0.635443,-0.600000,-0.600000,0.600000
960,0.600000,-0.600000,-0.600000,1.000000,-0.600000,-1.000000,-0.600000,0.600000,0.600000,0.600000,0.600000,-0.600000,-0.600000,-0.600000,-0.600000,-0.600000,0.600000,-0.600000,-0.600000,-0.600000,0.557380,0.600000,-0.600000,-0.621416,-0.600000,-0.600000,-0.630792,0.600000,-0.600000,0.600000,0.600000,-0.600000,0.600000,-0.600000,-0.600000,-0.600000,0.600000,-0.600000,-0.600000,0.716323,-0.600000,-0.600000,0.559845,-0.600000,-0.600000,-0.600000,-0.600000,0.589158,-0.600000,-0.621416,-0.600000,-0.600000,0.600000,-0.600000,-0.600000,0.600000,-0.600000,-0.600000,-0.600000,-0.600000,0.600000,0.600000,-0.600000,1.000000,-0.600000,0.600000,-0.600000,-0.600000,-0.635443,-0.600000,-0.600000,0.600000
961,0.600000,-0.600000,-0.600000,1.000000,-0.600000,-1.000000,-0.600000,0.600000,0.600000,0.600000,0.600000,-0.600000,-0.600000,-0.600000,-0.600000,-0.600000,0.600000,-0.600000,-0.600000,-0.600000,0.557380,0.600000,-0.600000,-0.621416,-0.600000,-0.600000,-0.630792,0.600000,-0.600000,0.600000,0.600000,-0.600000,0.600000,-0.600000,-0.600000,-0.600000,0.600000,-0.600000,-0.600000,0.716323,-0.600000,-0.600000,0.559845,-0.600000,-0.600000,-0.600000,-0.600000,0.589158,-0.600000,-0.621416,-0.600000,-0.600000,0.600000,-0.600000,-0.600000,0.600000,-0.600000,-0.600000,-0.600000,-0.600000,0.600000,0.600000,-0.600000,1.000000,-0.600000,0.600000,-0.600000,-0.600000,-0.635443,-0.600000,-0.600000,0.600000
962,0.600000,-0.600000,-0.600000,1.000000,-0.600000,-1.000000,-0.600000,0.600000,0.600000,0.600000,0.600000,-0.600000,-0.600000,-0.600000,-0.600000,-0.600000,0.600000,-0.600000,-0.600000,-0.600000,0.557380,0.600000,-0.600000,-0.621416,-0.600000,-0.600000,-0.630792,0.600000,-0.600000,0.600000,0.600000,-0.600000,0.600000,-0.600000,-0.600000,-0.600000,0.600000,-0.600000,-0.600000,0.716323,-0.600000,-0.600000,0.559845,-0.600000,-0.600000,-0.600000,-0.600000,0.589158,-0.600000,-0.621416,-0.600000,-0.600000,0.600000,-0.600000,-0.600000,0.600000,-0.600000,-0.600000,-0.600000,-0.600000,0.600000,0.600000,-0.600000,1.000000,-0.600000,0.600000,-0.600000,-0.600000,-0.635443,-0.600000,-0.600000,0.600000
963,0.600000,-0.600000,-0.600000,1.000000,-0.600000,-1.000000,-0.600000,0.600000,0.600000,0.600000,0.600000,-0.600000,-0.600000,-0.600000,-0.600000,-0.600000,0.600000,-0.600000,-0.600000,-0.600000,0.557380,0.600000,-0.600000,-0.621416,-0.600000,-0.600000,-0.630792,0.600000,-0.600000,0.600000,0.600000,-0.600000,0.600000,-0.600000,-0.600000,-0.600000,0.600000,-0.600000,-0.600000,0.716323,-0.600000,-0.600000,0.559845,-0.600000,-0.600000,-0.600000,-0.600000,0.589158,-0.600000,-0.621416,-0.600000,-0.600000,0.600000,-0.600000,-0.600000,0.600000,-0.600000,-0.600000,-0.600000,-0.600000,0.600000,0.600000,-0.600000,1.000000,-0.600000,0.600000,-0.600000,-0.600000,-0.635443,-0.600000,-0.600000,0.600000
964,0.600000,-0.600000,-0.600000,1.000000,-0.600000,-1.000000,-0.600000,0.600000,0.600000,0.600000,0.600000,-0.600000,-0.600000,-0.600000,-0.600000,-0.600000,0.600000,-0.600000,-0.600000,-0.600000,0.557380,0.600000,-0.600000,-0.621416,-0.600000,-0.600000,-0.630792,0.600000,-0.600000,0.600000,0.600000,-0.600000,0.600000,-0.600000,-0.600000,-0.600000,0.600000,-0.600000,-0.600000,0.716323,-0.600000,-0.600000,0.559845,-0.600000,-0.600000,-0.600000,-0.600000,0.589158,-0.600000,-0.621416,-0.600000,-0.600000,0.600000,-0.600000,-0.600000,0.600000,-0.600000,-0.600000,-0.600000,-0.600000,0.600000,0.600000,-0.600000,1.000000,-0.600000,0.600000,-0.600000,-0.600000,-0.635443,-0.600000,-0.600000,0.600000
965,0.600000,-0.600000,-0.600000,1.000000,-0.600000,-1.000000,-0.600000,0.600000,0.600000,0.600000,0.600000,-0.600000,-0.600000,-0.600000,-0.600000,-0.600000,0.600000,-0.600000,-0.600000,-0.600000,0.557380,0.600000,-0.600000,-0.621416,-0.600000,-0.600000,-0.630792,0.600000,-0.600000,0.600000,0.600000,-0.600000,0.600000,-0.600000,-0.600000,-0.600000,0.600000,-0.600000,-0.600000,0.716323,-0.600000,-0.600000,0.559845,-0.600000,-0.600000,-0.600000,-0.600000,0.589158,-0.600000,-0.621416,-0.600000,-0.600000,0.600000,-0.600000,-0.600000,0.600000,-0.600000,-0.600000,-0.600000,-0.600000,0.600000,0.600000,-0.600000,1.000000,-0.600000,0.600000,-0.600000,-0.600000,-0.635443,-0.600000,-0.600000,0.600000
966,0.600000,-0.600000,-0.600000,1.000000,-0.600000,-1.000000,-0.600000,0.600000,0.600000,0.600000,0.600000,-0.600000,-0.600000,-0.600000,-0.600000,-0.600000,0.600000,-0.600000,-0.600000,-0.600000,0.557380,0.600000,-0.600000,-0.621416,-0.600000,-0.600000,-0.630792,0.600000,-0.600000,0.600000,0.600000,-0.600000,0.600000,-0.600000,-0.600000,-0.600000,0.600000,-0.600000,-0.600000,0.716323,-0.600000,-0.600000,0.559845,-0.600000,-0.600000,-0.600000,-0.600000,0.589158,-0.600000,-0.621416,-0.600000,-0.600000,0.600000,-0.600000,-0.600000,0.600000,-0.600000,-0.600000,-0.600000,-0.600000,0.600000,0.600000,-0.600000,1.000000,-0.600000,0.600000,-0.600000,-0.600000,-0.635443,-0.600000,-0.600000,0.600000
967,0.600000,-0.600000,-0.600000,1.000000,-0.600000,-1.000000,-0.600000,0.600000,0.600000,0.600000,0.600000,-0.600000,-0.600000,-0.600000,-0.600000,-0.600000,0.600000,-0.600000,-0.600000,-0.600000,0.557380,0.600000,-0.600000,-0.621416,-0.600000,-0.600000,-0.630792,0.600000,-0.600000,0.600000,0.600000,-0.600000,0.600000,-0.600000,-0.600000,-0.600000,0.600000,-0.600000,-0.600000,0.716323,-0.600000,-0.600000,0.559845,-0.600000,-0.600000,-0.600000,-0.600000,0.589158,-0.600000,-0.621416,-0.600000,-0.600000,0.600000,-0.600000,-0.600000,0.600000,-0.600000,-0.600000,-0.600000,-0.600000,0.600000,0.600000,-0.600000,1.000000,-0.600000,0.600000,-0.600000,-0.600000,-0.635443,-0.600000,-0.600000,0.600000
968,0.600000,-0.600000,-0.600000,1.000000,-0.600000,-1.000000,-0.600000,0.600000,0.600000,0.600000,0.600000,-0.600000,-0.600000,-0.600000,-0.600000,-0.600000,0.600000,-0.600000,-0.600000,-0.600000,0.557380,0.600000,-0.600000,-0.621416,-0.600000,-0.600000,-0.630792,0.600000,-0.600000,0.600000,0.600000,-0.600000,0.600000,-0.600000,-0.600000,-0.600000,0.600000,-0.600000,-0.600000,0.716323,-0.600000,-0.600000,0.559845,-0.600000,-0.600000,-0.600000,-0.600000,0.589158,-0.600000,-0.621416,-0.600000,-0.600000,0.600000,-0.600000,-0.600000,0.600000,-0.600000,-0.600000,-0.600000,-0.600000,0.600000,0.600000,-0.600000,1.000000,-0.600000,0.600000,-0.600000,-0.600000,-0.635443,-0.600000,-0.600000,0.600000
969,0.600000,-0.600000,-0.600000,1.000000,-0.600000,-1.000000,-0.600000,0.600000,0.600000,0.600000,0.600000,-0.600000,-0.600000,-0.600000,-0.600000,-0.600000,0.600000,-0.600000,-0.600000,-0.600000,0.557380,0.600000,-0.600000,-0.621416,-0.600000,-0.600000,-0.630792,0.600000,-0.600000,0.600000,0.600000,-0.600000,0.600000,-0.600000,-0.600000,-0.600000,0.600000,-0.600000,-0.600000,0.716323,-0.600000,-0.600000,0.559845,-0.600000,-0.600000,-0.600000,-0.600000,0.589158,-0.600000,-0.621416,-0.600000,-0.600000,0.600000,-0.600000,-0.600000,0.600000,-0.600000,-0.600000,-0.600000,-0.600000,0.600000,0.600000,-0.600000,1.000000,-0.600000,0.600000,-0.600000,-0.600000,-0.635443,-0.600000,-0.600000,0.600000
970,0.600000,-0.600000,-0.600000,1.000000,-0.600000,-1.000000,-0.600000,0.600000,0.600000,0.600000,0.600000,-0.600000,-0.600000,-0.600000,-0.600000,-0.600000,0.600000,-0.600000,-0.600000,-0.600000,0.557380,0.600000,-0.600000,-0.621416,-0.600000,-0.600000,-0.630792,0.600000,-0.600000,0.600000,0.600000,-0.600000,0.600000,-0.600000,-0.600000,-0.600000,0.600000,-0.600000,-0.600000,0.716323,-0.600000,-0.600000,0.559845,-0.600000,-0.600000,-0.600000,-0.600000,0.589158,-0.600000,-0.621416,-0.600000,-0.600000,0.600000,-0.600000,-0.600000,0.600000,-0.600000,-0.600000,-0.600000,-0.600000,0.600000,0.600000,-0.600000,1.000000,-0.600000,0.600000,-0.600000,-0.600000,-0.635443,-0.600000,-0.600000,0.600000
971,0.600000,-0.600000,-0.600000,1.000000,-0.600000,-1.000000,-0.600000,0.600000,0.600000,0.600000,0.600000,-0.600000,-0.600000,-0.600000,-0.600000,-0.600000,0.600000,-0.600000,-0.600000,-0.600000,0.557380,0.600000,-0.600000,-0.621416,-0.600000,-0.600000,-0.630792,0.600000,-0.600000,0.600000,0.600000,-0.600000,0.600000,-0.600000,-0.600000,-0.600000,0.600000,-0.600000,-0.600000,0.716323,-0.600000,-0.600000,0.559845,-0.600000,-0.600000,-0.600000,-0.600000,0.589158,-0.600000,-0.621416,-0.600000,-0.600000,0.600000,-0.600000,-0.600000,0.600000,-0.600000,-0.600000,-0.600000,-0.600000,0.600000,0.600000,-0.600000,1.000000,-0.600000,0.600000,-0.600000,-0.600000,-0.635443,-0.600000,-0.600000,0.600000
972,0.600000,-0.600000,-0.600000,1.000000,-0.600000,-1.000000,-0.600000,0.600000,0.600000,0.600000,0.600000,-0.600000,-0.600000,-0.600000,-0.600000,-0.600000,0.600000,-0.600000,-0.600000,-0.600000,0.557380,0.600000,-0.600000,-0.621416,-0.600000,-0.600000,-0.630792,0.600000,-0.600000,0.600000,0.600000,-0.600000,0.600000,-0.600000,-0.600000,-0.600000,0.600000,-0.600000,-0.600000,0.716323,-0.600000,-0.600000,0.559845,-0.600000,-0.600000,-0.600000,-0.600000,0.589158,-0.600000,-0.621416,-0.600000,-0.600000,0.600000,-0.600000,-0.600000,0.600000,-0.600000,-0.600000,-0.600000,-0.600000,0.600000,0.600000,-0.600000,1.000000,-0.600000,0.600000,-0.600000,-0.600000,-0.635443,-0.600000,-0.600000,0.600000
973,0.600000,-0.600000,-0.600000,1.000000,-0.600000,-1.000000,-0.600000,0.600000,0.600000,0.600000,0.600000,-0.600000,-0.600000,-0.600000,-0.600000,-0.600000,0.600000,-0.600000,-0.600000,-0.600000,0.557380,0.600000,-0.600000,-0.621416,-0.600000,-0.600000,-0.630792,0.600000,-0.600000,0.600000,0.600000,-0.600000,0.600000,-0.600000,-0.600000,-0.600000,0.600000,-0.600000,-0.600000,0.716323,-0.600000,-0.600000,0.559845,-0.600000,-0.600000,-0.600000,-0.600000,0.589158,-0.600000,-0.621416,-0.600000,-0.600000,0.600000,-0.600000,-0.600000,0.600000,-0.600000,-0.600000,-0.600000,-0.600000,0.600000,0.600000,-0.600000,1.000000,-0.600000,0.600000,-0.600000,-0.600000,-0.635443,-0.600000,-0.600000,0.600000
974,0.600000,-0.600000,-0.600000,1.000000,-0.600000,-1.000000,-0.600000,0.600000,0.600000,0.600000,0.600000,-0.600000,-0.600000,-0.600000,-0.600000,-0.600000,0.600000,-0.600000,-0.600000,-0.600000,0.557380,0.600000,-0.600000,-0.621416,-0.600000,-0.600000,-0.630792,0.600000,-0.600000,0.600000,0.600000,-0.600000,0.600000,-0.600000,-0.600000,-0.600000,0.600000,-0.600000,-0.600000,0.716323,-0.600000,-0.600000,0.559845,-0.600000,-0.600000,-0.600000,-0.600000,0.589158,-0.600000,-0.621416,-0.600000,-0.600000,0.600000,-0.600000,-0.600000,0.600000,-0.600000,-0.600000,-0.600000,-0.600000,0.600000,0.600000,-0.600000,1.000000,-0.600000,0.600000,-0.600000,-0.600000,-0.635443,-0.600000,-0.600000,0.600000
975,0.600000,-0.600000,-0.600000,1.000000,-0.600000,-1.000000,-0.600000,0.600000,0.600000,0.600000,0.600000,-0.600000,-0.600000,-0.600000,-0.600000,-0.600000,0.600000,-0.600000,-0.600000,-0.600000,0.557380,0.600000,-0.600000,-0.621416,-0.600000,-0.600000,-0.630792,0.600000,-0.600000,0.600000,0.600000,-0.600000,0.600000,-0.600000,-0.600000,-0.600000,0.600000,-0.600000,-0.600000,0.716323,-0.600000,-0.600000,0.559845,-0.600000,-0.600000,-0.600000,-0.600000,0.589158,-0.600000,-0.621416,-0.600000,-0.600000,0.600000,-0.600000,-0.600000,0.600000,-0.600000,-0.600000,-0.600000,-0.600000,0.600000,0.600000,-0.600000,1.000000,-0.600000,0.600000,-0.600000,-0.600000,-0.635443,-0.600000,-0.600000,0.600000
976,0.600000,-0.600000,-0.600000,1.000000,-0.600000,-1.000000,-0.600000,0.600000,0.600000,0.600000,0.600000,-0.600000,-0.600000,-0.600000,-0.600000,-0.600000,0.600000,-0.600000,-0.600000,-0.600000,0.557380,0.600000,-0.600000,-0.621416,-0.600000,-0.600000,-0.630792,0.600000,-0.600000,0.600000,0.600000,-0.600000,0.600000,-0.600000,-0.600000,-0.600000,0.600000,-0.600000,-0.600000,0.716323,-0.600000,-0.600000,0.559845,-0.600000,-0.600000,-0.600000,-0.600000,0.589158,-0.600000,-0.621416,-0.600000,-0.600000,0.600000,-0.600000,-0.600000,0.600000,-0.600000,-0.600000,-0.600000,-0.600000,0.600000,0.600000,-0.600000,1.000000,-0.600000,0.600000,-0.600000,-0.600000,-0.635443,-0.600000,-0.600000,0.600000
977,0.600000,-0.600000,-0.600000,1.000000,-0.600000,-1.000000,-0.600000,0.600000,0.600000,0.600000,0.600000,-0.600000,-0.600000,-0.600000,-0.600000,-0.600000,0.600000,-0.600000,-0.600000,-0.600000,0.557380,0.600000,-0.600000,-0.621416,-0.600000,-0.600000,-0.630792,0.600000,-0.600000,0.600000,0.600000,-0.600000,0.600000,-0.600000,-0.600000,-0.600000,0.600000,-0.600000,-0.600000,0.716323,-0.600000,-0.600000,0.559845,-0.600000,-0.600000,-0.600000,-0.600000,0.589158,-0.600000,-0.621416,-0.600000,-0.600000,0.600000,-0.600000,-0.600000,0.600000,-0.600000,-0.600000,-0.600000,-0.600000,0.600000,0.600000,-0.600000,1.000000,-0.600000,0.600000,-0.600000,-0.600000,-0.635443,-0.600000,-0.600000,0.600000
978,0.600000,-0.600000,-0.600000,1.000000,-0.600000,-1.000000,-0.600000,0.600000,0.600000,0.600000,0.600000,-0.600000,-0.600000,-0.600000,-0.600000,-0.600000,0.600000,-0.600000,-0.600000,-0.600000,0.557380,0.600000,-0.600000,-0.621416,-0.600000,-0.600000,-0.630792,0.600000,-0.600000,0.600000,0.600000,-0.600000,0.600000,-0.600000,-0.600000,-0.600000,0.600000,-0.600000,-0.600000,0.716323,-0.600000,-0.600000,0.559845,-0.600000,-0.600000,-0.600000,-0.600000,0.589158,-0.600000,-0.621416,-0.600000,-0.600000,0.600000,-0.600000,-0.600000,0.600000,-0.600000,-0.600000,-0.600000,-0.600000,0.600000,0.600000,-0.600000,1.000000,-0.600000,0.600000,-0.600000,-0.600000,-0.635443,-0.600000,-0.600000,0.600000
979,0.600000,-0.600000,-0.600000,1.000000,-0.600000,-1.000000,-0.600000,0.600000,0.600000,0.600000,0.600000,-0.600000,-0.600000,-0.600000,-0.600000,-0.600000,0.600000,-0.600000,-0.600000,-0.600000,0.557380,0.600000,-0.600000,-0.621416,-0.600000,-0.600000,-0.630792,0.600000,-0.600000,0.600000,0.600000,-0.600000,0.600000,-0.600000,-0.600000,-0.600000,0.600000,-0.600000,-0.600000,0.716323,-0.600000,-0.600000,0.559845,-0.600000,-0.600000,-0.600000,-0.600000,0.589158,-0.600000,-0.621416,-0.600000,-0.600000,0.600000,-0.600000,-0.600000,0.600000,-0.600000,-0.600000,-0.600000,-0.600000,0.600000,0.600000,-0.600000,1.000000,-0.600000,0.600000,-0.600000,-0.600000,-0.635443,-0.600000,-0.600000,0.600000
980,0.600000,-0.600000,-0.600000,1.000000,-0.600000,-1.000000,-0.600000,0.600000,0.600000,0.600000,0.600000,-0.600000,-0.600000,-0.600000,-0.600000,-0.600000,0.600000,-0.600000,-0.600000,-0.600000,0.557380,0.600000,-0.600000,-0.621416,-0.600000,-0.600000,-0.630792,0.600000,-0.600000,0.600000,0.600000,-0.600000,0.600000,-0.600000,-0.600000,-0.600000,0.600000,-0.600000,-0.600000,0.716323,-0.600000,-0.600000,0.559845,-0.600000,-0.600000,-0.600000,-0.600000,0.589158,-0.600000,-0.621416,-0.600000,-0.600000,0.600000,-0.600000,-0.600000,0.600000,-0.600000,-0.600000,-0.600000,-0.600000,0.600000,0.600000,-0.600000,1.000000,-0.600000,0.600000,-0.600000,-0.600000,-0.635443,-0.600000,-0.600000,0.600000
981,0.600000,-0.600000,-0.600000,1.000000,-0.600000,-1.000000,-0.600000,0.600000,0.600000,0.600000,0.600000,-0.600000,-0.600000,-0.600000,-0.600000,-0.600000,0.600000,-0.600000,-0.600000,-0.600000,0.557380,0.600000,-0.600000,-0.621416,-0.600000,-0.600000,-0.630792,0.600000,-0.600000,0.600000,0.600000,-0.600000,0.600000,-0.600000,-0.600000,-0.600000,0.600000,-0.600000,-0.600000,0.716323,-0.600000,-0.600000,0.559845,-0.600000,-0.600000,-0.600000,-0.600000,0.589158,-0.600000,-0.621416,-0.600000,-0.600000,0.600000,-0.600000,-0.600000,0.600000,-0.600000,-0.600000,-0.600000,-0.600000,0.600000,0.600000,-0.600000,1.000000,-0.600000,0.600000,-0.600000,-0.600000,-0.635443,-0.600000,-0.600000,0.600000
982,0.600000,-0.600000,-0.600000,1.000000,-0.600000,-1.000000,-0.600000,0.600000,0.600000,0.600000,0.600000,-0.600000,-0.600000,-0.600000,-0.600000,-0.600000,0.600000,-0.600000,-0.600000,-0.600000,0.557380,0.600000,-0.600000,-0.621416,-0.600000,-0.600000,-0.630792,0.600000,-0.600000,0.600000,0.600000,-0.600000,0.600000,-0.600000,-0.600000,-0.600000,0.600000,-0.600000,-0.600000,0.716323,-0.600000,-0.600000,0.559845,-0.600000,-0.600000,-0.600000,-0.600000,0.589158,-0.600000,-0.621416,-0.600000,-0.600000,0.600000,-0.600000,-0.600000,0.600000,-0.600000,-0.600000,-0.600000,-0.600000,0.600000,0.600000,-0.600000,1.000000,-0.600000,0.600000,-0.600000,-0.600000,-0.635443,-0.600000,-0.600000,0.600000
983,0.600000,-0.600000,-0.600000,1.000000,-0.600000,-1.000000,-0.600000,0.600000,0.600000,0.600000,0.600000,-0.600000,-0.600000,-0.600000,-0.600000,-0.600000,0.600000,-0.600000,-0.600000,-0.600000,0.557380,0.600000,-0.600000,-0.621416,-0.600000,-0.600000,-0.630792,0.600000,-0.600000,0.600000,0.600000,-0.600000,0.600000,-0.600000,-0.600000,-0.600000,0.600000,-0.600000,-0.600000,0.716323,-0.600000,-0.600000,0.559845,-0.600000,-0.600000,-0.600000,-0.600000,0.589158,-0.600000,-0.621416,-0.600000,-0.600000,0.600000,-0.600000,-0.600000,0.600000,-0.600000,-0.600000,-0.600000,-0.600000,0.600000,0.600000,-0.600000,1.000000,-0.600000,0.600000,-0.600000,-0.600000,-0.635443,-0.600000,-0.600000,0.600000
984,0.600000,-0.600000,-0.600000,1.000000,-0.600000,-1.000000,-0.600000,0.600000,0.600000,0.600000,0.600000,-0.600000,-0.600000,-0.600000,-0.600000,-0.600000,0.600000,-0.600000,-0.600000,-0.600000,0.557380,0.600000,-0.600000,-0.621416,-0.600000,-0.600000,-0.630792,0.600000,-0.600000,0.600000,0.600000,-0.600000,0.600000,-0.600000,-0.600000,-0.600000,0.600000,-0.600000,-0.600000,0.716323,-0.600000,-0.600000,0.559845,-0.600000,-0.600000,-0.600000,-0.600000,0.589158,-0.600000,-0.621416,-0.600000,-0.600000,0.600000,-0.600000,-0.600000,0.600000,-0.600000,-0.600000,-0.600000,-0.600000,0.600000,0.600000,-0.600000,1.000000,-0.600000,0.600000,-0.600000,-0.600000,-0.635443,-0.600000,-0.600000,0.600000
985,0.600000,-0.600000,-0.600000,1.000000,-0.600000,-1.000000,-0.600000,0.600000,0.600000,0.600000,0.600000,-0.600000,-0.600000,-0.600000,-0.600000,-0.600000,0.600000,-0.600000,-0.600000,-0.600000,0.557380,0.600000,-0.600000,-0.621416,-0.600000,-0.600000,-0.630792,0.600000,-0.600000,0.600000,0.600000,-0.600000,0.600000,-0.600000,-0.600000,-0.600000,0.600000,-0.600000,-0.600000,0.716323,-0.600000,-0.600000,0.559845,-0.600000,-0.600000,-0.600000,-0.600000,0.589158,-0.600000,-0.621416,-0.600000,-0.600000,0.600000,-0.600000,-0.600000,0.600000,-0.600000,-0.600000,-0.600000,-0.600000,0.600000,0.600000,-0.600000,1.000000,-0.600000,0.600000,-0.600000,-0.600000,-0.635443,-0.600000,-0.600000,0.600000
986,0.600000,-0.600000,-0.600000,1.000000,-0.600000,-1.000000,-0.600000,0.600000,0.600000,0.600000,0.600000,-0.600000,-0.600000,-0.600000,-0.600000,-0.600000,0.600000,-0.600000,-0.600000,-0.600000,0.557380,0.600000,-0.600000,-0.621416,-0.600000,-0.600000,-0.630792,0.600000,-0.600000,0.600000,0.600000,-0.600000,0.600000,-0.600000,-0.600000,-0.600000,0.600000,-0.600000,-0.600000,0.716323,-0.600000,-0.600000,0.559845,-0.600000,-0.600000,-0.600000,-0.600000,0.589158,-0.600000,-0.621416,-0.600000,-0.600000,0.600000,-0.600000,-0.600000,0.600000,-0.600000,-0.600000,-0.600000,-0.600000,0.600000,0.600000,-0.600000,1.000000,-0.600000,0.600000,-0.600000,-0.600000,-0.635443,-0.600000,-0.600000,0.600000
987,0.600000,-0.600000,-0.600000,1.000000,-0.600000,-1.000000,-0.600000,0.600000,0.600000,0.600000,0.600000,-0.600000,-0.600000,-0.600000,-0.600000,-0.600000,0.600000,-0.600000,-0.600000,-0.600000,0.557380,0.600000,-0.600000,-0.621416,-0.600000,-0.600000,-0.630792,0.600000,-0.600000,0.600000,0.600000,-0.600000,0.600000,-0.600000,-0.600000,-0.600000,0.600000,-0.600000,-0.600000,0.716323,-0.600000,-0.600000,0.559845,-0.600000,-0.600000,-0.600000,-0.600000,0.589158,-0.600000,-0.621416,-0.600000,-0.600000,0.600000,-0.600000,-0.600000,0.600000,-0.600000,-0.600000,-0.600000,-0.600000,0.600000,0.600000,-0.600000,1.000000,-0.600000,0.600000,-0.600000,-0.600000,-0.635443,-0.600000,-0.600000,0.600000
988,0.600000,-0.600000,-0.600000,1.000000,-0.600000,-1.000000,-0.600000,0.600000,0.600000,0.600000,0.600000,-0.600000,-0.600000,-0.600000,-0.600000,-0.600000,0.600000,-0.600000,-0.600000,-0.600000,0.557380,0.600000,-0.600000,-0.621416,-0.600000,-0.600000,-0.630792,0.600000,-0.600000,0.600000,0.600000,-0.600000,0.600000,-0.600000,-0.600000,-0.600000,0.600000,-0.600000,-0.600000,0.716323,-0.600000,-0.600000,0.559845,-0.600000,-0.600000,-0.600000,-0.600000,0.589158,-0.600000,-0.621416,-0.600000,-0.600000,0.600000,-0.600000,-0.600000,0.600000,-0.600000,-0.600000,-0.600000,-0.600000,0.600000,0.600000,-0.600000,1.000000,-0.600000,0.600000,-0.600000,-0.600000,-0.635443,-0.600000,-0.600000,0.600000
989,0.600000,-0.600000,-0.600000,1.000000,-0.600000,-1.000000,-0.600000,0.600000,0.600000,0.600000,0.600000,-0.600000,-0.600000,-0.600000,-0.600000,-0.600000,0.600000,-0.600000,-0.600000,-0.600000,0.557380,0.600000,-0.600000,-0.621416,-0.600000,-0.600000,-0.630792,0.600000,-0.600000,0.600000,0.600000,-0.600000,0.600000,-0.600000,-0.600000,-0.600000,0.600000,-0.600000,-0.600000,0.716323,-0.600000,-0.600000,0.559845,-0.600000,-0.600000,-0.600000,-0.600000,0.589158,-0.600000,-0.621416,-0.600000,-0.600000,0.600000,-0.600000,-0.600000,0.600000,-0.600000,-0.600000,-0.600000,-0.600000,0.600000,0.600000,-0.600000,1.000000,-0.600000,0.600000,-0.600000,-0.600000,-0.635443,-0.600000,-0.600000,0.600000
990,0.600000,-0.600000,-0.600000,1.000000,-0.600000,-1.000000,-0.600000,0.600000,0.600000,0.600000,0.600000,-0.600000,-0.600000,-0.600000,-0.600000,-0.600000,0.600000,-0.600000,-0.600000,-0.600000,0.557380,0.600000,-0.600000,-0.621416,-0.600000,-0.600000,-0.630792,0.600000,-0.600000,0.600000,0.600000,-0.600000,0.600000,-0.600000,-0.600000,-0.600000,0.600000,-0.600000,-0.600000,0.716323,-0.600000,-0.600000,0.559845,-0.600000,-0.600000,-0.600000,-0.600000,0.589158,-0.600000,-0.621416,-0.600000,-0.600000,0.600000,-0.600000,-0.600000,0.600000,-0.600000,-0.600000,-0.600000,-0.600000,0.600000,0.600000,-0.600000,1.000000,-0.600000,0.600000,-0.600000,-0.600000,-0.635443,-0.600000,-0.600000,0.600000
991,0.600000,-0.600000,-0.600000,1.000000,-0.600000,-1.000000,-0.600000,0.600000,0.600000,0.600000,0.600000,-0.600000,-0.600000,-0.600000,-0.600000,-0.600000,0.600000,-0.600000,-0.600000,-0.600000,0.557380,0.600000,-0.600000,-0.621416,-0.600000,-0.600000,-0.630792,0.600000,-0.600000,0.600000,0.600000,-0.600000,0.600000,-0.600000,-0.600000,-0.600000,0.600000,-0.600000,-0.600000,0.716323,-0.600000,-0.600000,0.559845,-0.600000,-0.600000,-0.600000,-0.600000,0.589158,-0.600000,-0.621416,-0.600000,-0.600000,0.600000,-0.600000,-0.600000,0.600000,-0.600000,-0.600000,-0.600000,-0.600000,0.600000,0.600000,-0.600000,1.000000,-0.600000,0.600000,-0.600000,-0.600000,-0.635443,-0.600000,-0.600000,0.600000
992,0.600000,-0.600000,-0.600000,1.000000,-0.600000,-1.000000,-0.600000,0.600000,0.600000,0.600000,0.600000,-0.600000,-0.600000,-0.600000,-0.600000,-0.600000,0.600000,-0.600000,-0.600000,-0.600000,0.557380,0.600000,-0.600000,-0.621416,-0.600000,-0.600000,-0.630792,0.600000,-0.600000,0.600000,0.600000,-0.600000,0.600000,-0.600000,-0.600000,-0.600000,0.600000,-0.600000,-0.600000,0.716323,-0.600000,-0.600000,0.559845,-0.600000,-0.600000,-0.600000,-0.600000,0.589158,-0.600000,-0.621416,-0.600000,-0.600000,0.600000,-0.600000,-0.600000,0.600000,-0.600000,-0.600000,-0.600000,-0.600000,0.600000,0.600000,-0.600000,1.000000,-0.600000,0.600000,-0.600000,-0.600000,-0.635443,-0.600000,-0.600000,0.600000
993,0.600000,-0.600000,-0.600000,1.000000,-0.600000,-1.000000,-0.600000,0.600000,0.600000,0.600000,0.600000,-0.600000,-0.600000,-0.600000,-0.600000,-0.600000,0.600000,-0.600000,-0.600000,-0.600000,0.557380,0.600000,-0.600000,-0.621416,-0.600000,-0.600000,-0.630792,0.600000,-0.600000,0.600000,0.600000,-0.600000,0.600000,-0.600000,-0.600000,-0.600000,0.600000,-0.600000,-0.600000,0.716323,-0.600000,-0.600000,0.559845,-0.600000,-0.600000,-0.600000,-0.600000,0.589158,-0.600000,-0.621416,-0.600000,-0.600000,0.600000,-0.600000,-0.600000,0.600000,-0.600000,-0.600000,-0.600000,-0.600000,0.600000,0.600000,-0.600000,1.000000,-0.600000,0.600000,-0.600000,-0.600000,-0.635443,-0.600000,-0.600000,0.600000
994,0.600000,-0.600000,-0.600000,1.000000,-0.600000,-1.000000,-0.600000,0.600000,0.600000,0.600000,0.600000,-0.600000,-0.600000,-0.600000,-0.600000,-0.600000,0.600000,-0.600000,-0.600000,-0.600000,0.557380,0.600000,-0.600000,-0.621416,-0.600000,-0.600000,-0.630792,0.600000,-0.600000,0.600000,0.600000,-0.600000,0.600000,-0.600000,-0.600000,-0.600000,0.600000,-0.600000,-0.600000,0.716323,-0.600000,-0.600000,0.559845,-0.600000,-0.600000,-0.600000,-0.600000,0.589158,-0.600000,-0.621416,-0.600000,-0.600000,0.600000,-0.600000,-0.600000,0.600000,-0.600000,-0.600000,-0.600000,-0.600000,0.600000,0.600000,-0.600000,1.000000,-0.600000,0.600000,-0.600000,-0.600000,-0.635443,-0.600000,-0.600000,0.600000
995,0.600000,-0.600000,-0.600000,1.000000,-0.600000,-1.000000,-0.600000,0.600000,0.600000,0.600000,0.600000,-0.600000,-0.600000,-0.600000,-0.600000,-0.600000,0.600000,-0.600000,-0.600000,-0.600000,0.557380,0.600000,-0.600000,-0.621416,-0.600000,-0.600000,-0.630792,0.600000,-0.600000,0.600000,0.600000,-0.600000,0.600000,-0.600000,-0.600000,-0.600000,0.600000,-0.600000,-0.600000,0.716323,-0.600000,-0.600000,0.559845,-0.600000,-0.600000,-0.600000,-0.600000,0.589158,-0.600000,-0.621416,-0.600000,-0.600000,0.600000,-0.600000,-0.600000,0.600000,-0.600000,-0.600000,-0.600000,-0.600000,0.600000,0.600000,-0.600000,1.000000,-0.600000,0.600000,-0.600000,-0.600000,-0.635443,-0.600000,-0.600000,0.600000
996,0.600000,-0.600000,-0.600000,1.000000,-0.600000,-1.000000,-0.600000,0.600000,0.600000,0.600000,0.600000,-0.600000,-0.600000,-0.600000,-0.600000,-0.600000,0.600000,-0.600000,-0.600000,-0.600000,0.557380,0.600000,-0.600000,-0.621416,-0.600000,-0.600000,-0.630792,0.600000,-0.600000,0.600000,0.600000,-0.600000,0.600000,-0.600000,-0.600000,-0.600000,0.600000,-0.600000,-0.600000,0.716323,-0.600000,-0.600000,0.559845,-0.600000,-0.600000,-0.600000,-0.600000,0.589158,-0.600000,-0.621416,-0.600000,-0.600000,0.600000,-0.600000,-0.600000,0.600000,-0.600000,-0.600000,-0.600000,-0.600000,0.600000,0.600000,-0.600000,1.000000,-0.600000,0.600000,-0.600000,-0.600000,-0.635443,-0.600000,-0.600000,0.600000
997,0.600000,-0.600000,-0.600000,1.000000,-0.600000,-1.000000,-0.600000,0.600000,0.600000,0.600000,0.600000,-0.600000,-0.600000,-0.600000,-0.600000,-0.600000,0.600000,-0.600000,-0.600000,-0.600000,0.557380,0.600000,-0.600000,-0.621416,-0.600000,-0.600000,-0.630792,0.600000,-0.600000,0.600000,0.600000,-0.600000,0.600000,-0.600000,-0.600000,-0.600000,0.600000,-0.600000,-0.600000,0.716323,-0.600000,-0.600000,0.559845,-0.600000,-0.600000,-0.600000,-0.600000,0.589158,-0.600000,-0.621416,-0.600000,-0.600000,0.600000,-0.600000,-0.600000,0.600000,-0.600000,-0.600000,-0.600000,-0.600000,0.600000,0.600000,-0.600000,1.000000,-0.600000,0.600000,-0.600000,-0.600000,-0.635443,-0.600000,-0.600000,0.600000
998,0.600000,-0.600000,-0.600000,1.000000,-0.600000,-1.000000,-0.600000,0.600000,0.600000,0.600000,0.600000,-0.600000,-0.600000,-0.600000,-0.600000,-0.600000,0.600000,-0.600000,-0.600000,-0.600000,0.557380,0.600000,-0.600000,-0.621416,-0.600000,-0.600000,-0.630792,0.600000,-0.600000,0.600000,0.600000,-0.600000,0.600000,-0.600000,-0.600000,-0.600000,0.600000,-0.600000,-0.600000,0.716323,-0.600000,-0.600000,0.559845,-0.600000,-0.600000,-0.600000,-0.600000,0.589158,-0.600000,-0.621416,-0.600000,-0.600000,0.600000,-0.600000,-0.600000,0.600000,-0.600000,-0.600000,-0.600000,-0.600000,0.600000,0.600000,-0.600000,1.000000,-0.600000,0.600000,-0.600000,-0.600000,-0.635443,-0.600000,-0.600000,0.600000
999,0.600000,-0.600000,-0.600000,1.000000,-0.600000,-1.000000,-0.600000,0.600000,0.600000,0.600000,0.600000,-0.600000,-0.600000,-0.600000,-0.600000,-0.600000,0.600000,-0.600000,-0.600000,-0.600000,0.557380,0.600000,-0.600000,-0.621416,-0.600000,-0.600000,-0.630792,0.600000,-0.600000,0.600000,0.600000,-0.600000,0.600000,-0.600000,-0.600000,-0.600000,0.600000,-0.600000,-0.600000,0.716323,-0.600000,-0.600000,0.559845,-0.600000,-0.600000,-0.600000,-0.600000,0.589158,-0.600000,-0.621416,-0.600000,-0.600000,0.600000,-0.600000,-0.600000,0.600000,-0.600000,-0.600000,-0.600000,-0.600000,0.600000,0.600000,-0.600000,1.000000,-0.600000,0.600000,-0.600000,-0.600000,-0.635443,-0.600000,-0.600000,0.600000
1000,0.600000,-0.600000,-0.600000,1.000000,-0.600000,-1.000000,-0.600000,0.600000,0.600000,0.600000,0.600000,-0.600000,-0.600000,-0.600000,-0.600000,-0.600000,0.600000,-0.600000,-0.600000,-0.600000,0.557380,0.600000,-0.600000,-0.621416,-0.600000,-0.600000,-0.630792,0.600000,-0.600000,0.600000,0.600000,-0.600000,0.600000,-0.600000,-0.600000,-0.600000,0.600000,-0.600000,-0.600000,0.716323,-0.600000,-0.600000,0.559845,-0.600000,-0.600000,-0.600000,-0.600000,0.589158,-0.600000,-0.621416,-0.600000,-0.600000,0.600000,-0.600000,-0.600000,0.600000,-0.600000,-0.600000,-0.600000,-0.600000,0.600000,0.600000,-0.600000,1.000000,-0.600000,0.600000,-0.600000,-0.600000,-0.635443,-0.600000,-0.600000,0.600000
