tick,conn_0_0,conn_0_1,conn_0_3,conn_0_4,conn_0_5,conn_0_6,conn_0_7,conn_1_0,conn_1_2,conn_1_3,conn_1_4,conn_1_5,conn_1_8,conn_2_0,conn_2_1,conn_2_3,conn_2_7,conn_2_8,conn_2_10,conn_3_1,conn_3_2,conn_3_6,conn_3_8,conn_3_9,conn_3_10,conn_4_0,conn_4_1,conn_4_2,conn_4_4,conn_4_5,conn_4_7,conn_4_8,conn_5_0,conn_5_1,conn_5_3,conn_5_6,conn_5_7,conn_5_9,conn_5_10,conn_6_0,conn_6_1,conn_6_2,conn_6_7,conn_6_8,conn_6_9,conn_6_10,conn_7_1,conn_7_2,conn_7_4,conn_7_6,conn_7_8,conn_7_9,conn_8_0,conn_8_4,conn_8_5,conn_8_6,conn_8_7,conn_8_8,conn_8_9,conn_8_10,conn_9_0,conn_9_2,conn_9_4,conn_9_7,conn_9_8,conn_9_9,conn_9_10,conn_10_0,conn_10_2,conn_10_3,conn_10_7,conn_10_8
0,-0.600000,-0.600000,0.600000,-0.600000,1.000000,-0.600000,-0.600000,0.600000,0.600000,-0.600000,0.600000,-0.600000,0.600000,0.600000,-0.600000,-0.600000,-0.600000,-0.600000,-0.600000,-0.600000,0.600000,-0.600000,-0.600000,-0.600000,-0.600000,0.600000,-0.600000,0.600000,0.600000,0.600000,-0.600000,-0.600000,-0.600000,-0.600000,-0.600000,-0.600000,-0.600000,-0.600000,-0.600000,-0.600000,-0.600000,0.600000,0.600000,-0.600000,0.600000,-0.600000,-0.600000,0.600000,-0.600000,-0.600000,0.600000,-0.600000,0.600000,-0.600000,-0.600000,-0.600000,-0.600000,-0.600000,0.600000,-0.600000,0.600000,0.600000,-0.600000,-0.600000,-0.600000,0.600000,0.600000,-0.600000,-0.600000,-0.600000,-0.600000,0.600000
1,-0.600000,-0.600000,0.600000,-0.600000,1.000000,-0.600000,-0.600000,0.600000,0.600000,-0.600000,0.600000,-0.600000,0.600000,0.600000,-0.600000,-0.600000,-0.600000,-0.600000,-0.600000,-0.600000,0.600000,-0.600000,-0.600000,-0.600000,-0.600000,0.600000,-0.600000,0.600000,0.600000,0.600000,-0.600000,-0.600000,-0.600000,-0.600000,-0.600000,-0.600000,-0.600000,-0.600000,-0.600000,-0.600000,-0.600000,0.600000,0.600000,-0.600000,0.600000,-0.600000,-0.600000,0.609570,-0.600000,-0.600000,0.600000,-0.600000,0.600000,-0.600000,-0.600000,-0.600000,-0.600000,-0.600000,0.600000,-0.600000,0.600000,0.600000,-0.600000,-0.600000,-0.600000,0.600000,0.600000,-0.600000,-0.600000,-0.600000,-0.600000,0.619058
2,-0.600000,-0.600000,0.600000,-0.600000,1.000000,-0.600000,-0.600000,0.600000,0.600000,-0.600000,0.600000,-0.600000,0.600000,0.600000,-0.600000,-0.600000,-0.600000,-0.600000,-0.600000,-0.600000,0.600000,-0.600000,-0.600000,-0.600000,-0.600000,0.600000,-0.600000,0.600000,0.589158,0.600000,-0.600000,-0.600000,-0.600000,-0.600000,-0.600000,-0.600000,-0.600000,-0.600000,-0.600000,-0.600000,-0.600000,0.600000,0.600000,-0.600000,0.600000,-0.600000,-0.600000,0.609570,-0.600000,-0.600000,0.600000,-0.600000,0.600000,-0.600000,-0.600000,-0.600000,-0.600000,-0.600000,0.600000,-0.600000,0.600000,0.600000,-0.600000,-0.600000,-0.600000,0.600000,0.600000,-0.600000,-0.600000,-0.600000,-0.600000,0.644671
3,-0.600000,-0.600000,0.600000,-0.600000,1.000000,-0.600000,-0.600000,0.600000,0.600000,-0.600000,0.600000,-0.600000,0.600000,0.600000,-0.600000,-0.600000,-0.600000,-0.600000,-0.600000,-0.600000,0.600000,-0.600000,-0.600000,-0.619058,-0.600000,0.600000,-0.600000,0.600000,0.581881,0.600000,-0.600000,-0.600000,-0.597599,-0.600000,-0.600000,-0.600000,-0.600000,-0.600000,-0.600000,-0.600000,-0.600000,0.600000,0.600000,-0.600000,0.600000,-0.600000,-0.600000,0.609570,-0.600000,-0.600000,0.604795,-0.600000,0.600000,-0.600000,-0.600000,-0.600000,-0.600000,-0.600000,0.600000,-0.600000,0.600000,0.600000,-0.600000,-0.600000,-0.600000,0.600000,0.600000,-0.600000,-0.600000,-0.600000,-0.600000,0.676104
4,-0.600000,-0.600000,0.600000,-0.600000,1.000000,-0.600000,-0.600000,0.600000,0.600000,-0.600000,0.600000,-0.600000,0.600000,0.600000,-0.600000,-0.600000,-0.600000,-0.600000,-0.600000,-0.600000,0.600000,-0.600000,-0.600000,-0.640070,-0.600000,0.600000,-0.600000,0.600000,0.581881,0.600000,-0.600000,-0.600000,-0.595193,-0.600000,-0.600000,-0.600000,-0.600000,-0.600000,-0.600000,-0.600000,-0.600000,0.600000,0.600000,-0.600000,0.600000,-0.600000,-0.600000,0.611950,-0.600000,-0.600000,0.609570,-0.600000,0.600000,-0.600000,-0.600000,-0.600000,-0.600000,-0.600000,0.600000,-0.600000,0.600000,0.600000,-0.600000,-0.600000,-0.600000,0.600000,0.600000,-0.600000,-0.600000,-0.600000,-0.600000,0.689125
5,-0.600000,-0.600000,0.600000,-0.600000,1.000000,-0.600000,-0.600000,0.600000,0.600000,-0.600000,0.600000,-0.600000,0.600000,0.600000,-0.600000,-0.600000,-0.600000,-0.600000,-0.600000,-0.600000,0.600000,-0.600000,-0.600000,-0.656057,-0.600000,0.600000,-0.600000,0.600000,0.580664,0.600000,-0.600000,-0.600000,-0.591575,-0.600000,-0.600000,-0.600000,-0.600000,-0.600000,-0.600000,-0.600000,-0.600000,0.600000,0.600000,-0.600000,0.600000,-0.600000,-0.600000,0.616694,-0.600000,-0.600000,0.616694,-0.600000,0.600000,-0.600000,-0.600000,-0.600000,-0.600000,-0.600000,0.600000,-0.600000,0.600000,0.600000,-0.600000,-0.600000,-0.600000,0.600000,0.600000,-0.600000,-0.600000,-0.600000,-0.600000,0.699755
6,-0.600000,-0.600000,0.600000,-0.600000,1.000000,-0.600000,-0.600000,0.600000,0.600000,-0.600000,0.600000,-0.600000,0.600000,0.600000,-0.600000,-0.600000,-0.600000,-0.600000,-0.600000,-0.600000,0.600000,-0.600000,-0.600000,-0.673906,-0.600000,0.600000,-0.600000,0.600000,0.577009,0.600000,-0.600000,-0.600000,-0.585524,-0.600000,-0.600000,-0.600000,-0.600000,-0.600000,-0.600000,-0.600000,-0.600000,0.600000,0.600000,-0.600000,0.600000,-0.600000,-0.600000,0.623769,-0.600000,-0.600000,0.628457,-0.600000,0.600000,-0.600000,-0.600000,-0.600000,-0.600000,-0.600000,0.600000,-0.600000,0.600000,0.600000,-0.600000,-0.600000,-0.600000,0.600000,0.600000,-0.600000,-0.600000,-0.600000,-0.600000,0.710175
7,-0.600000,-0.600000,0.600000,-0.600000,1.000000,-0.600000,-0.600000,0.600000,0.600000,-0.600000,0.600000,-0.600000,0.600000,0.600000,-0.600000,-0.600000,-0.600000,-0.600000,-0.600000,-0.600000,0.600000,-0.600000,-0.600000,-0.676104,-0.600000,0.600000,-0.600000,0.600000,0.573345,0.600000,-0.600000,-0.600000,-0.583096,-0.600000,-0.600000,-0.600000,-0.600000,-0.600000,-0.600000,-0.600000,-0.600000,0.600000,0.600000,-0.600000,0.600000,-0.600000,-0.600000,0.628457,-0.600000,-0.600000,0.633121,-0.600000,0.600000,-0.600000,-0.600000,-0.600000,-0.600000,-0.600000,0.600000,-0.600000,0.600000,0.600000,-0.600000,-0.600000,-0.600000,0.600000,0.600000,-0.600000,-0.600000,-0.600000,-0.600000,0.728382
8,-0.600000,-0.600000,0.600000,-0.600000,1.000000,-0.600000,-0.600000,0.600000,0.600000,-0.600000,0.600000,-0.600000,0.600000,0.600000,-0.600000,-0.600000,-0.600000,-0.600000,-0.600000,-0.600000,0.600000,-0.600000,-0.600000,-0.676104,-0.600000,0.600000,-0.600000,0.600000,0.569673,0.600000,-0.600000,-0.600000,-0.568448,-0.600000,-0.600000,-0.600000,-0.600000,-0.600000,-0.600000,-0.600000,-0.600000,0.600000,0.600000,-0.600000,0.600000,-0.600000,-0.600000,0.637760,-0.600000,-0.600000,0.660563,-0.600000,0.600000,-0.600000,-0.600000,-0.600000,-0.600000,-0.600000,0.600000,-0.600000,0.600000,0.600000,-0.600000,-0.600000,-0.600000,0.600000,0.600000,-0.600000,-0.600000,-0.600000,-0.600000,0.732330
9,-0.600000,-0.600000,0.600000,-0.600000,1.000000,-0.600000,-0.600000,0.600000,0.600000,-0.600000,0.600000,-0.600000,0.600000,0.600000,-0.600000,-0.600000,-0.600000,-0.600000,-0.600000,-0.600000,0.600000,-0.600000,-0.600000,-0.676104,-0.600000,0.600000,-0.600000,0.600000,0.569673,0.600000,-0.600000,-0.600000,-0.553677,-0.600000,-0.600000,-0.600000,-0.600000,-0.600000,-0.600000,-0.600000,-0.600000,0.600000,0.600000,-0.600000,0.600000,-0.600000,-0.600000,0.646962,-0.600000,-0.600000,0.686975,-0.600000,0.600000,-0.600000,-0.600000,-0.600000,-0.600000,-0.600000,0.600000,-0.600000,0.600000,0.600000,-0.600000,-0.600000,-0.600000,0.600000,0.600000,-0.600000,-0.600000,-0.600000,-0.600000,0.738183
10,-0.600000,-0.600000,0.600000,-0.600000,1.000000,-0.600000,-0.600000,0.600000,0.600000,-0.600000,0.600000,-0.600000,0.600000,0.600000,-0.600000,-0.600000,-0.600000,-0.600000,-0.600000,-0.600000,0.600000,-0.600000,-0.600000,-0.676104,-0.600000,0.600000,-0.600000,0.600000,0.569673,0.600000,-0.600000,-0.600000,-0.537567,-0.600000,-0.600000,-0.600000,-0.600000,-0.600000,-0.600000,-0.600000,-0.600000,0.600000,0.600000,-0.600000,0.600000,-0.600000,-0.600000,0.651523,-0.600000,-0.600000,0.714282,-0.600000,0.600000,-0.600000,-0.600000,-0.600000,-0.600000,-0.600000,0.600000,-0.600000,0.600000,0.600000,-0.600000,-0.600000,-0.600000,0.600000,0.600000,-0.600000,-0.600000,-0.600000,-0.600000,0.755242
11,-0.600000,-0.600000,0.600000,-0.600000,1.000000,-0.600000,-0.600000,0.600000,0.600000,-0.600000,0.600000,-0.600000,0.600000,0.600000,-0.600000,-0.600000,-0.600000,-0.600000,-0.600000,-0.600000,0.600000,-0.600000,-0.600000,-0.676104,-0.600000,0.600000,-0.600000,0.600000,0.567221,0.600000,-0.600000,-0.600000,-0.523872,-0.600000,-0.600000,-0.600000,-0.600000,-0.600000,-0.600000,-0.600000,-0.600000,0.600000,0.600000,-0.600000,0.600000,-0.600000,-0.600000,0.660563,-0.600000,-0.600000,0.736241,-0.600000,0.600000,-0.600000,-0.600000,-0.600000,-0.600000,-0.600000,0.600000,-0.600000,0.600000,0.600000,-0.600000,-0.600000,-0.600000,0.600000,0.600000,-0.600000,-0.600000,-0.600000,-0.600000,0.762579
12,-0.600000,-0.600000,0.600000,-0.600000,1.000000,-0.600000,-0.600000,0.600000,0.600000,-0.600000,0.600000,-0.600000,0.600000,0.600000,-0.600000,-0.600000,-0.600000,-0.600000,-0.600000,-0.600000,0.600000,-0.600000,-0.600000,-0.676104,-0.600000,0.600000,-0.600000,0.600000,0.567221,0.600000,-0.600000,-0.600000,-0.516385,-0.600000,-0.600000,-0.600000,-0.600000,-0.600000,-0.600000,-0.600000,-0.600000,0.600000,0.600000,-0.600000,0.600000,-0.600000,-0.600000,0.662805,-0.600000,-0.600000,0.747754,-0.600000,0.600000,-0.600000,-0.600000,-0.600000,-0.600000,-0.600000,0.600000,-0.600000,0.600000,0.600000,-0.600000,-0.600000,-0.600000,0.600000,0.600000,-0.600000,-0.600000,-0.600000,-0.600000,0.776796
13,-0.600000,-0.600000,0.600000,-0.600000,1.000000,-0.600000,-0.600000,0.600000,0.600000,-0.600000,0.600000,-0.600000,0.600000,0.600000,-0.600000,-0.600000,-0.600000,-0.600000,-0.600000,-0.600000,0.600000,-0.600000,-0.600000,-0.676104,-0.600000,0.600000,-0.600000,0.600000,0.565994,0.600000,-0.600000,-0.600000,-0.503892,-0.600000,-0.600000,-0.600000,-0.600000,-0.600000,-0.600000,-0.600000,-0.600000,0.600000,0.600000,-0.600000,0.600000,-0.600000,-0.600000,0.662805,-0.600000,-0.600000,0.766191,-0.600000,0.600000,-0.600000,-0.600000,-0.600000,-0.600000,-0.600000,0.600000,-0.600000,0.600000,0.600000,-0.600000,-0.600000,-0.600000,0.600000,0.600000,-0.600000,-0.600000,-0.600000,-0.600000,0.798583
14,-0.600000,-0.600000,0.600000,-0.600000,1.000000,-0.600000,-0.600000,0.600000,0.600000,-0.600000,0.600000,-0.600000,0.600000,0.600000,-0.600000,-0.600000,-0.600000,-0.600000,-0.600000,-0.600000,0.600000,-0.600000,-0.600000,-0.676104,-0.600000,0.600000,-0.600000,0.600000,0.565994,0.600000,-0.600000,-0.600000,-0.495142,-0.600000,-0.600000,-0.600000,-0.600000,-0.600000,-0.600000,-0.600000,-0.600000,0.600000,0.600000,-0.600000,0.600000,-0.600000,-0.600000,0.665040,-0.600000,-0.600000,0.778529,-0.600000,0.600000,-0.600000,-0.600000,-0.600000,-0.600000,-0.600000,0.600000,-0.600000,0.600000,0.600000,-0.600000,-0.600000,-0.600000,0.600000,0.600000,-0.600000,-0.600000,-0.600000,-0.600000,0.809641
15,-0.600000,-0.600000,0.600000,-0.600000,1.000000,-0.600000,-0.600000,0.600000,0.600000,-0.600000,0.600000,-0.600000,0.600000,0.600000,-0.600000,-0.600000,-0.600000,-0.600000,-0.600000,-0.600000,0.600000,-0.600000,-0.600000,-0.676104,-0.600000,0.600000,-0.600000,0.600000,0.562307,0.600000,-0.600000,-0.600000,-0.476408,-0.600000,-0.600000,-0.600000,-0.600000,-0.600000,-0.600000,-0.600000,-0.600000,0.600000,0.600000,-0.600000,0.600000,-0.600000,-0.600000,0.673906,-0.600000,-0.600000,0.803380,-0.600000,0.600000,-0.600000,-0.600000,-0.600000,-0.600000,-0.600000,0.600000,-0.600000,0.600000,0.600000,-0.600000,-0.600000,-0.600000,0.600000,0.600000,-0.600000,-0.600000,-0.600000,-0.600000,0.815748
16,-0.600000,-0.600000,0.600000,-0.600000,1.000000,-0.600000,-0.600000,0.600000,0.600000,-0.600000,0.600000,-0.600000,0.600000,0.600000,-0.600000,-0.600000,-0.600000,-0.600000,-0.600000,-0.600000,0.600000,-0.600000,-0.600000,-0.676104,-0.600000,0.600000,-0.600000,0.600000,0.562307,0.600000,-0.600000,-0.600000,-0.462708,-0.600000,-0.600000,-0.600000,-0.600000,-0.600000,-0.600000,-0.600000,-0.600000,0.600000,0.600000,-0.600000,0.600000,-0.600000,-0.600000,0.682650,-0.600000,-0.600000,0.820229,-0.600000,0.600000,-0.600000,-0.600000,-0.600000,-0.600000,-0.600000,0.600000,-0.600000,0.600000,0.600000,-0.600000,-0.600000,-0.600000,0.600000,0.600000,-0.600000,-0.600000,-0.600000,-0.600000,0.818745
17,-0.600000,-0.600000,0.600000,-0.600000,1.000000,-0.600000,-0.600000,0.600000,0.600000,-0.600000,0.600000,-0.600000,0.600000,0.600000,-0.600000,-0.600000,-0.600000,-0.600000,-0.600000,-0.600000,0.600000,-0.600000,-0.600000,-0.676104,-0.600000,0.600000,-0.600000,0.600000,0.562307,0.600000,-0.600000,-0.600000,-0.446589,-0.600000,-0.600000,-0.600000,-0.600000,-0.600000,-0.600000,-0.600000,-0.600000,0.600000,0.600000,-0.600000,0.600000,-0.600000,-0.600000,0.684816,-0.600000,-0.600000,0.838665,-0.600000,0.600000,-0.600000,-0.600000,-0.600000,-0.600000,-0.600000,0.600000,-0.600000,0.600000,0.600000,-0.600000,-0.600000,-0.600000,0.600000,0.600000,-0.600000,-0.600000,-0.600000,-0.600000,0.834551
18,-0.600000,-0.600000,0.600000,-0.600000,1.000000,-0.600000,-0.600000,0.600000,0.600000,-0.600000,0.600000,-0.600000,0.600000,0.600000,-0.600000,-0.600000,-0.600000,-0.600000,-0.600000,-0.600000,0.600000,-0.600000,-0.600000,-0.676104,-0.600000,0.600000,-0.600000,0.600000,0.552441,0.600000,-0.600000,-0.600000,-0.445354,-0.600000,-0.600000,-0.600000,-0.600000,-0.600000,-0.600000,-0.600000,-0.600000,0.600000,0.600000,-0.600000,0.600000,-0.600000,-0.600000,0.686975,-0.600000,-0.600000,0.840018,-0.600000,0.600000,-0.600000,-0.600000,-0.600000,-0.600000,-0.600000,0.600000,-0.600000,0.600000,0.600000,-0.600000,-0.600000,-0.600000,0.600000,0.600000,-0.600000,-0.600000,-0.600000,-0.600000,0.849234
19,-0.600000,-0.600000,0.600000,-0.600000,1.000000,-0.600000,-0.600000,0.600000,0.600000,-0.600000,0.600000,-0.600000,0.600000,0.600000,-0.600000,-0.600000,-0.600000,-0.600000,-0.600000,-0.600000,0.600000,-0.600000,-0.600000,-0.689125,-0.600000,0.600000,-0.600000,0.600000,0.545015,0.600000,-0.600000,-0.600000,-0.444119,-0.600000,-0.600000,-0.600000,-0.600000,-0.600000,-0.600000,-0.600000,-0.600000,0.600000,0.600000,-0.600000,0.600000,-0.600000,-0.600000,0.686975,-0.600000,-0.600000,0.841362,-0.600000,0.600000,-0.600000,-0.600000,-0.600000,-0.600000,-0.600000,0.600000,-0.600000,0.600000,0.600000,-0.600000,-0.600000,-0.600000,0.600000,0.600000,-0.600000,-0.600000,-0.600000,-0.600000,0.867513
20,-0.600000,-0.600000,0.600000,-0.600000,1.000000,-0.600000,-0.600000,0.600000,0.600000,-0.600000,0.600000,-0.600000,0.600000,0.600000,-0.600000,-0.600000,-0.600000,-0.600000,-0.600000,-0.600000,0.600000,-0.600000,-0.600000,-0.691267,-0.600000,0.600000,-0.600000,0.600000,0.545015,0.600000,-0.600000,-0.600000,-0.433035,-0.600000,-0.600000,-0.600000,-0.600000,-0.600000,-0.600000,-0.626116,-0.600000,0.600000,0.600000,-0.600000,0.600000,-0.600000,-0.600000,0.708108,-0.600000,-0.600000,0.853048,-0.600000,0.600000,-0.600000,-0.600000,-0.600000,-0.600000,-0.600000,0.600000,-0.600000,0.600000,0.600000,-0.600000,-0.600000,-0.600000,0.600000,0.600000,-0.600000,-0.600000,-0.600000,-0.600000,0.868662
21,-0.600000,-0.600000,0.600000,-0.600000,1.000000,-0.600000,-0.600000,0.600000,0.600000,-0.600000,0.600000,-0.600000,0.600000,0.600000,-0.600000,-0.600000,-0.600000,-0.600000,-0.600000,-0.600000,0.600000,-0.600000,-0.600000,-0.691267,-0.600000,0.600000,-0.600000,0.600000,0.545015,0.600000,-0.600000,-0.600000,-0.418362,-0.600000,-0.600000,-0.600000,-0.600000,-0.600000,-0.600000,-0.653794,-0.600000,0.600000,0.600000,-0.600000,0.600000,-0.600000,-0.600000,0.730360,-0.600000,-0.600000,0.867513,-0.600000,0.600000,-0.600000,-0.600000,-0.600000,-0.600000,-0.600000,0.600000,-0.600000,0.600000,0.600000,-0.600000,-0.600000,-0.600000,0.600000,0.600000,-0.600000,-0.600000,-0.600000,-0.600000,0.868662
22,-0.600000,-0.600000,0.600000,-0.600000,1.000000,-0.600000,-0.600000,0.600000,0.600000,-0.600000,0.600000,-0.600000,0.600000,0.600000,-0.600000,-0.600000,-0.600000,-0.600000,-0.600000,-0.600000,0.600000,-0.600000,-0.600000,-0.691267,-0.600000,0.600000,-0.600000,0.600000,0.545015,0.600000,-0.600000,-0.600000,-0.405036,-0.600000,-0.600000,-0.600000,-0.600000,-0.600000,-0.600000,-0.680475,-0.600000,0.600000,0.600000,-0.600000,0.600000,-0.600000,-0.600000,0.751517,-0.600000,-0.600000,0.879696,-0.600000,0.600000,-0.600000,-0.600000,-0.600000,-0.600000,-0.600000,0.600000,-0.600000,0.600000,0.600000,-0.600000,-0.600000,-0.600000,0.600000,0.600000,-0.600000,-0.600000,-0.600000,-0.600000,0.868662
23,-0.600000,-0.600000,0.600000,-0.600000,1.000000,-0.600000,-0.600000,0.600000,0.600000,-0.600000,0.600000,-0.600000,0.600000,0.600000,-0.600000,-0.600000,-0.600000,-0.600000,-0.600000,-0.600000,0.600000,-0.600000,-0.600000,-0.693401,-0.600000,0.600000,-0.600000,0.600000,0.545015,0.600000,-0.600000,-0.600000,-0.395430,-0.600000,-0.600000,-0.600000,-0.600000,-0.600000,-0.600000,-0.706032,-0.600000,0.600000,0.600000,-0.600000,0.600000,-0.600000,-0.600000,0.769764,-0.600000,-0.600000,0.887940,-0.600000,0.600000,-0.600000,-0.600000,-0.600000,-0.600000,-0.600000,0.600000,-0.600000,0.600000,0.600000,-0.600000,-0.600000,-0.600000,0.600000,0.600000,-0.600000,-0.600000,-0.600000,-0.600000,0.869803
24,-0.600000,-0.600000,0.600000,-0.600000,1.000000,-0.600000,-0.600000,0.600000,0.600000,-0.600000,0.600000,-0.600000,0.600000,0.600000,-0.600000,-0.600000,-0.600000,-0.600000,-0.600000,-0.600000,0.600000,-0.600000,-0.600000,-0.693401,-0.600000,0.600000,-0.600000,0.600000,0.545015,0.600000,-0.600000,-0.600000,-0.383535,-0.600000,-0.600000,-0.600000,-0.600000,-0.600000,-0.600000,-0.730360,-0.600000,0.600000,0.600000,-0.600000,0.600000,-0.600000,-0.600000,0.788730,-0.600000,-0.600000,0.897547,-0.600000,0.600000,-0.600000,-0.600000,-0.600000,-0.600000,-0.600000,0.600000,-0.600000,0.600000,0.600000,-0.600000,-0.600000,-0.600000,0.600000,0.600000,-0.600000,-0.600000,-0.600000,-0.600000,0.869803
25,-0.600000,-0.600000,0.600000,-0.600000,1.000000,-0.600000,-0.600000,0.600000,0.600000,-0.600000,0.600000,-0.600000,0.600000,0.600000,-0.600000,-0.600000,-0.600000,-0.600000,-0.600000,-0.600000,0.600000,-0.600000,-0.600000,-0.693401,-0.600000,0.600000,-0.600000,0.600000,0.545015,0.600000,-0.600000,-0.600000,-0.371777,-0.600000,-0.600000,-0.600000,-0.600000,-0.600000,-0.600000,-0.753384,-0.600000,0.600000,0.600000,-0.600000,0.600000,-0.600000,-0.600000,0.808090,-0.600000,-0.600000,0.906418,-0.600000,0.600000,-0.600000,-0.600000,-0.600000,-0.600000,-0.600000,0.600000,-0.600000,0.600000,0.600000,-0.600000,-0.600000,-0.600000,0.600000,0.600000,-0.600000,-0.600000,-0.600000,-0.600000,0.869803
26,-0.600000,-0.600000,0.600000,-0.600000,1.000000,-0.600000,-0.600000,0.600000,0.600000,-0.600000,0.600000,-0.600000,0.600000,0.600000,-0.600000,-0.600000,-0.600000,-0.600000,-0.600000,-0.600000,0.600000,-0.600000,-0.600000,-0.693401,-0.600000,0.600000,-0.600000,0.600000,0.545015,0.600000,-0.600000,-0.600000,-0.361322,-0.600000,-0.600000,-0.600000,-0.600000,-0.600000,-0.600000,-0.775052,-0.600000,0.600000,0.600000,-0.600000,0.600000,-0.600000,-0.600000,0.824624,-0.600000,-0.600000,0.913807,-0.600000,0.600000,-0.600000,-0.600000,-0.600000,-0.600000,-0.600000,0.600000,-0.600000,0.600000,0.600000,-0.600000,-0.600000,-0.600000,0.600000,0.600000,-0.600000,-0.600000,-0.600000,-0.600000,0.869803
27,-0.600000,-0.600000,0.600000,-0.600000,1.000000,-0.600000,-0.600000,0.600000,0.600000,-0.600000,0.600000,-0.600000,0.600000,0.600000,-0.600000,-0.600000,-0.600000,-0.600000,-0.600000,-0.600000,0.600000,-0.600000,-0.600000,-0.693401,-0.600000,0.600000,-0.600000,0.600000,0.545015,0.600000,-0.600000,-0.600000,-0.348720,-0.600000,-0.600000,-0.600000,-0.600000,-0.600000,-0.600000,-0.795338,-0.600000,0.600000,0.600000,-0.600000,0.600000,-0.600000,-0.600000,0.841362,-0.600000,-0.600000,0.922119,-0.600000,0.600000,-0.600000,-0.600000,-0.600000,-0.600000,-0.600000,0.600000,-0.600000,0.600000,0.600000,-0.600000,-0.600000,-0.600000,0.600000,0.600000,-0.600000,-0.600000,-0.600000,-0.600000,0.869803
28,-0.600000,-0.600000,0.600000,-0.600000,1.000000,-0.600000,-0.600000,0.600000,0.600000,-0.600000,0.600000,-0.600000,0.600000,0.600000,-0.600000,-0.600000,-0.600000,-0.600000,-0.600000,-0.600000,0.600000,-0.600000,-0.600000,-0.693401,-0.600000,0.600000,-0.600000,0.600000,0.545015,0.600000,-0.600000,-0.600000,-0.343059,-0.600000,-0.600000,-0.600000,-0.600000,-0.600000,-0.600000,-0.814236,-0.600000,0.600000,0.600000,-0.600000,0.600000,-0.600000,-0.600000,0.855546,-0.600000,-0.600000,0.925650,-0.600000,0.600000,-0.600000,-0.600000,-0.600000,-0.600000,-0.600000,0.600000,-0.600000,0.600000,0.600000,-0.600000,-0.600000,-0.600000,0.600000,0.600000,-0.600000,-0.600000,-0.600000,-0.600000,0.873175
29,-0.600000,-0.600000,0.600000,-0.600000,1.000000,-0.600000,-0.600000,0.600000,0.600000,-0.600000,0.600000,-0.600000,0.600000,0.600000,-0.600000,-0.600000,-0.600000,-0.600000,-0.600000,-0.600000,0.600000,-0.600000,-0.600000,-0.693401,-0.600000,0.600000,-0.600000,0.600000,0.545015,0.600000,-0.600000,-0.600000,-0.337443,-0.600000,-0.600000,-0.600000,-0.600000,-0.600000,-0.600000,-0.831761,-0.600000,0.600000,0.600000,-0.600000,0.600000,-0.600000,-0.600000,0.869803,-0.600000,-0.600000,0.929033,-0.600000,0.600000,-0.600000,-0.600000,-0.600000,-0.600000,-0.600000,0.600000,-0.600000,0.600000,0.600000,-0.600000,-0.600000,-0.600000,0.600000,0.600000,-0.600000,-0.600000,-0.600000,-0.600000,0.876473
30,-0.600000,-0.600000,0.600000,-0.600000,1.000000,-0.600000,-0.600000,0.600000,0.600000,-0.600000,0.600000,-0.600000,0.600000,0.600000,-0.600000,-0.600000,-0.600000,-0.600000,-0.600000,-0.600000,0.600000,-0.600000,-0.600000,-0.693401,-0.600000,0.600000,-0.600000,0.600000,0.545015,0.600000,-0.600000,-0.600000,-0.325248,-0.600000,-0.600000,-0.600000,-0.600000,-0.600000,-0.600000,-0.847945,-0.600000,0.600000,0.600000,-0.600000,0.600000,-0.600000,-0.600000,0.880755,-0.600000,-0.600000,0.935980,-0.600000,0.600000,-0.600000,-0.600000,-0.600000,-0.600000,-0.600000,0.600000,-0.600000,0.600000,0.600000,-0.600000,-0.600000,-0.600000,0.600000,0.600000,-0.600000,-0.600000,-0.600000,-0.600000,0.876473
31,-0.600000,-0.600000,0.600000,-0.600000,1.000000,-0.600000,-0.600000,0.600000,0.600000,-0.600000,0.600000,-0.600000,0.600000,0.600000,-0.600000,-0.600000,-0.600000,-0.600000,-0.600000,-0.600000,0.600000,-0.600000,-0.600000,-0.693401,-0.600000,0.600000,-0.600000,0.600000,0.545015,0.600000,-0.600000,-0.600000,-0.314362,-0.600000,-0.600000,-0.600000,-0.600000,-0.600000,-0.600000,-0.862830,-0.600000,0.600000,0.600000,-0.600000,0.600000,-0.600000,-0.600000,0.892838,-0.600000,-0.600000,0.941742,-0.600000,0.600000,-0.600000,-0.600000,-0.600000,-0.600000,-0.600000,0.600000,-0.600000,0.600000,0.600000,-0.600000,-0.600000,-0.600000,0.600000,0.600000,-0.600000,-0.600000,-0.600000,-0.600000,0.876473
32,-0.600000,-0.600000,0.600000,-0.600000,1.000000,-0.600000,-0.600000,0.600000,0.600000,-0.600000,0.600000,-0.600000,0.600000,0.600000,-0.600000,-0.600000,-0.600000,-0.600000,-0.600000,-0.600000,0.600000,-0.600000,-0.600000,-0.695527,-0.600000,0.600000,-0.600000,0.600000,0.545015,0.600000,-0.600000,-0.600000,-0.302619,-0.600000,-0.600000,-0.600000,-0.600000,-0.600000,-0.600000,-0.877555,-0.600000,0.600000,0.600000,-0.600000,0.600000,-0.600000,-0.600000,0.903832,-0.600000,-0.600000,0.947516,-0.600000,0.600000,-0.600000,-0.600000,-0.600000,-0.600000,-0.600000,0.600000,-0.600000,0.600000,0.600000,-0.600000,-0.600000,-0.600000,0.600000,0.600000,-0.600000,-0.600000,-0.600000,-0.600000,0.877555
33,-0.600000,-0.600000,0.600000,-0.600000,1.000000,-0.600000,-0.600000,0.600000,0.600000,-0.600000,0.600000,-0.600000,0.600000,0.600000,-0.600000,-0.600000,-0.600000,-0.600000,-0.600000,-0.600000,0.600000,-0.600000,-0.600000,-0.695527,-0.600000,0.600000,-0.600000,0.600000,0.545015,0.600000,-0.600000,-0.600000,-0.294237,-0.600000,-0.600000,-0.600000,-0.600000,-0.600000,-0.600000,-0.889922,-0.600000,0.600000,0.600000,-0.600000,0.600000,-0.600000,-0.600000,0.913807,-0.600000,-0.600000,0.951372,-0.600000,0.600000,-0.600000,-0.600000,-0.600000,-0.600000,-0.600000,0.600000,-0.600000,0.600000,0.600000,-0.600000,-0.600000,-0.600000,0.600000,0.600000,-0.600000,-0.600000,-0.600000,-0.600000,0.878630
34,-0.600000,-0.600000,0.600000,-0.600000,1.000000,-0.600000,-0.600000,0.600000,0.600000,-0.600000,0.600000,-0.600000,0.600000,0.600000,-0.600000,-0.600000,-0.600000,-0.600000,-0.600000,-0.600000,0.600000,-0.600000,-0.600000,-0.697645,-0.600000,0.600000,-0.600000,0.600000,0.545015,0.600000,-0.600000,-0.600000,-0.283951,-0.600000,-0.600000,-0.600000,-0.600000,-0.600000,-0.600000,-0.901182,-0.600000,0.600000,0.600000,-0.600000,0.600000,-0.600000,-0.600000,0.922119,-0.600000,-0.600000,0.955814,-0.600000,0.600000,-0.600000,-0.600000,-0.600000,-0.600000,-0.600000,0.600000,-0.600000,0.600000,0.600000,-0.600000,-0.600000,-0.600000,0.600000,0.600000,-0.600000,-0.600000,-0.600000,-0.600000,0.879696
35,-0.600000,-0.600000,0.600000,-0.600000,1.000000,-0.600000,-0.600000,0.600000,0.600000,-0.600000,0.600000,-0.600000,0.600000,0.600000,-0.600000,-0.600000,-0.600000,-0.600000,-0.600000,-0.600000,0.600000,-0.600000,-0.600000,-0.697645,-0.600000,0.600000,-0.600000,0.600000,0.545015,0.600000,-0.600000,-0.600000,-0.275880,-0.600000,-0.600000,-0.600000,-0.600000,-0.600000,-0.600000,-0.911405,-0.600000,0.600000,0.600000,-0.600000,0.600000,-0.600000,-0.600000,0.930346,-0.600000,-0.600000,0.959087,-0.600000,0.600000,-0.600000,-0.600000,-0.600000,-0.600000,-0.600000,0.600000,-0.600000,0.600000,0.600000,-0.600000,-0.600000,-0.600000,0.600000,0.600000,-0.600000,-0.600000,-0.600000,-0.600000,0.879696
36,-0.600000,-0.600000,0.600000,-0.600000,1.000000,-0.600000,-0.600000,0.600000,0.600000,-0.600000,0.600000,-0.600000,0.600000,0.600000,-0.600000,-0.600000,-0.600000,-0.600000,-0.600000,-0.600000,0.600000,-0.600000,-0.600000,-0.697645,-0.600000,0.600000,-0.600000,0.600000,0.545015,0.600000,-0.600000,-0.600000,-0.265017,-0.600000,-0.600000,-0.600000,-0.600000,-0.600000,-0.600000,-0.920665,-0.600000,0.600000,0.600000,-0.600000,0.600000,-0.600000,-0.600000,0.937762,-0.600000,-0.600000,0.963210,-0.600000,0.600000,-0.600000,-0.600000,-0.600000,-0.600000,-0.600000,0.600000,-0.600000,0.600000,0.600000,-0.600000,-0.600000,-0.600000,0.600000,0.600000,-0.600000,-0.600000,-0.600000,-0.600000,0.879696
37,-0.600000,-0.600000,0.600000,-0.600000,1.000000,-0.600000,-0.600000,0.600000,0.600000,-0.600000,0.600000,-0.600000,0.600000,0.600000,-0.600000,-0.600000,-0.600000,-0.600000,-0.600000,-0.600000,0.600000,-0.600000,-0.600000,-0.697645,-0.600000,0.600000,-0.600000,0.600000,0.545015,0.600000,-0.600000,-0.600000,-0.255381,-0.600000,-0.600000,-0.600000,-0.600000,-0.600000,-0.600000,-0.929033,-0.600000,0.600000,0.600000,-0.600000,0.600000,-0.600000,-0.600000,0.944437,-0.600000,-0.600000,0.966609,-0.600000,0.600000,-0.600000,-0.600000,-0.600000,-0.600000,-0.600000,0.600000,-0.600000,0.600000,0.600000,-0.600000,-0.600000,-0.600000,0.600000,0.600000,-0.600000,-0.600000,-0.600000,-0.600000,0.879696
38,-0.600000,-0.600000,0.600000,-0.600000,1.000000,-0.600000,-0.600000,0.600000,0.600000,-0.600000,0.600000,-0.600000,0.600000,0.600000,-0.600000,-0.600000,-0.600000,-0.600000,-0.600000,-0.600000,0.600000,-0.600000,-0.600000,-0.697645,-0.600000,0.600000,-0.600000,0.600000,0.545015,0.600000,-0.600000,-0.600000,-0.246908,-0.600000,-0.600000,-0.600000,-0.600000,-0.600000,-0.600000,-0.936580,-0.600000,0.600000,0.600000,-0.600000,0.600000,-0.600000,-0.600000,0.949479,-0.600000,-0.600000,0.969407,-0.600000,0.600000,-0.600000,-0.600000,-0.600000,-0.600000,-0.600000,0.600000,-0.600000,0.600000,0.600000,-0.600000,-0.600000,-0.600000,0.600000,0.600000,-0.600000,-0.600000,-0.600000,-0.600000,0.880755
39,-0.600000,-0.600000,0.600000,-0.600000,1.000000,-0.600000,-0.600000,0.600000,0.600000,-0.600000,0.600000,-0.600000,0.600000,0.600000,-0.600000,-0.600000,-0.600000,-0.600000,-0.600000,-0.600000,0.600000,-0.600000,-0.600000,-0.697645,-0.600000,0.600000,-0.600000,0.600000,0.545015,0.600000,-0.600000,-0.600000,-0.237717,-0.600000,-0.600000,-0.600000,-0.600000,-0.600000,-0.600000,-0.943373,-0.600000,0.600000,0.600000,-0.600000,0.600000,-0.600000,-0.600000,0.954524,-0.600000,-0.600000,0.972251,-0.600000,0.600000,-0.600000,-0.600000,-0.600000,-0.600000,-0.600000,0.600000,-0.600000,0.600000,0.600000,-0.600000,-0.600000,-0.600000,0.600000,0.600000,-0.600000,-0.600000,-0.600000,-0.600000,0.880755
40,-0.600000,-0.600000,0.600000,-0.600000,1.000000,-0.600000,-0.600000,0.600000,0.600000,-0.600000,0.600000,-0.600000,0.600000,0.600000,-0.600000,-0.600000,-0.600000,-0.600000,-0.600000,-0.600000,0.600000,-0.600000,-0.600000,-0.697645,-0.600000,0.600000,-0.600000,0.600000,0.545015,0.600000,-0.600000,-0.600000,-0.229649,-0.600000,-0.600000,-0.600000,-0.600000,-0.600000,-0.600000,-0.949479,-0.600000,0.600000,0.600000,-0.600000,0.600000,-0.600000,-0.600000,0.959479,-0.600000,-0.600000,0.974589,-0.600000,0.600000,-0.600000,-0.600000,-0.600000,-0.600000,-0.600000,0.600000,-0.600000,0.600000,0.600000,-0.600000,-0.600000,-0.600000,0.600000,0.600000,-0.600000,-0.600000,-0.600000,-0.600000,0.881805
41,-0.600000,-0.600000,0.600000,-0.600000,1.000000,-0.600000,-0.600000,0.600000,0.600000,-0.600000,0.600000,-0.600000,0.600000,0.600000,-0.600000,-0.600000,-0.600000,-0.600000,-0.600000,-0.600000,0.600000,-0.600000,-0.600000,-0.697645,-0.600000,0.600000,-0.600000,0.600000,0.545015,0.600000,-0.600000,-0.600000,-0.219192,-0.600000,-0.600000,-0.600000,-0.600000,-0.600000,-0.600000,-0.954958,-0.600000,0.600000,0.600000,-0.600000,0.600000,-0.600000,-0.600000,0.963915,-0.600000,-0.600000,0.977410,-0.600000,0.600000,-0.600000,-0.600000,-0.600000,-0.600000,-0.600000,0.600000,-0.600000,0.600000,0.600000,-0.600000,-0.600000,-0.600000,0.600000,0.600000,-0.600000,-0.600000,-0.600000,-0.600000,0.881805
42,-0.600000,-0.600000,0.600000,-0.600000,1.000000,-0.600000,-0.600000,0.600000,0.600000,-0.600000,0.600000,-0.600000,0.600000,0.600000,-0.600000,-0.600000,-0.600000,-0.600000,-0.600000,-0.600000,0.600000,-0.600000,-0.600000,-0.697645,-0.600000,0.600000,-0.600000,0.600000,0.545015,0.600000,-0.600000,-0.600000,-0.209912,-0.600000,-0.600000,-0.600000,-0.600000,-0.600000,-0.600000,-0.959868,-0.600000,0.600000,0.600000,-0.600000,0.600000,-0.600000,-0.600000,0.967882,-0.600000,-0.600000,0.979726,-0.600000,0.600000,-0.600000,-0.600000,-0.600000,-0.600000,-0.600000,0.600000,-0.600000,0.600000,0.600000,-0.600000,-0.600000,-0.600000,0.600000,0.600000,-0.600000,-0.600000,-0.600000,-0.600000,0.881805
43,-0.600000,-0.600000,0.600000,-0.600000,1.000000,-0.600000,-0.600000,0.600000,0.600000,-0.600000,0.600000,-0.600000,0.600000,0.600000,-0.600000,-0.600000,-0.600000,-0.600000,-0.600000,-0.600000,0.600000,-0.600000,-0.600000,-0.697645,-0.600000,0.600000,-0.600000,0.600000,0.545015,0.600000,-0.600000,-0.600000,-0.201728,-0.600000,-0.600000,-0.600000,-0.600000,-0.600000,-0.600000,-0.964263,-0.600000,0.600000,0.600000,-0.600000,0.600000,-0.600000,-0.600000,0.971146,-0.600000,-0.600000,0.981629,-0.600000,0.600000,-0.600000,-0.600000,-0.600000,-0.600000,-0.600000,0.600000,-0.600000,0.600000,0.600000,-0.600000,-0.600000,-0.600000,0.600000,0.600000,-0.600000,-0.600000,-0.600000,-0.600000,0.882847
44,-0.600000,-0.600000,0.600000,-0.600000,1.000000,-0.600000,-0.600000,0.600000,0.600000,-0.600000,0.600000,-0.600000,0.600000,0.600000,-0.600000,-0.600000,-0.600000,-0.600000,-0.600000,-0.600000,0.600000,-0.600000,-0.600000,-0.697645,-0.600000,0.600000,-0.600000,0.600000,0.545015,0.600000,-0.600000,-0.600000,-0.193784,-0.600000,-0.600000,-0.600000,-0.600000,-0.600000,-0.600000,-0.968501,-0.600000,0.600000,0.600000,-0.600000,0.600000,-0.600000,-0.600000,0.974339,-0.600000,-0.600000,0.983356,-0.600000,0.600000,-0.600000,-0.600000,-0.600000,-0.600000,-0.600000,0.600000,-0.600000,0.600000,0.600000,-0.600000,-0.600000,-0.600000,0.600000,0.600000,-0.600000,-0.600000,-0.600000,-0.600000,0.883881
45,-0.600000,-0.600000,0.600000,-0.600000,1.000000,-0.600000,-0.600000,0.600000,0.600000,-0.600000,0.600000,-0.600000,0.600000,0.600000,-0.600000,-0.600000,-0.600000,-0.600000,-0.600000,-0.600000,0.600000,-0.600000,-0.600000,-0.697645,-0.600000,0.600000,-0.600000,0.600000,0.545015,0.600000,-0.600000,-0.600000,-0.185323,-0.600000,-0.600000,-0.600000,-0.600000,-0.600000,-0.600000,-0.971978,-0.600000,0.600000,0.600000,-0.600000,0.600000,-0.600000,-0.600000,0.977187,-0.600000,-0.600000,0.985071,-0.600000,0.600000,-0.600000,-0.600000,-0.600000,-0.600000,-0.600000,0.600000,-0.600000,0.600000,0.600000,-0.600000,-0.600000,-0.600000,0.600000,0.600000,-0.600000,-0.600000,-0.600000,-0.600000,0.883881
46,-0.600000,-0.600000,0.600000,-0.600000,1.000000,-0.600000,-0.600000,0.600000,0.600000,-0.600000,0.600000,-0.600000,0.600000,0.600000,-0.600000,-0.600000,-0.600000,-0.600000,-0.600000,-0.600000,0.600000,-0.600000,-0.600000,-0.697645,-0.600000,0.600000,-0.600000,0.600000,0.545015,0.600000,-0.600000,-0.600000,-0.179350,-0.600000,-0.600000,-0.600000,-0.600000,-0.600000,-0.600000,-0.975082,-0.600000,0.600000,0.600000,-0.600000,0.600000,-0.600000,-0.600000,0.979525,-0.600000,-0.600000,0.986209,-0.600000,0.600000,-0.600000,-0.600000,-0.600000,-0.600000,-0.600000,0.600000,-0.600000,0.600000,0.600000,-0.600000,-0.600000,-0.600000,0.600000,0.600000,-0.600000,-0.600000,-0.600000,-0.600000,0.883881
47,-0.600000,-0.600000,0.600000,-0.600000,1.000000,-0.600000,-0.600000,0.600000,0.600000,-0.600000,0.600000,-0.600000,0.600000,0.600000,-0.600000,-0.600000,-0.600000,-0.600000,-0.600000,-0.600000,0.600000,-0.600000,-0.600000,-0.697645,-0.600000,0.600000,-0.600000,0.600000,0.545015,0.600000,-0.600000,-0.600000,-0.173529,-0.600000,-0.600000,-0.600000,-0.600000,-0.600000,-0.600000,-0.977850,-0.600000,0.600000,0.600000,-0.600000,0.600000,-0.600000,-0.600000,0.981629,-0.600000,-0.600000,0.987260,-0.600000,0.600000,-0.600000,-0.600000,-0.600000,-0.600000,-0.600000,0.600000,-0.600000,0.600000,0.600000,-0.600000,-0.600000,-0.600000,0.600000,0.600000,-0.600000,-0.600000,-0.600000,-0.600000,0.884908
48,-0.600000,-0.600000,0.600000,-0.600000,1.000000,-0.600000,-0.600000,0.600000,0.600000,-0.600000,0.600000,-0.600000,0.600000,0.600000,-0.600000,-0.600000,-0.600000,-0.600000,-0.600000,-0.600000,0.600000,-0.600000,-0.600000,-0.697645,-0.600000,0.600000,-0.600000,0.600000,0.545015,0.600000,-0.600000,-0.600000,-0.165769,-0.600000,-0.600000,-0.600000,-0.600000,-0.600000,-0.600000,-0.980316,-0.600000,0.600000,0.600000,-0.600000,0.600000,-0.600000,-0.600000,0.983519,-0.600000,-0.600000,0.988578,-0.600000,0.600000,-0.600000,-0.600000,-0.600000,-0.600000,-0.600000,0.600000,-0.600000,0.600000,0.600000,-0.600000,-0.600000,-0.600000,0.600000,0.600000,-0.600000,-0.600000,-0.600000,-0.600000,0.884908
49,-0.600000,-0.600000,0.600000,-0.600000,1.000000,-0.600000,-0.600000,0.600000,0.600000,-0.600000,0.600000,-0.600000,0.600000,0.600000,-0.600000,-0.600000,-0.600000,-0.600000,-0.600000,-0.600000,0.600000,-0.600000,-0.600000,-0.697645,-0.600000,0.600000,-0.600000,0.600000,0.545015,0.600000,-0.600000,-0.600000,-0.157624,-0.600000,-0.600000,-0.600000,-0.600000,-0.600000,-0.600000,-0.982513,-0.600000,0.600000,0.600000,-0.600000,0.600000,-0.600000,-0.600000,0.985364,-0.600000,-0.600000,0.989863,-0.600000,0.600000,-0.600000,-0.600000,-0.600000,-0.600000,-0.600000,0.600000,-0.600000,0.600000,0.600000,-0.600000,-0.600000,-0.600000,0.600000,0.600000,-0.600000,-0.600000,-0.600000,-0.600000,0.884908
50,-0.600000,-0.600000,0.600000,-0.600000,1.000000,-0.600000,-0.600000,0.600000,0.600000,-0.600000,0.600000,-0.600000,0.600000,0.600000,-0.600000,-0.600000,-0.600000,-0.600000,-0.600000,-0.600000,0.600000,-0.600000,-0.600000,-0.697645,-0.600000,0.600000,-0.600000,0.600000,0.545015,0.600000,-0.600000,-0.600000,-0.151087,-0.600000,-0.600000,-0.600000,-0.600000,-0.600000,-0.600000,-0.984469,-0.600000,0.600000,0.600000,-0.600000,0.600000,-0.600000,-0.600000,0.986876,-0.600000,-0.600000,0.990823,-0.600000,0.600000,-0.600000,-0.600000,-0.600000,-0.600000,-0.600000,0.600000,-0.600000,0.600000,0.600000,-0.600000,-0.600000,-0.600000,0.600000,0.600000,-0.600000,-0.600000,-0.600000,-0.600000,0.884908
51,-0.600000,-0.600000,0.600000,-0.600000,1.000000,-0.600000,-0.600000,0.600000,0.600000,-0.600000,0.600000,-0.600000,0.600000,0.600000,-0.600000,-0.600000,-0.600000,-0.600000,-0.600000,-0.600000,0.600000,-0.600000,-0.600000,-0.697645,-0.600000,0.600000,-0.600000,0.600000,0.545015,0.600000,-0.600000,-0.600000,-0.144774,-0.600000,-0.600000,-0.600000,-0.600000,-0.600000,-0.600000,-0.986209,-0.600000,0.600000,0.600000,-0.600000,0.600000,-0.600000,-0.600000,0.988349,-0.600000,-0.600000,0.991693,-0.600000,0.600000,-0.600000,-0.600000,-0.600000,-0.600000,-0.600000,0.600000,-0.600000,0.600000,0.600000,-0.600000,-0.600000,-0.600000,0.600000,0.600000,-0.600000,-0.600000,-0.600000,-0.600000,0.885926
52,-0.600000,-0.600000,0.600000,-0.600000,1.000000,-0.600000,-0.600000,0.600000,0.600000,-0.600000,0.600000,-0.600000,0.600000,0.600000,-0.600000,-0.600000,-0.600000,-0.600000,-0.600000,-0.600000,0.600000,-0.600000,-0.600000,-0.697645,-0.600000,0.600000,-0.600000,0.600000,0.545015,0.600000,-0.600000,-0.600000,-0.139883,-0.600000,-0.600000,-0.600000,-0.600000,-0.600000,-0.600000,-0.987756,-0.600000,0.600000,0.600000,-0.600000,0.600000,-0.600000,-0.600000,0.989659,-0.600000,-0.600000,0.992330,-0.600000,0.600000,-0.600000,-0.600000,-0.600000,-0.600000,-0.600000,0.600000,-0.600000,0.600000,0.600000,-0.600000,-0.600000,-0.600000,0.600000,0.600000,-0.600000,-0.600000,-0.600000,-0.600000,0.887940
53,-0.600000,-0.600000,0.600000,-0.600000,1.000000,-0.600000,-0.600000,0.600000,0.600000,-0.600000,0.600000,-0.600000,0.600000,0.600000,-0.600000,-0.600000,-0.600000,-0.600000,-0.600000,-0.600000,0.600000,-0.600000,-0.600000,-0.699755,-0.600000,0.600000,-0.600000,0.600000,0.545015,0.600000,-0.600000,-0.600000,-0.134547,-0.600000,-0.600000,-0.600000,-0.600000,-0.600000,-0.600000,-0.989132,-0.600000,0.600000,0.600000,-0.600000,0.600000,-0.600000,-0.600000,0.990639,-0.600000,-0.600000,0.992989,-0.600000,0.600000,-0.600000,-0.600000,-0.600000,-0.600000,-0.600000,0.600000,-0.600000,0.600000,0.600000,-0.600000,-0.600000,-0.600000,0.600000,0.600000,-0.600000,-0.600000,-0.600000,-0.600000,0.888935
54,-0.600000,-0.600000,0.600000,-0.600000,1.000000,-0.600000,-0.600000,0.600000,0.600000,-0.600000,0.600000,-0.600000,0.600000,0.600000,-0.600000,-0.600000,-0.600000,-0.600000,-0.600000,-0.600000,0.600000,-0.600000,-0.600000,-0.699755,-0.600000,0.600000,-0.600000,0.600000,0.545015,0.600000,-0.600000,-0.600000,-0.128259,-0.600000,-0.600000,-0.600000,-0.600000,-0.600000,-0.600000,-0.990355,-0.600000,0.600000,0.600000,-0.600000,0.600000,-0.600000,-0.600000,0.991610,-0.600000,-0.600000,0.993718,-0.600000,0.600000,-0.600000,-0.600000,-0.600000,-0.600000,-0.600000,0.600000,-0.600000,0.600000,0.600000,-0.600000,-0.600000,-0.600000,0.600000,0.600000,-0.600000,-0.600000,-0.600000,-0.600000,0.888935
55,-0.600000,-0.600000,0.600000,-0.600000,1.000000,-0.600000,-0.600000,0.600000,0.600000,-0.600000,0.600000,-0.600000,0.600000,0.600000,-0.600000,-0.600000,-0.600000,-0.600000,-0.600000,-0.600000,0.600000,-0.600000,-0.600000,-0.699755,-0.600000,0.600000,-0.600000,0.600000,0.545015,0.600000,-0.600000,-0.600000,-0.125484,-0.600000,-0.600000,-0.600000,-0.600000,-0.600000,-0.600000,-0.991441,-0.600000,0.600000,0.600000,-0.600000,0.600000,-0.600000,-0.600000,0.992481,-0.600000,-0.600000,0.994024,-0.600000,0.600000,-0.600000,-0.600000,-0.600000,-0.600000,-0.600000,0.600000,-0.600000,0.600000,0.600000,-0.600000,-0.600000,-0.600000,0.600000,0.600000,-0.600000,-0.600000,-0.600000,-0.600000,0.890902
56,-0.600000,-0.600000,0.600000,-0.600000,1.000000,-0.600000,-0.600000,0.600000,0.600000,-0.600000,0.600000,-0.600000,0.600000,0.600000,-0.600000,-0.600000,-0.600000,-0.600000,-0.600000,-0.600000,0.600000,-0.600000,-0.600000,-0.699755,-0.600000,0.600000,-0.600000,0.600000,0.545015,0.600000,-0.600000,-0.600000,-0.120089,-0.600000,-0.600000,-0.600000,-0.600000,-0.600000,-0.600000,-0.992406,-0.600000,0.600000,0.600000,-0.600000,0.600000,-0.600000,-0.600000,0.993263,-0.600000,-0.600000,0.994592,-0.600000,0.600000,-0.600000,-0.600000,-0.600000,-0.600000,-0.600000,0.600000,-0.600000,0.600000,0.600000,-0.600000,-0.600000,-0.600000,0.600000,0.600000,-0.600000,-0.600000,-0.600000,-0.600000,0.891874
57,-0.600000,-0.600000,0.600000,-0.600000,1.000000,-0.600000,-0.600000,0.600000,0.600000,-0.600000,0.600000,-0.600000,0.600000,0.600000,-0.600000,-0.600000,-0.600000,-0.600000,-0.600000,-0.600000,0.600000,-0.600000,-0.600000,-0.699755,-0.600000,0.600000,-0.600000,0.600000,0.545015,0.600000,-0.600000,-0.600000,-0.116433,-0.600000,-0.600000,-0.600000,-0.600000,-0.600000,-0.600000,-0.993263,-0.600000,0.600000,0.600000,-0.600000,0.600000,-0.600000,-0.600000,0.994024,-0.600000,-0.600000,0.994958,-0.600000,0.600000,-0.600000,-0.600000,-0.600000,-0.600000,-0.600000,0.600000,-0.600000,0.600000,0.600000,-0.600000,-0.600000,-0.600000,0.600000,0.600000,-0.600000,-0.600000,-0.600000,-0.600000,0.893795
58,-0.600000,-0.600000,0.600000,-0.600000,1.000000,-0.600000,-0.600000,0.600000,0.600000,-0.600000,0.600000,-0.600000,0.600000,0.600000,-0.600000,-0.600000,-0.600000,-0.600000,-0.600000,-0.600000,0.600000,-0.600000,-0.600000,-0.699755,-0.600000,0.600000,-0.600000,0.600000,0.545015,0.600000,-0.600000,-0.600000,-0.110883,-0.600000,-0.600000,-0.600000,-0.600000,-0.600000,-0.600000,-0.994024,-0.600000,0.600000,0.600000,-0.600000,0.600000,-0.600000,-0.600000,0.994646,-0.600000,-0.600000,0.995483,-0.600000,0.600000,-0.600000,-0.600000,-0.600000,-0.600000,-0.600000,0.600000,-0.600000,0.600000,0.600000,-0.600000,-0.600000,-0.600000,0.600000,0.600000,-0.600000,-0.600000,-0.600000,-0.600000,0.893795
59,-0.600000,-0.600000,0.600000,-0.600000,1.000000,-0.600000,-0.600000,0.600000,0.600000,-0.600000,0.600000,-0.600000,0.600000,0.600000,-0.600000,-0.600000,-0.600000,-0.600000,-0.600000,-0.600000,0.600000,-0.600000,-0.600000,-0.699755,-0.600000,0.600000,-0.600000,0.600000,0.545015,0.600000,-0.600000,-0.600000,-0.107472,-0.600000,-0.600000,-0.600000,-0.600000,-0.600000,-0.600000,-0.994699,-0.600000,0.600000,0.600000,-0.600000,0.600000,-0.600000,-0.600000,0.995251,-0.600000,-0.600000,0.995789,-0.600000,0.600000,-0.600000,-0.600000,-0.600000,-0.600000,-0.600000,0.600000,-0.600000,0.600000,0.600000,-0.600000,-0.600000,-0.600000,0.600000,0.600000,-0.600000,-0.600000,-0.600000,-0.600000,0.896620
60,-0.600000,-0.600000,0.600000,-0.600000,1.000000,-0.600000,-0.600000,0.600000,0.600000,-0.600000,0.600000,-0.600000,0.600000,0.600000,-0.600000,-0.600000,-0.600000,-0.600000,-0.600000,-0.600000,0.600000,-0.600000,-0.600000,-0.699755,-0.600000,0.600000,-0.600000,0.600000,0.545015,0.600000,-0.600000,-0.600000,-0.102299,-0.600000,-0.600000,-0.600000,-0.600000,-0.600000,-0.600000,-0.995299,-0.600000,0.600000,0.600000,-0.600000,0.600000,-0.600000,-0.600000,0.995746,-0.600000,-0.600000,0.996228,-0.600000,0.600000,-0.600000,-0.600000,-0.600000,-0.600000,-0.600000,0.600000,-0.600000,0.600000,0.600000,-0.600000,-0.600000,-0.600000,0.600000,0.600000,-0.600000,-0.600000,-0.600000,-0.600000,0.896620
61,-0.600000,-0.600000,0.600000,-0.600000,1.000000,-0.600000,-0.600000,0.600000,0.600000,-0.600000,0.600000,-0.600000,0.600000,0.600000,-0.600000,-0.600000,-0.600000,-0.600000,-0.600000,-0.600000,0.600000,-0.600000,-0.600000,-0.699755,-0.600000,0.600000,-0.600000,0.600000,0.545015,0.600000,-0.600000,-0.600000,-0.097348,-0.600000,-0.600000,-0.600000,-0.600000,-0.600000,-0.600000,-0.995830,-0.600000,0.600000,0.600000,-0.600000,0.600000,-0.600000,-0.600000,0.996190,-0.600000,-0.600000,0.996621,-0.600000,0.600000,-0.600000,-0.600000,-0.600000,-0.600000,-0.600000,0.600000,-0.600000,0.600000,0.600000,-0.600000,-0.600000,-0.600000,0.600000,0.600000,-0.600000,-0.600000,-0.600000,-0.600000,0.896620
62,-0.600000,-0.600000,0.600000,-0.600000,1.000000,-0.600000,-0.600000,0.600000,0.600000,-0.600000,0.600000,-0.600000,0.600000,0.600000,-0.600000,-0.600000,-0.600000,-0.600000,-0.600000,-0.600000,0.600000,-0.600000,-0.600000,-0.699755,-0.600000,0.600000,-0.600000,0.600000,0.545015,0.600000,-0.600000,-0.600000,-0.093457,-0.600000,-0.600000,-0.600000,-0.600000,-0.600000,-0.600000,-0.996302,-0.600000,0.600000,0.600000,-0.600000,0.600000,-0.600000,-0.600000,0.996587,-0.600000,-0.600000,0.996912,-0.600000,0.600000,-0.600000,-0.600000,-0.600000,-0.600000,-0.600000,0.600000,-0.600000,0.600000,0.600000,-0.600000,-0.600000,-0.600000,0.600000,0.600000,-0.600000,-0.600000,-0.600000,-0.600000,0.897547
63,-0.600000,-0.600000,0.600000,-0.600000,1.000000,-0.600000,-0.600000,0.600000,0.600000,-0.600000,0.600000,-0.600000,0.600000,0.600000,-0.600000,-0.600000,-0.600000,-0.600000,-0.600000,-0.600000,0.600000,-0.600000,-0.600000,-0.699755,-0.600000,0.600000,-0.600000,0.600000,0.545015,0.600000,-0.600000,-0.600000,-0.089298,-0.600000,-0.600000,-0.600000,-0.600000,-0.600000,-0.600000,-0.996721,-0.600000,0.600000,0.600000,-0.600000,0.600000,-0.600000,-0.600000,0.996974,-0.600000,-0.600000,0.997207,-0.600000,0.600000,-0.600000,-0.600000,-0.600000,-0.600000,-0.600000,0.600000,-0.600000,0.600000,0.600000,-0.600000,-0.600000,-0.600000,0.600000,0.600000,-0.600000,-0.600000,-0.600000,-0.600000,0.897547
64,-0.600000,-0.600000,0.600000,-0.600000,1.000000,-0.600000,-0.600000,0.600000,0.600000,-0.600000,0.600000,-0.600000,0.600000,0.600000,-0.600000,-0.600000,-0.600000,-0.600000,-0.600000,-0.600000,0.600000,-0.600000,-0.600000,-0.699755,-0.600000,0.600000,-0.600000,0.600000,0.545015,0.600000,-0.600000,-0.600000,-0.084916,-0.600000,-0.600000,-0.600000,-0.600000,-0.600000,-0.600000,-0.997093,-0.600000,0.600000,0.600000,-0.600000,0.600000,-0.600000,-0.600000,0.997317,-0.600000,-0.600000,0.997498,-0.600000,0.600000,-0.600000,-0.600000,-0.600000,-0.600000,-0.600000,0.600000,-0.600000,0.600000,0.600000,-0.600000,-0.600000,-0.600000,0.600000,0.600000,-0.600000,-0.600000,-0.600000,-0.600000,0.898467
65,-0.600000,-0.600000,0.600000,-0.600000,1.000000,-0.600000,-0.600000,0.600000,0.600000,-0.600000,0.600000,-0.600000,0.600000,0.600000,-0.600000,-0.600000,-0.600000,-0.600000,-0.600000,-0.600000,0.600000,-0.600000,-0.600000,-0.699755,-0.600000,0.600000,-0.600000,0.600000,0.545015,0.600000,-0.600000,-0.600000,-0.079990,-0.600000,-0.600000,-0.600000,-0.600000,-0.600000,-0.600000,-0.997473,-0.600000,0.600000,0.600000,-0.600000,0.600000,-0.600000,-0.600000,0.997597,-0.600000,-0.600000,0.997804,-0.600000,0.600000,-0.600000,-0.600000,-0.600000,-0.600000,-0.600000,0.600000,-0.600000,0.600000,0.600000,-0.600000,-0.600000,-0.600000,0.600000,0.600000,-0.600000,-0.600000,-0.600000,-0.600000,0.898467
66,-0.600000,-0.600000,0.600000,-0.600000,1.000000,-0.600000,-0.600000,0.600000,0.600000,-0.600000,0.600000,-0.600000,0.600000,0.600000,-0.600000,-0.600000,-0.600000,-0.600000,-0.600000,-0.600000,0.600000,-0.600000,-0.600000,-0.699755,-0.600000,0.600000,-0.600000,0.600000,0.545015,0.600000,-0.600000,-0.600000,-0.076379,-0.600000,-0.600000,-0.600000,-0.600000,-0.600000,-0.600000,-0.997760,-0.600000,0.600000,0.600000,-0.600000,0.600000,-0.600000,-0.600000,0.997826,-0.600000,-0.600000,0.998014,-0.600000,0.600000,-0.600000,-0.600000,-0.600000,-0.600000,-0.600000,0.600000,-0.600000,0.600000,0.600000,-0.600000,-0.600000,-0.600000,0.600000,0.600000,-0.600000,-0.600000,-0.600000,-0.600000,0.898467
67,-0.600000,-0.600000,0.600000,-0.600000,1.000000,-0.600000,-0.600000,0.600000,0.600000,-0.600000,0.600000,-0.600000,0.600000,0.600000,-0.600000,-0.600000,-0.600000,-0.600000,-0.600000,-0.600000,0.600000,-0.600000,-0.600000,-0.699755,-0.600000,0.600000,-0.600000,0.600000,0.545015,0.600000,-0.600000,-0.600000,-0.072244,-0.600000,-0.600000,-0.600000,-0.600000,-0.600000,-0.600000,-0.998014,-0.600000,0.600000,0.600000,-0.600000,0.600000,-0.600000,-0.600000,0.998053,-0.600000,-0.600000,0.998239,-0.600000,0.600000,-0.600000,-0.600000,-0.600000,-0.600000,-0.600000,0.600000,-0.600000,0.600000,0.600000,-0.600000,-0.600000,-0.600000,0.600000,0.600000,-0.600000,-0.600000,-0.600000,-0.600000,0.898467
68,-0.600000,-0.600000,0.600000,-0.600000,1.000000,-0.600000,-0.600000,0.600000,0.600000,-0.600000,0.600000,-0.600000,0.600000,0.600000,-0.600000,-0.600000,-0.600000,-0.600000,-0.600000,-0.600000,0.600000,-0.600000,-0.600000,-0.699755,-0.600000,0.600000,-0.600000,0.600000,0.545015,0.600000,-0.600000,-0.600000,-0.068956,-0.600000,-0.600000,-0.600000,-0.600000,-0.600000,-0.600000,-0.998239,-0.600000,0.600000,0.600000,-0.600000,0.600000,-0.600000,-0.600000,0.998274,-0.600000,-0.600000,0.998407,-0.600000,0.600000,-0.600000,-0.600000,-0.600000,-0.600000,-0.600000,0.600000,-0.600000,0.600000,0.600000,-0.600000,-0.600000,-0.600000,0.600000,0.600000,-0.600000,-0.600000,-0.600000,-0.600000,0.898467
69,-0.600000,-0.600000,0.600000,-0.600000,1.000000,-0.600000,-0.600000,0.600000,0.600000,-0.600000,0.600000,-0.600000,0.600000,0.600000,-0.600000,-0.600000,-0.600000,-0.600000,-0.600000,-0.600000,0.600000,-0.600000,-0.600000,-0.699755,-0.600000,0.600000,-0.600000,0.600000,0.545015,0.600000,-0.600000,-0.600000,-0.065808,-0.600000,-0.600000,-0.600000,-0.600000,-0.600000,-0.600000,-0.998439,-0.600000,0.600000,0.600000,-0.600000,0.600000,-0.600000,-0.600000,0.998454,-0.600000,-0.600000,0.998559,-0.600000,0.600000,-0.600000,-0.600000,-0.600000,-0.600000,-0.600000,0.600000,-0.600000,0.600000,0.600000,-0.600000,-0.600000,-0.600000,0.600000,0.600000,-0.600000,-0.600000,-0.600000,-0.600000,0.898467
70,-0.600000,-0.600000,0.600000,-0.600000,1.000000,-0.600000,-0.600000,0.600000,0.600000,-0.600000,0.600000,-0.600000,0.600000,0.600000,-0.600000,-0.600000,-0.600000,-0.600000,-0.600000,-0.600000,0.600000,-0.600000,-0.600000,-0.699755,-0.600000,0.600000,-0.600000,0.600000,0.545015,0.600000,-0.600000,-0.600000,-0.062499,-0.600000,-0.600000,-0.600000,-0.600000,-0.600000,-0.600000,-0.998616,-0.600000,0.600000,0.600000,-0.600000,0.600000,-0.600000,-0.600000,0.998630,-0.600000,-0.600000,0.998710,-0.600000,0.600000,-0.600000,-0.600000,-0.600000,-0.600000,-0.600000,0.600000,-0.600000,0.600000,0.600000,-0.600000,-0.600000,-0.600000,0.600000,0.600000,-0.600000,-0.600000,-0.600000,-0.600000,0.898467
71,-0.600000,-0.600000,0.600000,-0.600000,1.000000,-0.600000,-0.600000,0.600000,0.600000,-0.600000,0.600000,-0.600000,0.600000,0.600000,-0.600000,-0.600000,-0.600000,-0.600000,-0.600000,-0.600000,0.600000,-0.600000,-0.600000,-0.699755,-0.600000,0.600000,-0.600000,0.600000,0.545015,0.600000,-0.600000,-0.600000,-0.060191,-0.600000,-0.600000,-0.600000,-0.600000,-0.600000,-0.600000,-0.998773,-0.600000,0.600000,0.600000,-0.600000,0.600000,-0.600000,-0.600000,0.998785,-0.600000,-0.600000,0.998809,-0.600000,0.600000,-0.600000,-0.600000,-0.600000,-0.600000,-0.600000,0.600000,-0.600000,0.600000,0.600000,-0.600000,-0.600000,-0.600000,0.600000,0.600000,-0.600000,-0.600000,-0.600000,-0.600000,0.898467
72,-0.600000,-0.600000,0.600000,-0.600000,1.000000,-0.600000,-0.600000,0.600000,0.600000,-0.600000,0.600000,-0.600000,0.600000,0.600000,-0.600000,-0.600000,-0.600000,-0.600000,-0.600000,-0.600000,0.600000,-0.600000,-0.600000,-0.699755,-0.600000,0.600000,-0.600000,0.600000,0.545015,0.600000,-0.600000,-0.600000,-0.057148,-0.600000,-0.600000,-0.600000,-0.600000,-0.600000,-0.600000,-0.998923,-0.600000,0.600000,0.600000,-0.600000,0.600000,-0.600000,-0.600000,0.998912,-0.600000,-0.600000,0.998934,-0.600000,0.600000,-0.600000,-0.600000,-0.600000,-0.600000,-0.600000,0.600000,-0.600000,0.600000,0.600000,-0.600000,-0.600000,-0.600000,0.600000,0.600000,-0.600000,-0.600000,-0.600000,-0.600000,0.898467
73,-0.600000,-0.600000,0.600000,-0.600000,1.000000,-0.600000,-0.600000,0.600000,0.600000,-0.600000,0.600000,-0.600000,0.600000,0.600000,-0.600000,-0.600000,-0.600000,-0.600000,-0.600000,-0.600000,0.600000,-0.600000,-0.600000,-0.701855,-0.600000,0.600000,-0.600000,0.600000,0.545015,0.600000,-0.600000,-0.600000,-0.055287,-0.600000,-0.600000,-0.600000,-0.600000,-0.600000,-0.600000,-0.999045,-0.600000,0.600000,0.600000,-0.600000,0.600000,-0.600000,-0.600000,0.999016,-0.600000,-0.600000,0.999006,-0.600000,0.600000,-0.600000,-0.600000,-0.600000,-0.600000,-0.600000,0.600000,-0.600000,0.600000,0.600000,-0.600000,-0.600000,-0.600000,0.600000,0.600000,-0.600000,-0.600000,-0.600000,-0.600000,0.901182
74,-0.600000,-0.600000,0.600000,-0.600000,1.000000,-0.600000,-0.600000,0.600000,0.600000,-0.600000,0.600000,-0.600000,0.600000,0.600000,-0.600000,-0.600000,-0.600000,-0.600000,-0.600000,-0.600000,0.600000,-0.600000,-0.600000,-0.701855,-0.600000,0.600000,-0.600000,0.600000,0.545015,0.600000,-0.600000,-0.600000,-0.052727,-0.600000,-0.600000,-0.600000,-0.600000,-0.600000,-0.600000,-0.999154,-0.600000,0.600000,0.600000,-0.600000,0.600000,-0.600000,-0.600000,0.999119,-0.600000,-0.600000,0.999101,-0.600000,0.600000,-0.600000,-0.600000,-0.600000,-0.600000,-0.600000,0.600000,-0.600000,0.600000,0.600000,-0.600000,-0.600000,-0.600000,0.600000,0.600000,-0.600000,-0.600000,-0.600000,-0.600000,0.902072
75,-0.600000,-0.600000,0.600000,-0.600000,1.000000,-0.600000,-0.600000,0.600000,0.600000,-0.600000,0.600000,-0.600000,0.600000,0.600000,-0.600000,-0.600000,-0.600000,-0.600000,-0.600000,-0.600000,0.600000,-0.600000,-0.600000,-0.701855,-0.600000,0.600000,-0.600000,0.600000,0.545015,0.600000,-0.600000,-0.600000,-0.050279,-0.600000,-0.600000,-0.600000,-0.600000,-0.600000,-0.600000,-0.999250,-0.600000,0.600000,0.600000,-0.600000,0.600000,-0.600000,-0.600000,0.999211,-0.600000,-0.600000,0.999187,-0.600000,0.600000,-0.600000,-0.600000,-0.600000,-0.600000,-0.600000,0.600000,-0.600000,0.600000,0.600000,-0.600000,-0.600000,-0.600000,0.600000,0.600000,-0.600000,-0.600000,-0.600000,-0.600000,0.902072
76,-0.600000,-0.600000,0.600000,-0.600000,1.000000,-0.600000,-0.600000,0.600000,0.600000,-0.600000,0.600000,-0.600000,0.600000,0.600000,-0.600000,-0.600000,-0.600000,-0.600000,-0.600000,-0.600000,0.600000,-0.600000,-0.600000,-0.701855,-0.600000,0.600000,-0.600000,0.600000,0.545015,0.600000,-0.600000,-0.600000,-0.047484,-0.600000,-0.600000,-0.600000,-0.600000,-0.600000,-0.600000,-0.999335,-0.600000,0.600000,0.600000,-0.600000,0.600000,-0.600000,-0.600000,0.999301,-0.600000,-0.600000,0.999279,-0.600000,0.600000,-0.600000,-0.600000,-0.600000,-0.600000,-0.600000,0.600000,-0.600000,0.600000,0.600000,-0.600000,-0.600000,-0.600000,0.600000,0.600000,-0.600000,-0.600000,-0.600000,-0.600000,0.902072
77,-0.600000,-0.600000,0.600000,-0.600000,1.000000,-0.600000,-0.600000,0.600000,0.600000,-0.600000,0.600000,-0.600000,0.600000,0.600000,-0.600000,-0.600000,-0.600000,-0.600000,-0.600000,-0.600000,0.600000,-0.600000,-0.600000,-0.701855,-0.600000,0.600000,-0.600000,0.600000,0.545015,0.600000,-0.600000,-0.600000,-0.044837,-0.600000,-0.600000,-0.600000,-0.600000,-0.600000,-0.600000,-0.999410,-0.600000,0.600000,0.600000,-0.600000,0.600000,-0.600000,-0.600000,0.999380,-0.600000,-0.600000,0.999361,-0.600000,0.600000,-0.600000,-0.600000,-0.600000,-0.600000,-0.600000,0.600000,-0.600000,0.600000,0.600000,-0.600000,-0.600000,-0.600000,0.600000,0.600000,-0.600000,-0.600000,-0.600000,-0.600000,0.902072
78,-0.600000,-0.600000,0.600000,-0.600000,1.000000,-0.600000,-0.600000,0.600000,0.600000,-0.600000,0.600000,-0.600000,0.600000,0.600000,-0.600000,-0.600000,-0.600000,-0.600000,-0.600000,-0.600000,0.600000,-0.600000,-0.600000,-0.701855,-0.600000,0.600000,-0.600000,0.600000,0.545015,0.600000,-0.600000,-0.600000,-0.042739,-0.600000,-0.600000,-0.600000,-0.600000,-0.600000,-0.600000,-0.999477,-0.600000,0.600000,0.600000,-0.600000,0.600000,-0.600000,-0.600000,0.999450,-0.600000,-0.600000,0.999422,-0.600000,0.600000,-0.600000,-0.600000,-0.600000,-0.600000,-0.600000,0.600000,-0.600000,0.600000,0.600000,-0.600000,-0.600000,-0.600000,0.600000,0.600000,-0.600000,-0.600000,-0.600000,-0.600000,0.902072
79,-0.600000,-0.600000,0.600000,-0.600000,1.000000,-0.600000,-0.600000,0.600000,0.600000,-0.600000,0.600000,-0.600000,0.600000,0.600000,-0.600000,-0.600000,-0.600000,-0.600000,-0.600000,-0.600000,0.600000,-0.600000,-0.600000,-0.701855,-0.600000,0.600000,-0.600000,0.600000,0.545015,0.600000,-0.600000,-0.600000,-0.040735,-0.600000,-0.600000,-0.600000,-0.600000,-0.600000,-0.600000,-0.999537,-0.600000,0.600000,0.600000,-0.600000,0.600000,-0.600000,-0.600000,0.999513,-0.600000,-0.600000,0.999477,-0.600000,0.600000,-0.600000,-0.600000,-0.600000,-0.600000,-0.600000,0.600000,-0.600000,0.600000,0.600000,-0.600000,-0.600000,-0.600000,0.600000,0.600000,-0.600000,-0.600000,-0.600000,-0.600000,0.902072
80,-0.600000,-0.600000,0.600000,-0.600000,1.000000,-0.600000,-0.600000,0.600000,0.600000,-0.600000,0.600000,-0.600000,0.600000,0.600000,-0.600000,-0.600000,-0.600000,-0.600000,-0.600000,-0.600000,0.600000,-0.600000,-0.600000,-0.701855,-0.600000,0.600000,-0.600000,0.600000,0.545015,0.600000,-0.600000,-0.600000,-0.038821,-0.600000,-0.600000,-0.600000,-0.600000,-0.600000,-0.600000,-0.999589,-0.600000,0.600000,0.600000,-0.600000,0.600000,-0.600000,-0.600000,0.999568,-0.600000,-0.600000,0.999527,-0.600000,0.600000,-0.600000,-0.600000,-0.600000,-0.600000,-0.600000,0.600000,-0.600000,0.600000,0.600000,-0.600000,-0.600000,-0.600000,0.600000,0.600000,-0.600000,-0.600000,-0.600000,-0.600000,0.902955
81,-0.600000,-0.600000,0.600000,-0.600000,1.000000,-0.600000,-0.600000,0.600000,0.600000,-0.600000,0.600000,-0.600000,0.600000,0.600000,-0.600000,-0.600000,-0.600000,-0.600000,-0.600000,-0.600000,0.600000,-0.600000,-0.600000,-0.701855,-0.600000,0.600000,-0.600000,0.600000,0.545015,0.600000,-0.600000,-0.600000,-0.037715,-0.600000,-0.600000,-0.600000,-0.600000,-0.600000,-0.600000,-0.999636,-0.600000,0.600000,0.600000,-0.600000,0.600000,-0.600000,-0.600000,0.999617,-0.600000,-0.600000,0.999555,-0.600000,0.600000,-0.600000,-0.600000,-0.600000,-0.600000,-0.600000,0.600000,-0.600000,0.600000,0.600000,-0.600000,-0.600000,-0.600000,0.600000,0.600000,-0.600000,-0.600000,-0.600000,-0.600000,0.904701
82,-0.600000,-0.600000,0.600000,-0.600000,1.000000,-0.600000,-0.600000,0.600000,0.600000,-0.600000,0.600000,-0.600000,0.600000,0.600000,-0.600000,-0.600000,-0.600000,-0.600000,-0.600000,-0.600000,0.600000,-0.600000,-0.600000,-0.701855,-0.600000,0.600000,-0.600000,0.600000,0.545015,0.600000,-0.600000,-0.600000,-0.036112,-0.600000,-0.600000,-0.600000,-0.600000,-0.600000,-0.600000,-0.999677,-0.600000,0.600000,0.600000,-0.600000,0.600000,-0.600000,-0.600000,0.999661,-0.600000,-0.600000,0.999593,-0.600000,0.600000,-0.600000,-0.600000,-0.600000,-0.600000,-0.600000,0.600000,-0.600000,0.600000,0.600000,-0.600000,-0.600000,-0.600000,0.600000,0.600000,-0.600000,-0.600000,-0.600000,-0.600000,0.904701
83,-0.600000,-0.600000,0.600000,-0.600000,1.000000,-0.600000,-0.600000,0.600000,0.600000,-0.600000,0.600000,-0.600000,0.600000,0.600000,-0.600000,-0.600000,-0.600000,-0.600000,-0.600000,-0.600000,0.600000,-0.600000,-0.600000,-0.703948,-0.600000,0.600000,-0.600000,0.600000,0.545015,0.600000,-0.600000,-0.600000,-0.034241,-0.600000,-0.600000,-0.600000,-0.600000,-0.600000,-0.600000,-0.999714,-0.600000,0.600000,0.600000,-0.600000,0.600000,-0.600000,-0.600000,0.999696,-0.600000,-0.600000,0.999636,-0.600000,0.600000,-0.600000,-0.600000,-0.600000,-0.600000,-0.600000,0.600000,-0.600000,0.600000,0.600000,-0.600000,-0.600000,-0.600000,0.600000,0.600000,-0.600000,-0.600000,-0.600000,-0.600000,0.905563
84,-0.600000,-0.600000,0.600000,-0.600000,1.000000,-0.600000,-0.600000,0.600000,0.600000,-0.600000,0.600000,-0.600000,0.600000,0.600000,-0.600000,-0.600000,-0.600000,-0.600000,-0.600000,-0.600000,0.600000,-0.600000,-0.600000,-0.703948,-0.600000,0.600000,-0.600000,0.600000,0.545015,0.600000,-0.600000,-0.600000,-0.032940,-0.600000,-0.600000,-0.600000,-0.600000,-0.600000,-0.600000,-0.999746,-0.600000,0.600000,0.600000,-0.600000,0.600000,-0.600000,-0.600000,0.999728,-0.600000,-0.600000,0.999664,-0.600000,0.600000,-0.600000,-0.600000,-0.600000,-0.600000,-0.600000,0.600000,-0.600000,0.600000,0.600000,-0.600000,-0.600000,-0.600000,0.600000,0.600000,-0.600000,-0.600000,-0.600000,-0.600000,0.906418
85,-0.600000,-0.600000,0.600000,-0.600000,1.000000,-0.600000,-0.600000,0.600000,0.600000,-0.600000,0.600000,-0.600000,0.600000,0.600000,-0.600000,-0.600000,-0.600000,-0.600000,-0.600000,-0.600000,0.600000,-0.600000,-0.600000,-0.703948,-0.600000,0.600000,-0.600000,0.600000,0.545015,0.600000,-0.600000,-0.600000,-0.031077,-0.600000,-0.600000,-0.600000,-0.600000,-0.600000,-0.600000,-0.999775,-0.600000,0.600000,0.600000,-0.600000,0.600000,-0.600000,-0.600000,0.999756,-0.600000,-0.600000,0.999702,-0.600000,0.600000,-0.600000,-0.600000,-0.600000,-0.600000,-0.600000,0.600000,-0.600000,0.600000,0.600000,-0.600000,-0.600000,-0.600000,0.600000,0.600000,-0.600000,-0.600000,-0.600000,-0.600000,0.906418
86,-0.600000,-0.600000,0.600000,-0.600000,1.000000,-0.600000,-0.600000,0.600000,0.600000,-0.600000,0.600000,-0.600000,0.600000,0.600000,-0.600000,-0.600000,-0.600000,-0.600000,-0.600000,-0.600000,0.600000,-0.600000,-0.600000,-0.703948,-0.600000,0.600000,-0.600000,0.600000,0.545015,0.600000,-0.600000,-0.600000,-0.029603,-0.600000,-0.600000,-0.600000,-0.600000,-0.600000,-0.600000,-0.999801,-0.600000,0.600000,0.600000,-0.600000,0.600000,-0.600000,-0.600000,0.999782,-0.600000,-0.600000,0.999731,-0.600000,0.600000,-0.600000,-0.600000,-0.600000,-0.600000,-0.600000,0.600000,-0.600000,0.600000,0.600000,-0.600000,-0.600000,-0.600000,0.600000,0.600000,-0.600000,-0.600000,-0.600000,-0.600000,0.906418
87,-0.600000,-0.600000,0.600000,-0.600000,1.000000,-0.600000,-0.600000,0.600000,0.600000,-0.600000,0.600000,-0.600000,0.600000,0.600000,-0.600000,-0.600000,-0.600000,-0.600000,-0.600000,-0.600000,0.600000,-0.600000,-0.600000,-0.703948,-0.600000,0.600000,-0.600000,0.600000,0.545015,0.600000,-0.600000,-0.600000,-0.028059,-0.600000,-0.600000,-0.600000,-0.600000,-0.600000,-0.600000,-0.999823,-0.600000,0.600000,0.600000,-0.600000,0.600000,-0.600000,-0.600000,0.999807,-0.600000,-0.600000,0.999759,-0.600000,0.600000,-0.600000,-0.600000,-0.600000,-0.600000,-0.600000,0.600000,-0.600000,0.600000,0.600000,-0.600000,-0.600000,-0.600000,0.600000,0.600000,-0.600000,-0.600000,-0.600000,-0.600000,0.906418
88,-0.600000,-0.600000,0.600000,-0.600000,1.000000,-0.600000,-0.600000,0.600000,0.600000,-0.600000,0.600000,-0.600000,0.600000,0.600000,-0.600000,-0.600000,-0.600000,-0.600000,-0.600000,-0.600000,0.600000,-0.600000,-0.600000,-0.703948,-0.600000,0.600000,-0.600000,0.600000,0.545015,0.600000,-0.600000,-0.600000,-0.026855,-0.600000,-0.600000,-0.600000,-0.600000,-0.600000,-0.600000,-0.999843,-0.600000,0.600000,0.600000,-0.600000,0.600000,-0.600000,-0.600000,0.999829,-0.600000,-0.600000,0.999780,-0.600000,0.600000,-0.600000,-0.600000,-0.600000,-0.600000,-0.600000,0.600000,-0.600000,0.600000,0.600000,-0.600000,-0.600000,-0.600000,0.600000,0.600000,-0.600000,-0.600000,-0.600000,-0.600000,0.906418
89,-0.600000,-0.600000,0.600000,-0.600000,1.000000,-0.600000,-0.600000,0.600000,0.600000,-0.600000,0.600000,-0.600000,0.600000,0.600000,-0.600000,-0.600000,-0.600000,-0.600000,-0.600000,-0.600000,0.600000,-0.600000,-0.600000,-0.703948,-0.600000,0.600000,-0.600000,0.600000,0.545015,0.600000,-0.600000,-0.600000,-0.025327,-0.600000,-0.600000,-0.600000,-0.600000,-0.600000,-0.600000,-0.999861,-0.600000,0.600000,0.600000,-0.600000,0.600000,-0.600000,-0.600000,0.999848,-0.600000,-0.600000,0.999805,-0.600000,0.600000,-0.600000,-0.600000,-0.600000,-0.600000,-0.600000,0.600000,-0.600000,0.600000,0.600000,-0.600000,-0.600000,-0.600000,0.600000,0.600000,-0.600000,-0.600000,-0.600000,-0.600000,0.906418
90,-0.600000,-0.600000,0.600000,-0.600000,1.000000,-0.600000,-0.600000,0.600000,0.600000,-0.600000,0.600000,-0.600000,0.600000,0.600000,-0.600000,-0.600000,-0.600000,-0.600000,-0.600000,-0.600000,0.600000,-0.600000,-0.600000,-0.703948,-0.600000,0.600000,-0.600000,0.600000,0.545015,0.600000,-0.600000,-0.600000,-0.024475,-0.600000,-0.600000,-0.600000,-0.600000,-0.600000,-0.600000,-0.999878,-0.600000,0.600000,0.600000,-0.600000,0.600000,-0.600000,-0.600000,0.999865,-0.600000,-0.600000,0.999818,-0.600000,0.600000,-0.600000,-0.600000,-0.600000,-0.600000,-0.600000,0.600000,-0.600000,0.600000,0.600000,-0.600000,-0.600000,-0.600000,0.600000,0.600000,-0.600000,-0.600000,-0.600000,-0.600000,0.908108
91,-0.600000,-0.600000,0.600000,-0.600000,1.000000,-0.600000,-0.600000,0.600000,0.600000,-0.600000,0.600000,-0.600000,0.600000,0.600000,-0.600000,-0.600000,-0.600000,-0.600000,-0.600000,-0.600000,0.600000,-0.600000,-0.600000,-0.706032,-0.600000,0.600000,-0.600000,0.600000,0.545015,0.600000,-0.600000,-0.600000,-0.023307,-0.600000,-0.600000,-0.600000,-0.600000,-0.600000,-0.600000,-0.999892,-0.600000,0.600000,0.600000,-0.600000,0.600000,-0.600000,-0.600000,0.999879,-0.600000,-0.600000,0.999835,-0.600000,0.600000,-0.600000,-0.600000,-0.600000,-0.600000,-0.600000,0.600000,-0.600000,0.600000,0.600000,-0.600000,-0.600000,-0.600000,0.600000,0.600000,-0.600000,-0.600000,-0.600000,-0.600000,0.909770
92,-0.600000,-0.600000,0.600000,-0.600000,1.000000,-0.600000,-0.600000,0.600000,0.600000,-0.600000,0.600000,-0.600000,0.600000,0.600000,-0.600000,-0.600000,-0.600000,-0.600000,-0.600000,-0.600000,0.600000,-0.600000,-0.600000,-0.706032,-0.600000,0.600000,-0.600000,0.600000,0.545015,0.600000,-0.600000,-0.600000,-0.022193,-0.600000,-0.600000,-0.600000,-0.600000,-0.600000,-0.600000,-0.999904,-0.600000,0.600000,0.600000,-0.600000,0.600000,-0.600000,-0.600000,0.999891,-0.600000,-0.600000,0.999851,-0.600000,0.600000,-0.600000,-0.600000,-0.600000,-0.600000,-0.600000,0.600000,-0.600000,0.600000,0.600000,-0.600000,-0.600000,-0.600000,0.600000,0.600000,-0.600000,-0.600000,-0.600000,-0.600000,0.910591
93,-0.600000,-0.600000,0.600000,-0.600000,1.000000,-0.600000,-0.600000,0.600000,0.600000,-0.600000,0.600000,-0.600000,0.600000,0.600000,-0.600000,-0.600000,-0.600000,-0.600000,-0.600000,-0.600000,0.600000,-0.600000,-0.600000,-0.706032,-0.600000,0.600000,-0.600000,0.600000,0.545015,0.600000,-0.600000,-0.600000,-0.021131,-0.600000,-0.600000,-0.600000,-0.600000,-0.600000,-0.600000,-0.999915,-0.600000,0.600000,0.600000,-0.600000,0.600000,-0.600000,-0.600000,0.999903,-0.600000,-0.600000,0.999865,-0.600000,0.600000,-0.600000,-0.600000,-0.600000,-0.600000,-0.600000,0.600000,-0.600000,0.600000,0.600000,-0.600000,-0.600000,-0.600000,0.600000,0.600000,-0.600000,-0.600000,-0.600000,-0.600000,0.910591
94,-0.600000,-0.600000,0.600000,-0.600000,1.000000,-0.600000,-0.600000,0.600000,0.600000,-0.600000,0.600000,-0.600000,0.600000,0.600000,-0.600000,-0.600000,-0.600000,-0.600000,-0.600000,-0.600000,0.600000,-0.600000,-0.600000,-0.706032,-0.600000,0.600000,-0.600000,0.600000,0.545015,0.600000,-0.600000,-0.600000,-0.020119,-0.600000,-0.600000,-0.600000,-0.600000,-0.600000,-0.600000,-0.999925,-0.600000,0.600000,0.600000,-0.600000,0.600000,-0.600000,-0.600000,0.999913,-0.600000,-0.600000,0.999878,-0.600000,0.600000,-0.600000,-0.600000,-0.600000,-0.600000,-0.600000,0.600000,-0.600000,0.600000,0.600000,-0.600000,-0.600000,-0.600000,0.600000,0.600000,-0.600000,-0.600000,-0.600000,-0.600000,0.910591
95,-0.600000,-0.600000,0.600000,-0.600000,1.000000,-0.600000,-0.600000,0.600000,0.600000,-0.600000,0.600000,-0.600000,0.600000,0.600000,-0.600000,-0.600000,-0.600000,-0.600000,-0.600000,-0.600000,0.600000,-0.600000,-0.600000,-0.706032,-0.600000,0.600000,-0.600000,0.600000,0.545015,0.600000,-0.600000,-0.600000,-0.019154,-0.600000,-0.600000,-0.600000,-0.600000,-0.600000,-0.600000,-0.999934,-0.600000,0.600000,0.600000,-0.600000,0.600000,-0.600000,-0.600000,0.999923,-0.600000,-0.600000,0.999890,-0.600000,0.600000,-0.600000,-0.600000,-0.600000,-0.600000,-0.600000,0.600000,-0.600000,0.600000,0.600000,-0.600000,-0.600000,-0.600000,0.600000,0.600000,-0.600000,-0.600000,-0.600000,-0.600000,0.911405
96,-0.600000,-0.600000,0.600000,-0.600000,1.000000,-0.600000,-0.600000,0.600000,0.600000,-0.600000,0.600000,-0.600000,0.600000,0.600000,-0.600000,-0.600000,-0.600000,-0.600000,-0.600000,-0.600000,0.600000,-0.600000,-0.600000,-0.706032,-0.600000,0.600000,-0.600000,0.600000,0.545015,0.600000,-0.600000,-0.600000,-0.018145,-0.600000,-0.600000,-0.600000,-0.600000,-0.600000,-0.600000,-0.999942,-0.600000,0.600000,0.600000,-0.600000,0.600000,-0.600000,-0.600000,0.999930,-0.600000,-0.600000,0.999901,-0.600000,0.600000,-0.600000,-0.600000,-0.600000,-0.600000,-0.600000,0.600000,-0.600000,0.600000,0.600000,-0.600000,-0.600000,-0.600000,0.600000,0.600000,-0.600000,-0.600000,-0.600000,-0.600000,0.911405
97,-0.600000,-0.600000,0.600000,-0.600000,1.000000,-0.600000,-0.600000,0.600000,0.600000,-0.600000,0.600000,-0.600000,0.600000,0.600000,-0.600000,-0.600000,-0.600000,-0.600000,-0.600000,-0.600000,0.600000,-0.600000,-0.600000,-0.706032,-0.600000,0.600000,-0.600000,0.600000,0.545015,0.600000,-0.600000,-0.600000,-0.017189,-0.600000,-0.600000,-0.600000,-0.600000,-0.600000,-0.600000,-0.999948,-0.600000,0.600000,0.600000,-0.600000,0.600000,-0.600000,-0.600000,0.999938,-0.600000,-0.600000,0.999912,-0.600000,0.600000,-0.600000,-0.600000,-0.600000,-0.600000,-0.600000,0.600000,-0.600000,0.600000,0.600000,-0.600000,-0.600000,-0.600000,0.600000,0.600000,-0.600000,-0.600000,-0.600000,-0.600000,0.911405
98,-0.600000,-0.600000,0.600000,-0.600000,1.000000,-0.600000,-0.600000,0.600000,0.600000,-0.600000,0.600000,-0.600000,0.600000,0.600000,-0.600000,-0.600000,-0.600000,-0.600000,-0.600000,-0.600000,0.600000,-0.600000,-0.600000,-0.706032,-0.600000,0.600000,-0.600000,0.600000,0.545015,0.600000,-0.600000,-0.600000,-0.016282,-0.600000,-0.600000,-0.600000,-0.600000,-0.600000,-0.600000,-0.999954,-0.600000,0.600000,0.600000,-0.600000,0.600000,-0.600000,-0.600000,0.999944,-0.600000,-0.600000,0.999921,-0.600000,0.600000,-0.600000,-0.600000,-0.600000,-0.600000,-0.600000,0.600000,-0.600000,0.600000,0.600000,-0.600000,-0.600000,-0.600000,0.600000,0.600000,-0.600000,-0.600000,-0.600000,-0.600000,0.911405
99,-0.600000,-0.600000,0.600000,-0.600000,1.000000,-0.600000,-0.600000,0.600000,0.600000,-0.600000,0.600000,-0.600000,0.600000,0.600000,-0.600000,-0.600000,-0.600000,-0.600000,-0.600000,-0.600000,0.600000,-0.600000,-0.600000,-0.706032,-0.600000,0.600000,-0.600000,0.600000,0.545015,0.600000,-0.600000,-0.600000,-0.015498,-0.600000,-0.600000,-0.600000,-0.600000,-0.600000,-0.600000,-0.999959,-0.600000,0.600000,0.600000,-0.600000,0.600000,-0.600000,-0.600000,0.999951,-0.600000,-0.600000,0.999929,-0.600000,0.600000,-0.600000,-0.600000,-0.600000,-0.600000,-0.600000,0.600000,-0.600000,0.600000,0.600000,-0.600000,-0.600000,-0.600000,0.600000,0.600000,-0.600000,-0.600000,-0.600000,-0.600000,0.911405
100,-0.600000,-0.600000,0.600000,-0.600000,1.000000,-0.600000,-0.600000,0.600000,0.600000,-0.600000,0.600000,-0.600000,0.600000,0.600000,-0.600000,-0.600000,-0.600000,-0.600000,-0.600000,-0.600000,0.600000,-0.600000,-0.600000,-0.706032,-0.600000,0.600000,-0.600000,0.600000,0.545015,0.600000,-0.600000,-0.600000,-0.014825,-0.600000,-0.600000,-0.600000,-0.600000,-0.600000,-0.600000,-0.999964,-0.600000,0.600000,0.600000,-0.600000,0.600000,-0.600000,-0.600000,0.999956,-0.600000,-0.600000,0.999935,-0.600000,0.600000,-0.600000,-0.600000,-0.600000,-0.600000,-0.600000,0.600000,-0.600000,0.600000,0.600000,-0.600000,-0.600000,-0.600000,0.600000,0.600000,-0.600000,-0.600000,-0.600000,-0.600000,0.913013
101,-0.600000,-0.600000,0.600000,-0.600000,1.000000,-0.600000,-0.600000,0.600000,0.600000,-0.600000,0.600000,-0.600000,0.600000,0.600000,-0.600000,-0.600000,-0.600000,-0.600000,-0.600000,-0.600000,0.600000,-0.600000,-0.600000,-0.706032,-0.600000,0.600000,-0.600000,0.600000,0.545015,0.600000,-0.600000,-0.600000,-0.014040,-0.600000,-0.600000,-0.600000,-0.600000,-0.600000,-0.600000,-0.999968,-0.600000,0.600000,0.600000,-0.600000,0.600000,-0.600000,-0.600000,0.999961,-0.600000,-0.600000,0.999942,-0.600000,0.600000,-0.600000,-0.600000,-0.600000,-0.600000,-0.600000,0.600000,-0.600000,0.600000,0.600000,-0.600000,-0.600000,-0.600000,0.600000,0.600000,-0.600000,-0.600000,-0.600000,-0.600000,0.913013
102,-0.600000,-0.600000,0.600000,-0.600000,1.000000,-0.600000,-0.600000,0.600000,0.600000,-0.600000,0.600000,-0.600000,0.600000,0.600000,-0.600000,-0.600000,-0.600000,-0.600000,-0.600000,-0.600000,0.600000,-0.600000,-0.600000,-0.706032,-0.600000,0.600000,-0.600000,0.600000,0.545015,0.600000,-0.600000,-0.600000,-0.013363,-0.600000,-0.600000,-0.600000,-0.600000,-0.600000,-0.600000,-0.999972,-0.600000,0.600000,0.600000,-0.600000,0.600000,-0.600000,-0.600000,0.999965,-0.600000,-0.600000,0.999947,-0.600000,0.600000,-0.600000,-0.600000,-0.600000,-0.600000,-0.600000,0.600000,-0.600000,0.600000,0.600000,-0.600000,-0.600000,-0.600000,0.600000,0.600000,-0.600000,-0.600000,-0.600000,-0.600000,0.913013
103,-0.600000,-0.600000,0.600000,-0.600000,1.000000,-0.600000,-0.600000,0.600000,0.600000,-0.600000,0.600000,-0.600000,0.600000,0.600000,-0.600000,-0.600000,-0.600000,-0.600000,-0.600000,-0.600000,0.600000,-0.600000,-0.600000,-0.706032,-0.600000,0.600000,-0.600000,0.600000,0.545015,0.600000,-0.600000,-0.600000,-0.012908,-0.600000,-0.600000,-0.600000,-0.600000,-0.600000,-0.600000,-0.999975,-0.600000,0.600000,0.600000,-0.600000,0.600000,-0.600000,-0.600000,0.999969,-0.600000,-0.600000,0.999951,-0.600000,0.600000,-0.600000,-0.600000,-0.600000,-0.600000,-0.600000,0.600000,-0.600000,0.600000,0.600000,-0.600000,-0.600000,-0.600000,0.600000,0.600000,-0.600000,-0.600000,-0.600000,-0.600000,0.915376
104,-0.600000,-0.600000,0.600000,-0.600000,1.000000,-0.600000,-0.600000,0.600000,0.600000,-0.600000,0.600000,-0.600000,0.600000,0.600000,-0.600000,-0.600000,-0.600000,-0.600000,-0.600000,-0.600000,0.600000,-0.600000,-0.600000,-0.706032,-0.600000,0.600000,-0.600000,0.600000,0.545015,0.600000,-0.600000,-0.600000,-0.012225,-0.600000,-0.600000,-0.600000,-0.600000,-0.600000,-0.600000,-0.999978,-0.600000,0.600000,0.600000,-0.600000,0.600000,-0.600000,-0.600000,0.999972,-0.600000,-0.600000,0.999956,-0.600000,0.600000,-0.600000,-0.600000,-0.600000,-0.600000,-0.600000,0.600000,-0.600000,0.600000,0.600000,-0.600000,-0.600000,-0.600000,0.600000,0.600000,-0.600000,-0.600000,-0.600000,-0.600000,0.915376
105,-0.600000,-0.600000,0.600000,-0.600000,1.000000,-0.600000,-0.600000,0.600000,0.600000,-0.600000,0.600000,-0.600000,0.600000,0.600000,-0.600000,-0.600000,-0.600000,-0.600000,-0.600000,-0.600000,0.600000,-0.600000,-0.600000,-0.706032,-0.600000,0.600000,-0.600000,0.600000,0.545015,0.600000,-0.600000,-0.600000,-0.011519,-0.600000,-0.600000,-0.600000,-0.600000,-0.600000,-0.600000,-0.999980,-0.600000,0.600000,0.600000,-0.600000,0.600000,-0.600000,-0.600000,0.999975,-0.600000,-0.600000,0.999961,-0.600000,0.600000,-0.600000,-0.600000,-0.600000,-0.600000,-0.600000,0.600000,-0.600000,0.600000,0.600000,-0.600000,-0.600000,-0.600000,0.600000,0.600000,-0.600000,-0.600000,-0.600000,-0.600000,0.915376
106,-0.600000,-0.600000,0.600000,-0.600000,1.000000,-0.600000,-0.600000,0.600000,0.600000,-0.600000,0.600000,-0.600000,0.600000,0.600000,-0.600000,-0.600000,-0.600000,-0.600000,-0.600000,-0.600000,0.600000,-0.600000,-0.600000,-0.706032,-0.600000,0.600000,-0.600000,0.600000,0.545015,0.600000,-0.600000,-0.600000,-0.010854,-0.600000,-0.600000,-0.600000,-0.600000,-0.600000,-0.600000,-0.999982,-0.600000,0.600000,0.600000,-0.600000,0.600000,-0.600000,-0.600000,0.999978,-0.600000,-0.600000,0.999965,-0.600000,0.600000,-0.600000,-0.600000,-0.600000,-0.600000,-0.600000,0.600000,-0.600000,0.600000,0.600000,-0.600000,-0.600000,-0.600000,0.600000,0.600000,-0.600000,-0.600000,-0.600000,-0.600000,0.915376
107,-0.600000,-0.600000,0.600000,-0.600000,1.000000,-0.600000,-0.600000,0.600000,0.600000,-0.600000,0.600000,-0.600000,0.600000,0.600000,-0.600000,-0.600000,-0.600000,-0.600000,-0.600000,-0.600000,0.600000,-0.600000,-0.600000,-0.706032,-0.600000,0.600000,-0.600000,0.600000,0.545015,0.600000,-0.600000,-0.600000,-0.010432,-0.600000,-0.600000,-0.600000,-0.600000,-0.600000,-0.600000,-0.999984,-0.600000,0.600000,0.600000,-0.600000,0.600000,-0.600000,-0.600000,0.999981,-0.600000,-0.600000,0.999968,-0.600000,0.600000,-0.600000,-0.600000,-0.600000,-0.600000,-0.600000,0.600000,-0.600000,0.600000,0.600000,-0.600000,-0.600000,-0.600000,0.600000,0.600000,-0.600000,-0.600000,-0.600000,-0.600000,0.916151
108,-0.600000,-0.600000,0.600000,-0.600000,1.000000,-0.600000,-0.600000,0.600000,0.600000,-0.600000,0.600000,-0.600000,0.600000,0.600000,-0.600000,-0.600000,-0.600000,-0.600000,-0.600000,-0.600000,0.600000,-0.600000,-0.600000,-0.706032,-0.600000,0.600000,-0.600000,0.600000,0.545015,0.600000,-0.600000,-0.600000,-0.009878,-0.600000,-0.600000,-0.600000,-0.600000,-0.600000,-0.600000,-0.999986,-0.600000,0.600000,0.600000,-0.600000,0.600000,-0.600000,-0.600000,0.999983,-0.600000,-0.600000,0.999971,-0.600000,0.600000,-0.600000,-0.600000,-0.600000,-0.600000,-0.600000,0.600000,-0.600000,0.600000,0.600000,-0.600000,-0.600000,-0.600000,0.600000,0.600000,-0.600000,-0.600000,-0.600000,-0.600000,0.916151
109,-0.600000,-0.600000,0.600000,-0.600000,1.000000,-0.600000,-0.600000,0.600000,0.600000,-0.600000,0.600000,-0.600000,0.600000,0.600000,-0.600000,-0.600000,-0.600000,-0.600000,-0.600000,-0.600000,0.600000,-0.600000,-0.600000,-0.706032,-0.600000,0.600000,-0.600000,0.600000,0.545015,0.600000,-0.600000,-0.600000,-0.009493,-0.600000,-0.600000,-0.600000,-0.600000,-0.600000,-0.600000,-0.999988,-0.600000,0.600000,0.600000,-0.600000,0.600000,-0.600000,-0.600000,0.999984,-0.600000,-0.600000,0.999974,-0.600000,0.600000,-0.600000,-0.600000,-0.600000,-0.600000,-0.600000,0.600000,-0.600000,0.600000,0.600000,-0.600000,-0.600000,-0.600000,0.600000,0.600000,-0.600000,-0.600000,-0.600000,-0.600000,0.918436
110,-0.600000,-0.600000,0.600000,-0.600000,1.000000,-0.600000,-0.600000,0.600000,0.600000,-0.600000,0.600000,-0.600000,0.600000,0.600000,-0.600000,-0.600000,-0.600000,-0.600000,-0.600000,-0.600000,0.600000,-0.600000,-0.600000,-0.706032,-0.600000,0.600000,-0.600000,0.600000,0.545015,0.600000,-0.600000,-0.600000,-0.009078,-0.600000,-0.600000,-0.600000,-0.600000,-0.600000,-0.600000,-0.999989,-0.600000,0.600000,0.600000,-0.600000,0.600000,-0.600000,-0.600000,0.999986,-0.600000,-0.600000,0.999976,-0.600000,0.600000,-0.600000,-0.600000,-0.600000,-0.600000,-0.600000,0.600000,-0.600000,0.600000,0.600000,-0.600000,-0.600000,-0.600000,0.600000,0.600000,-0.600000,-0.600000,-0.600000,-0.600000,0.919185
111,-0.600000,-0.600000,0.600000,-0.600000,1.000000,-0.600000,-0.600000,0.600000,0.600000,-0.600000,0.600000,-0.600000,0.600000,0.600000,-0.600000,-0.600000,-0.600000,-0.600000,-0.600000,-0.600000,0.600000,-0.600000,-0.600000,-0.706032,-0.600000,0.600000,-0.600000,0.600000,0.545015,0.600000,-0.600000,-0.600000,-0.008553,-0.600000,-0.600000,-0.600000,-0.600000,-0.600000,-0.600000,-0.999990,-0.600000,0.600000,0.600000,-0.600000,0.600000,-0.600000,-0.600000,0.999988,-0.600000,-0.600000,0.999979,-0.600000,0.600000,-0.600000,-0.600000,-0.600000,-0.600000,-0.600000,0.600000,-0.600000,0.600000,0.600000,-0.600000,-0.600000,-0.600000,0.600000,0.600000,-0.600000,-0.600000,-0.600000,-0.600000,0.919185
112,-0.600000,-0.600000,0.600000,-0.600000,1.000000,-0.600000,-0.600000,0.600000,0.600000,-0.600000,0.600000,-0.600000,0.600000,0.600000,-0.600000,-0.600000,-0.600000,-0.600000,-0.600000,-0.600000,0.600000,-0.600000,-0.600000,-0.706032,-0.600000,0.600000,-0.600000,0.600000,0.545015,0.600000,-0.600000,-0.600000,-0.008179,-0.600000,-0.600000,-0.600000,-0.600000,-0.600000,-0.600000,-0.999992,-0.600000,0.600000,0.600000,-0.600000,0.600000,-0.600000,-0.600000,0.999989,-0.600000,-0.600000,0.999980,-0.600000,0.600000,-0.600000,-0.600000,-0.600000,-0.600000,-0.600000,0.600000,-0.600000,0.600000,0.600000,-0.600000,-0.600000,-0.600000,0.600000,0.600000,-0.600000,-0.600000,-0.600000,-0.600000,0.919185
113,-0.600000,-0.600000,0.600000,-0.600000,1.000000,-0.600000,-0.600000,0.600000,0.600000,-0.600000,0.600000,-0.600000,0.600000,0.600000,-0.600000,-0.600000,-0.600000,-0.600000,-0.600000,-0.600000,0.600000,-0.600000,-0.600000,-0.706032,-0.600000,0.600000,-0.600000,0.600000,0.545015,0.600000,-0.600000,-0.600000,-0.007743,-0.600000,-0.600000,-0.600000,-0.600000,-0.600000,-0.600000,-0.999992,-0.600000,0.600000,0.600000,-0.600000,0.600000,-0.600000,-0.600000,0.999990,-0.600000,-0.600000,0.999982,-0.600000,0.600000,-0.600000,-0.600000,-0.600000,-0.600000,-0.600000,0.600000,-0.600000,0.600000,0.600000,-0.600000,-0.600000,-0.600000,0.600000,0.600000,-0.600000,-0.600000,-0.600000,-0.600000,0.919185
114,-0.600000,-0.600000,0.600000,-0.600000,1.000000,-0.600000,-0.600000,0.600000,0.600000,-0.600000,0.600000,-0.600000,0.600000,0.600000,-0.600000,-0.600000,-0.600000,-0.600000,-0.600000,-0.600000,0.600000,-0.600000,-0.600000,-0.706032,-0.600000,0.600000,-0.600000,0.600000,0.545015,0.600000,-0.600000,-0.600000,-0.007368,-0.600000,-0.600000,-0.600000,-0.600000,-0.600000,-0.600000,-0.999993,-0.600000,0.600000,0.600000,-0.600000,0.600000,-0.600000,-0.600000,0.999991,-0.600000,-0.600000,0.999984,-0.600000,0.600000,-0.600000,-0.600000,-0.600000,-0.600000,-0.600000,0.600000,-0.600000,0.600000,0.600000,-0.600000,-0.600000,-0.600000,0.600000,0.600000,-0.600000,-0.600000,-0.600000,-0.600000,0.919185
115,-0.600000,-0.600000,0.600000,-0.600000,1.000000,-0.600000,-0.600000,0.600000,0.600000,-0.600000,0.600000,-0.600000,0.600000,0.600000,-0.600000,-0.600000,-0.600000,-0.600000,-0.600000,-0.600000,0.600000,-0.600000,-0.600000,-0.708108,-0.600000,0.600000,-0.600000,0.600000,0.545015,0.600000,-0.600000,-0.600000,-0.007045,-0.600000,-0.600000,-0.600000,-0.600000,-0.600000,-0.600000,-0.999994,-0.600000,0.600000,0.600000,-0.600000,0.600000,-0.600000,-0.600000,0.999992,-0.600000,-0.600000,0.999986,-0.600000,0.600000,-0.600000,-0.600000,-0.600000,-0.600000,-0.600000,0.600000,-0.600000,0.600000,0.600000,-0.600000,-0.600000,-0.600000,0.600000,0.600000,-0.600000,-0.600000,-0.600000,-0.600000,0.920665
116,-0.600000,-0.600000,0.600000,-0.600000,1.000000,-0.600000,-0.600000,0.600000,0.600000,-0.600000,0.600000,-0.600000,0.600000,0.600000,-0.600000,-0.600000,-0.600000,-0.600000,-0.600000,-0.600000,0.600000,-0.600000,-0.600000,-0.708108,-0.600000,0.600000,-0.600000,0.600000,0.545015,0.600000,-0.600000,-0.600000,-0.006670,-0.600000,-0.600000,-0.600000,-0.600000,-0.600000,-0.600000,-0.999995,-0.600000,0.600000,0.600000,-0.600000,0.600000,-0.600000,-0.600000,0.999993,-0.600000,-0.600000,0.999987,-0.600000,0.600000,-0.600000,-0.600000,-0.600000,-0.600000,-0.600000,0.600000,-0.600000,0.600000,0.600000,-0.600000,-0.600000,-0.600000,0.600000,0.600000,-0.600000,-0.600000,-0.600000,-0.600000,0.920665
117,-0.600000,-0.600000,0.600000,-0.600000,1.000000,-0.600000,-0.600000,0.600000,0.600000,-0.600000,0.600000,-0.600000,0.600000,0.600000,-0.600000,-0.600000,-0.600000,-0.600000,-0.600000,-0.600000,0.600000,-0.600000,-0.600000,-0.708108,-0.600000,0.600000,-0.600000,0.600000,0.545015,0.600000,-0.600000,-0.600000,-0.006441,-0.600000,-0.600000,-0.600000,-0.600000,-0.600000,-0.600000,-0.999995,-0.600000,0.600000,0.600000,-0.600000,0.600000,-0.600000,-0.600000,0.999994,-0.600000,-0.600000,0.999988,-0.600000,0.600000,-0.600000,-0.600000,-0.600000,-0.600000,-0.600000,0.600000,-0.600000,0.600000,0.600000,-0.600000,-0.600000,-0.600000,0.600000,0.600000,-0.600000,-0.600000,-0.600000,-0.600000,0.920665
118,-0.600000,-0.600000,0.600000,-0.600000,1.000000,-0.600000,-0.600000,0.600000,0.600000,-0.600000,0.600000,-0.600000,0.600000,0.600000,-0.600000,-0.600000,-0.600000,-0.600000,-0.600000,-0.600000,0.600000,-0.600000,-0.600000,-0.708108,-0.600000,0.600000,-0.600000,0.600000,0.545015,0.600000,-0.600000,-0.600000,-0.006189,-0.600000,-0.600000,-0.600000,-0.600000,-0.600000,-0.600000,-0.999996,-0.600000,0.600000,0.600000,-0.600000,0.600000,-0.600000,-0.600000,0.999995,-0.600000,-0.600000,0.999989,-0.600000,0.600000,-0.600000,-0.600000,-0.600000,-0.600000,-0.600000,0.600000,-0.600000,0.600000,0.600000,-0.600000,-0.600000,-0.600000,0.600000,0.600000,-0.600000,-0.600000,-0.600000,-0.600000,0.921395
119,-0.600000,-0.600000,0.600000,-0.600000,1.000000,-0.600000,-0.600000,0.600000,0.600000,-0.600000,0.600000,-0.600000,0.600000,0.600000,-0.600000,-0.600000,-0.600000,-0.600000,-0.600000,-0.600000,0.600000,-0.600000,-0.600000,-0.708108,-0.600000,0.600000,-0.600000,0.600000,0.545015,0.600000,-0.600000,-0.600000,-0.005859,-0.600000,-0.600000,-0.600000,-0.600000,-0.600000,-0.600000,-0.999996,-0.600000,0.600000,0.600000,-0.600000,0.600000,-0.600000,-0.600000,0.999995,-0.600000,-0.600000,0.999990,-0.600000,0.600000,-0.600000,-0.600000,-0.600000,-0.600000,-0.600000,0.600000,-0.600000,0.600000,0.600000,-0.600000,-0.600000,-0.600000,0.600000,0.600000,-0.600000,-0.600000,-0.600000,-0.600000,0.921395
120,-0.600000,-0.600000,0.600000,-0.600000,1.000000,-0.600000,-0.600000,0.600000,0.600000,-0.600000,0.600000,-0.600000,0.600000,0.600000,-0.600000,-0.600000,-0.600000,-0.600000,-0.600000,-0.600000,0.600000,-0.600000,-0.600000,-0.708108,-0.600000,0.600000,-0.600000,0.600000,0.545015,0.600000,-0.600000,-0.600000,-0.005575,-0.600000,-0.600000,-0.600000,-0.600000,-0.600000,-0.600000,-0.999997,-0.600000,0.600000,0.600000,-0.600000,0.600000,-0.600000,-0.600000,0.999996,-0.600000,-0.600000,0.999991,-0.600000,0.600000,-0.600000,-0.600000,-0.600000,-0.600000,-0.600000,0.600000,-0.600000,0.600000,0.600000,-0.600000,-0.600000,-0.600000,0.600000,0.600000,-0.600000,-0.600000,-0.600000,-0.600000,0.921395
121,-0.600000,-0.600000,0.600000,-0.600000,1.000000,-0.600000,-0.600000,0.600000,0.600000,-0.600000,0.600000,-0.600000,0.600000,0.600000,-0.600000,-0.600000,-0.600000,-0.600000,-0.600000,-0.600000,0.600000,-0.600000,-0.600000,-0.708108,-0.600000,0.600000,-0.600000,0.600000,0.545015,0.600000,-0.600000,-0.600000,-0.005330,-0.600000,-0.600000,-0.600000,-0.600000,-0.600000,-0.600000,-0.999997,-0.600000,0.600000,0.600000,-0.600000,0.600000,-0.600000,-0.600000,0.999996,-0.600000,-0.600000,0.999992,-0.600000,0.600000,-0.600000,-0.600000,-0.600000,-0.600000,-0.600000,0.600000,-0.600000,0.600000,0.600000,-0.600000,-0.600000,-0.600000,0.600000,0.600000,-0.600000,-0.600000,-0.600000,-0.600000,0.921395
122,-0.600000,-0.600000,0.600000,-0.600000,1.000000,-0.600000,-0.600000,0.600000,0.600000,-0.600000,0.600000,-0.600000,0.600000,0.600000,-0.600000,-0.600000,-0.600000,-0.600000,-0.600000,-0.600000,0.600000,-0.600000,-0.600000,-0.708108,-0.600000,0.600000,-0.600000,0.600000,0.545015,0.600000,-0.600000,-0.600000,-0.005071,-0.600000,-0.600000,-0.600000,-0.600000,-0.600000,-0.600000,-0.999997,-0.600000,0.600000,0.600000,-0.600000,0.600000,-0.600000,-0.600000,0.999997,-0.600000,-0.600000,0.999993,-0.600000,0.600000,-0.600000,-0.600000,-0.600000,-0.600000,-0.600000,0.600000,-0.600000,0.600000,0.600000,-0.600000,-0.600000,-0.600000,0.600000,0.600000,-0.600000,-0.600000,-0.600000,-0.600000,0.921395
123,-0.600000,-0.600000,0.600000,-0.600000,1.000000,-0.600000,-0.600000,0.600000,0.600000,-0.600000,0.600000,-0.600000,0.600000,0.600000,-0.600000,-0.600000,-0.600000,-0.600000,-0.600000,-0.600000,0.600000,-0.600000,-0.600000,-0.710175,-0.600000,0.600000,-0.600000,0.600000,0.545015,0.600000,-0.600000,-0.600000,-0.004776,-0.600000,-0.600000,-0.600000,-0.600000,-0.600000,-0.600000,-0.999998,-0.600000,0.600000,0.600000,-0.600000,0.600000,-0.600000,-0.600000,0.999997,-0.600000,-0.600000,0.999993,-0.600000,0.600000,-0.600000,-0.600000,-0.600000,-0.600000,-0.600000,0.600000,-0.600000,0.600000,0.600000,-0.600000,-0.600000,-0.600000,0.600000,0.600000,-0.600000,-0.600000,-0.600000,-0.600000,0.922119
124,-0.600000,-0.600000,0.600000,-0.600000,1.000000,-0.600000,-0.600000,0.600000,0.600000,-0.600000,0.600000,-0.600000,0.600000,0.600000,-0.600000,-0.600000,-0.600000,-0.600000,-0.600000,-0.600000,0.600000,-0.600000,-0.600000,-0.710175,-0.600000,0.600000,-0.600000,0.600000,0.545015,0.600000,-0.600000,-0.600000,-0.004566,-0.600000,-0.600000,-0.600000,-0.600000,-0.600000,-0.600000,-0.999998,-0.600000,0.600000,0.600000,-0.600000,0.600000,-0.600000,-0.600000,0.999997,-0.600000,-0.600000,0.999994,-0.600000,0.600000,-0.600000,-0.600000,-0.600000,-0.600000,-0.600000,0.600000,-0.600000,0.600000,0.600000,-0.600000,-0.600000,-0.600000,0.600000,0.600000,-0.600000,-0.600000,-0.600000,-0.600000,0.922838
125,-0.600000,-0.600000,0.600000,-0.600000,1.000000,-0.600000,-0.600000,0.600000,0.600000,-0.600000,0.600000,-0.600000,0.600000,0.600000,-0.600000,-0.600000,-0.600000,-0.600000,-0.600000,-0.600000,0.600000,-0.600000,-0.600000,-0.710175,-0.600000,0.600000,-0.600000,0.600000,0.545015,0.600000,-0.600000,-0.600000,-0.004366,-0.600000,-0.600000,-0.600000,-0.600000,-0.600000,-0.600000,-0.999998,-0.600000,0.600000,0.600000,-0.600000,0.600000,-0.600000,-0.600000,0.999998,-0.600000,-0.600000,0.999994,-0.600000,0.600000,-0.600000,-0.600000,-0.600000,-0.600000,-0.600000,0.600000,-0.600000,0.600000,0.600000,-0.600000,-0.600000,-0.600000,0.600000,0.600000,-0.600000,-0.600000,-0.600000,-0.600000,0.924256
126,-0.600000,-0.600000,0.600000,-0.600000,1.000000,-0.600000,-0.600000,0.600000,0.600000,-0.600000,0.600000,-0.600000,0.600000,0.600000,-0.600000,-0.600000,-0.600000,-0.600000,-0.600000,-0.600000,0.600000,-0.600000,-0.600000,-0.710175,-0.600000,0.600000,-0.600000,0.600000,0.545015,0.600000,-0.600000,-0.600000,-0.004174,-0.600000,-0.600000,-0.600000,-0.600000,-0.600000,-0.600000,-0.999998,-0.600000,0.600000,0.600000,-0.600000,0.600000,-0.600000,-0.600000,0.999998,-0.600000,-0.600000,0.999995,-0.600000,0.600000,-0.600000,-0.600000,-0.600000,-0.600000,-0.600000,0.600000,-0.600000,0.600000,0.600000,-0.600000,-0.600000,-0.600000,0.600000,0.600000,-0.600000,-0.600000,-0.600000,-0.600000,0.924256
127,-0.600000,-0.600000,0.600000,-0.600000,1.000000,-0.600000,-0.600000,0.600000,0.600000,-0.600000,0.600000,-0.600000,0.600000,0.600000,-0.600000,-0.600000,-0.600000,-0.600000,-0.600000,-0.600000,0.600000,-0.600000,-0.600000,-0.710175,-0.600000,0.600000,-0.600000,0.600000,0.545015,0.600000,-0.600000,-0.600000,-0.003971,-0.600000,-0.600000,-0.600000,-0.600000,-0.600000,-0.600000,-0.999999,-0.600000,0.600000,0.600000,-0.600000,0.600000,-0.600000,-0.600000,0.999998,-0.600000,-0.600000,0.999995,-0.600000,0.600000,-0.600000,-0.600000,-0.600000,-0.600000,-0.600000,0.600000,-0.600000,0.600000,0.600000,-0.600000,-0.600000,-0.600000,0.600000,0.600000,-0.600000,-0.600000,-0.600000,-0.600000,0.924256
128,-0.600000,-0.600000,0.600000,-0.600000,1.000000,-0.600000,-0.600000,0.600000,0.600000,-0.600000,0.600000,-0.600000,0.600000,0.600000,-0.600000,-0.600000,-0.600000,-0.600000,-0.600000,-0.600000,0.600000,-0.600000,-0.600000,-0.710175,-0.600000,0.600000,-0.600000,0.600000,0.545015,0.600000,-0.600000,-0.600000,-0.003796,-0.600000,-0.600000,-0.600000,-0.600000,-0.600000,-0.600000,-0.999999,-0.600000,0.600000,0.600000,-0.600000,0.600000,-0.600000,-0.600000,0.999998,-0.600000,-0.600000,0.999996,-0.600000,0.600000,-0.600000,-0.600000,-0.600000,-0.600000,-0.600000,0.600000,-0.600000,0.600000,0.600000,-0.600000,-0.600000,-0.600000,0.600000,0.600000,-0.600000,-0.600000,-0.600000,-0.600000,0.925650
129,-0.600000,-0.600000,0.600000,-0.600000,1.000000,-0.600000,-0.600000,0.600000,0.600000,-0.600000,0.600000,-0.600000,0.600000,0.600000,-0.600000,-0.600000,-0.600000,-0.600000,-0.600000,-0.600000,0.600000,-0.600000,-0.600000,-0.710175,-0.600000,0.600000,-0.600000,0.600000,0.545015,0.600000,-0.600000,-0.600000,-0.003629,-0.600000,-0.600000,-0.600000,-0.600000,-0.600000,-0.600000,-0.999999,-0.600000,0.600000,0.600000,-0.600000,0.600000,-0.600000,-0.600000,0.999999,-0.600000,-0.600000,0.999996,-0.600000,0.600000,-0.600000,-0.600000,-0.600000,-0.600000,-0.600000,0.600000,-0.600000,0.600000,0.600000,-0.600000,-0.600000,-0.600000,0.600000,0.600000,-0.600000,-0.600000,-0.600000,-0.600000,0.925650
130,-0.600000,-0.600000,0.600000,-0.600000,1.000000,-0.600000,-0.600000,0.600000,0.600000,-0.600000,0.600000,-0.600000,0.600000,0.600000,-0.600000,-0.600000,-0.600000,-0.600000,-0.600000,-0.600000,0.600000,-0.600000,-0.600000,-0.710175,-0.600000,0.600000,-0.600000,0.600000,0.545015,0.600000,-0.600000,-0.600000,-0.003435,-0.600000,-0.600000,-0.600000,-0.600000,-0.600000,-0.600000,-0.999999,-0.600000,0.600000,0.600000,-0.600000,0.600000,-0.600000,-0.600000,0.999999,-0.600000,-0.600000,0.999997,-0.600000,0.600000,-0.600000,-0.600000,-0.600000,-0.600000,-0.600000,0.600000,-0.600000,0.600000,0.600000,-0.600000,-0.600000,-0.600000,0.600000,0.600000,-0.600000,-0.600000,-0.600000,-0.600000,0.925650
131,-0.600000,-0.600000,0.600000,-0.600000,1.000000,-0.600000,-0.600000,0.600000,0.600000,-0.600000,0.600000,-0.600000,0.600000,0.600000,-0.600000,-0.600000,-0.600000,-0.600000,-0.600000,-0.600000,0.600000,-0.600000,-0.600000,-0.710175,-0.600000,0.600000,-0.600000,0.600000,0.545015,0.600000,-0.600000,-0.600000,-0.003284,-0.600000,-0.600000,-0.600000,-0.600000,-0.600000,-0.600000,-0.999999,-0.600000,0.600000,0.600000,-0.600000,0.600000,-0.600000,-0.600000,0.999999,-0.600000,-0.600000,0.999997,-0.600000,0.600000,-0.600000,-0.600000,-0.600000,-0.600000,-0.600000,0.600000,-0.600000,0.600000,0.600000,-0.600000,-0.600000,-0.600000,0.600000,0.600000,-0.600000,-0.600000,-0.600000,-0.600000,0.926338
132,-0.600000,-0.600000,0.600000,-0.600000,1.000000,-0.600000,-0.600000,0.600000,0.600000,-0.600000,0.600000,-0.600000,0.600000,0.600000,-0.600000,-0.600000,-0.600000,-0.600000,-0.600000,-0.600000,0.600000,-0.600000,-0.600000,-0.710175,-0.600000,0.600000,-0.600000,0.600000,0.545015,0.600000,-0.600000,-0.600000,-0.003140,-0.600000,-0.600000,-0.600000,-0.600000,-0.600000,-0.600000,-0.999999,-0.600000,0.600000,0.600000,-0.600000,0.600000,-0.600000,-0.600000,0.999999,-0.600000,-0.600000,0.999997,-0.600000,0.600000,-0.600000,-0.600000,-0.600000,-0.600000,-0.600000,0.600000,-0.600000,0.600000,0.600000,-0.600000,-0.600000,-0.600000,0.600000,0.600000,-0.600000,-0.600000,-0.600000,-0.600000,0.927021
133,-0.600000,-0.600000,0.600000,-0.600000,1.000000,-0.600000,-0.600000,0.600000,0.600000,-0.600000,0.600000,-0.600000,0.600000,0.600000,-0.600000,-0.600000,-0.600000,-0.600000,-0.600000,-0.600000,0.600000,-0.600000,-0.600000,-0.710175,-0.600000,0.600000,-0.600000,0.600000,0.545015,0.600000,-0.600000,-0.600000,-0.002957,-0.600000,-0.600000,-0.600000,-0.600000,-0.600000,-0.600000,-0.999999,-0.600000,0.600000,0.600000,-0.600000,0.600000,-0.600000,-0.600000,0.999999,-0.600000,-0.600000,0.999997,-0.600000,0.600000,-0.600000,-0.600000,-0.600000,-0.600000,-0.600000,0.600000,-0.600000,0.600000,0.600000,-0.600000,-0.600000,-0.600000,0.600000,0.600000,-0.600000,-0.600000,-0.600000,-0.600000,0.927021
134,-0.600000,-0.600000,0.600000,-0.600000,1.000000,-0.600000,-0.600000,0.600000,0.600000,-0.600000,0.600000,-0.600000,0.600000,0.600000,-0.600000,-0.600000,-0.600000,-0.600000,-0.600000,-0.600000,0.600000,-0.600000,-0.600000,-0.710175,-0.600000,0.600000,-0.600000,0.600000,0.545015,0.600000,-0.600000,-0.600000,-0.002813,-0.600000,-0.600000,-0.600000,-0.600000,-0.600000,-0.600000,-0.999999,-0.600000,0.600000,0.600000,-0.600000,0.600000,-0.600000,-0.600000,0.999999,-0.600000,-0.600000,0.999998,-0.600000,0.600000,-0.600000,-0.600000,-0.600000,-0.600000,-0.600000,0.600000,-0.600000,0.600000,0.600000,-0.600000,-0.600000,-0.600000,0.600000,0.600000,-0.600000,-0.600000,-0.600000,-0.600000,0.927021
135,-0.600000,-0.600000,0.600000,-0.600000,1.000000,-0.600000,-0.600000,0.600000,0.600000,-0.600000,0.600000,-0.600000,0.600000,0.600000,-0.600000,-0.600000,-0.600000,-0.600000,-0.600000,-0.600000,0.600000,-0.600000,-0.600000,-0.710175,-0.600000,0.600000,-0.600000,0.600000,0.545015,0.600000,-0.600000,-0.600000,-0.002649,-0.600000,-0.600000,-0.600000,-0.600000,-0.600000,-0.600000,-0.999999,-0.600000,0.600000,0.600000,-0.600000,0.600000,-0.600000,-0.600000,0.999999,-0.600000,-0.600000,0.999998,-0.600000,0.600000,-0.600000,-0.600000,-0.600000,-0.600000,-0.600000,0.600000,-0.600000,0.600000,0.600000,-0.600000,-0.600000,-0.600000,0.600000,0.600000,-0.600000,-0.600000,-0.600000,-0.600000,0.927021
136,-0.600000,-0.600000,0.600000,-0.600000,1.000000,-0.600000,-0.600000,0.600000,0.600000,-0.600000,0.600000,-0.600000,0.600000,0.600000,-0.600000,-0.600000,-0.600000,-0.600000,-0.600000,-0.600000,0.600000,-0.600000,-0.600000,-0.710175,-0.600000,0.600000,-0.600000,0.600000,0.545015,0.600000,-0.600000,-0.600000,-0.002520,-0.600000,-0.600000,-0.600000,-0.600000,-0.600000,-0.600000,-1.000000,-0.600000,0.600000,0.600000,-0.600000,0.600000,-0.600000,-0.600000,0.999999,-0.600000,-0.600000,0.999998,-0.600000,0.600000,-0.600000,-0.600000,-0.600000,-0.600000,-0.600000,0.600000,-0.600000,0.600000,0.600000,-0.600000,-0.600000,-0.600000,0.600000,0.600000,-0.600000,-0.600000,-0.600000,-0.600000,0.927697
137,-0.600000,-0.600000,0.600000,-0.600000,1.000000,-0.600000,-0.600000,0.600000,0.600000,-0.600000,0.600000,-0.600000,0.600000,0.600000,-0.600000,-0.600000,-0.600000,-0.600000,-0.600000,-0.600000,0.600000,-0.600000,-0.600000,-0.710175,-0.600000,0.600000,-0.600000,0.600000,0.545015,0.600000,-0.600000,-0.600000,-0.002397,-0.600000,-0.600000,-0.600000,-0.600000,-0.600000,-0.600000,-1.000000,-0.600000,0.600000,0.600000,-0.600000,0.600000,-0.600000,-0.600000,0.999999,-0.600000,-0.600000,0.999998,-0.600000,0.600000,-0.600000,-0.600000,-0.600000,-0.600000,-0.600000,0.600000,-0.600000,0.600000,0.600000,-0.600000,-0.600000,-0.600000,0.600000,0.600000,-0.600000,-0.600000,-0.600000,-0.600000,0.928368
138,-0.600000,-0.600000,0.600000,-0.600000,1.000000,-0.600000,-0.600000,0.600000,0.600000,-0.600000,0.600000,-0.600000,0.600000,0.600000,-0.600000,-0.600000,-0.600000,-0.600000,-0.600000,-0.600000,0.600000,-0.600000,-0.600000,-0.710175,-0.600000,0.600000,-0.600000,0.600000,0.545015,0.600000,-0.600000,-0.600000,-0.002269,-0.600000,-0.600000,-0.600000,-0.600000,-0.600000,-0.600000,-1.000000,-0.600000,0.600000,0.600000,-0.600000,0.600000,-0.600000,-0.600000,0.999999,-0.600000,-0.600000,0.999999,-0.600000,0.600000,-0.600000,-0.600000,-0.600000,-0.600000,-0.600000,0.600000,-0.600000,0.600000,0.600000,-0.600000,-0.600000,-0.600000,0.600000,0.600000,-0.600000,-0.600000,-0.600000,-0.600000,0.928368
139,-0.600000,-0.600000,0.600000,-0.600000,1.000000,-0.600000,-0.600000,0.600000,0.600000,-0.600000,0.600000,-0.600000,0.600000,0.600000,-0.600000,-0.600000,-0.600000,-0.600000,-0.600000,-0.600000,0.600000,-0.600000,-0.600000,-0.710175,-0.600000,0.600000,-0.600000,0.600000,0.545015,0.600000,-0.600000,-0.600000,-0.002158,-0.600000,-0.600000,-0.600000,-0.600000,-0.600000,-0.600000,-1.000000,-0.600000,0.600000,0.600000,-0.600000,0.600000,-0.600000,-0.600000,1.000000,-0.600000,-0.600000,0.999999,-0.600000,0.600000,-0.600000,-0.600000,-0.600000,-0.600000,-0.600000,0.600000,-0.600000,0.600000,0.600000,-0.600000,-0.600000,-0.600000,0.600000,0.600000,-0.600000,-0.600000,-0.600000,-0.600000,0.928368
140,-0.600000,-0.600000,0.600000,-0.600000,1.000000,-0.600000,-0.600000,0.600000,0.600000,-0.600000,0.600000,-0.600000,0.600000,0.600000,-0.600000,-0.600000,-0.600000,-0.600000,-0.600000,-0.600000,0.600000,-0.600000,-0.600000,-0.710175,-0.600000,0.600000,-0.600000,0.600000,0.545015,0.600000,-0.600000,-0.600000,-0.002053,-0.600000,-0.600000,-0.600000,-0.600000,-0.600000,-0.600000,-1.000000,-0.600000,0.600000,0.600000,-0.600000,0.600000,-0.600000,-0.600000,1.000000,-0.600000,-0.600000,0.999999,-0.600000,0.600000,-0.600000,-0.600000,-0.600000,-0.600000,-0.600000,0.600000,-0.600000,0.600000,0.600000,-0.600000,-0.600000,-0.600000,0.600000,0.600000,-0.600000,-0.600000,-0.600000,-0.600000,0.928368
141,-0.600000,-0.600000,0.600000,-0.600000,1.000000,-0.600000,-0.600000,0.600000,0.600000,-0.600000,0.600000,-0.600000,0.600000,0.600000,-0.600000,-0.600000,-0.600000,-0.600000,-0.600000,-0.600000,0.600000,-0.600000,-0.600000,-0.710175,-0.600000,0.600000,-0.600000,0.600000,0.545015,0.600000,-0.600000,-0.600000,-0.001943,-0.600000,-0.600000,-0.600000,-0.600000,-0.600000,-0.600000,-1.000000,-0.600000,0.600000,0.600000,-0.600000,0.600000,-0.600000,-0.600000,1.000000,-0.600000,-0.600000,0.999999,-0.600000,0.600000,-0.600000,-0.600000,-0.600000,-0.600000,-0.600000,0.600000,-0.600000,0.600000,0.600000,-0.600000,-0.600000,-0.600000,0.600000,0.600000,-0.600000,-0.600000,-0.600000,-0.600000,0.928368
142,-0.600000,-0.600000,0.600000,-0.600000,1.000000,-0.600000,-0.600000,0.600000,0.600000,-0.600000,0.600000,-0.600000,0.600000,0.600000,-0.600000,-0.600000,-0.600000,-0.600000,-0.600000,-0.600000,0.600000,-0.600000,-0.600000,-0.710175,-0.600000,0.600000,-0.600000,0.600000,0.545015,0.600000,-0.600000,-0.600000,-0.001839,-0.600000,-0.600000,-0.600000,-0.600000,-0.600000,-0.600000,-1.000000,-0.600000,0.600000,0.600000,-0.600000,0.600000,-0.600000,-0.600000,1.000000,-0.600000,-0.600000,0.999999,-0.600000,0.600000,-0.600000,-0.600000,-0.600000,-0.600000,-0.600000,0.600000,-0.600000,0.600000,0.600000,-0.600000,-0.600000,-0.600000,0.600000,0.600000,-0.600000,-0.600000,-0.600000,-0.600000,0.928368
143,-0.600000,-0.600000,0.600000,-0.600000,1.000000,-0.600000,-0.600000,0.600000,0.600000,-0.600000,0.600000,-0.600000,0.600000,0.600000,-0.600000,-0.600000,-0.600000,-0.600000,-0.600000,-0.600000,0.600000,-0.600000,-0.600000,-0.710175,-0.600000,0.600000,-0.600000,0.600000,0.545015,0.600000,-0.600000,-0.600000,-0.001749,-0.600000,-0.600000,-0.600000,-0.600000,-0.600000,-0.600000,-1.000000,-0.600000,0.600000,0.600000,-0.600000,0.600000,-0.600000,-0.600000,1.000000,-0.600000,-0.600000,0.999999,-0.600000,0.600000,-0.600000,-0.600000,-0.600000,-0.600000,-0.600000,0.600000,-0.600000,0.600000,0.600000,-0.600000,-0.600000,-0.600000,0.600000,0.600000,-0.600000,-0.600000,-0.600000,-0.600000,0.928368
144,-0.600000,-0.600000,0.600000,-0.600000,1.000000,-0.600000,-0.600000,0.600000,0.600000,-0.600000,0.600000,-0.600000,0.600000,0.600000,-0.600000,-0.600000,-0.600000,-0.600000,-0.600000,-0.600000,0.600000,-0.600000,-0.600000,-0.710175,-0.600000,0.600000,-0.600000,0.600000,0.545015,0.600000,-0.600000,-0.600000,-0.001672,-0.600000,-0.600000,-0.600000,-0.600000,-0.600000,-0.600000,-1.000000,-0.600000,0.600000,0.600000,-0.600000,0.600000,-0.600000,-0.600000,1.000000,-0.600000,-0.600000,0.999999,-0.600000,0.600000,-0.600000,-0.600000,-0.600000,-0.600000,-0.600000,0.600000,-0.600000,0.600000,0.600000,-0.600000,-0.600000,-0.600000,0.600000,0.600000,-0.600000,-0.600000,-0.600000,-0.600000,0.929033
145,-0.600000,-0.600000,0.600000,-0.600000,1.000000,-0.600000,-0.600000,0.600000,0.600000,-0.600000,0.600000,-0.600000,0.600000,0.600000,-0.600000,-0.600000,-0.600000,-0.600000,-0.600000,-0.600000,0.600000,-0.600000,-0.600000,-0.710175,-0.600000,0.600000,-0.600000,0.600000,0.545015,0.600000,-0.600000,-0.600000,-0.001591,-0.600000,-0.600000,-0.600000,-0.600000,-0.600000,-0.600000,-1.000000,-0.600000,0.600000,0.600000,-0.600000,0.600000,-0.600000,-0.600000,1.000000,-0.600000,-0.600000,0.999999,-0.600000,0.600000,-0.600000,-0.600000,-0.600000,-0.600000,-0.600000,0.600000,-0.600000,0.600000,0.600000,-0.600000,-0.600000,-0.600000,0.600000,0.600000,-0.600000,-0.600000,-0.600000,-0.600000,0.929033
146,-0.600000,-0.600000,0.600000,-0.600000,1.000000,-0.600000,-0.600000,0.600000,0.600000,-0.600000,0.600000,-0.600000,0.600000,0.600000,-0.600000,-0.600000,-0.600000,-0.600000,-0.600000,-0.600000,0.600000,-0.600000,-0.600000,-0.710175,-0.600000,0.600000,-0.600000,0.600000,0.545015,0.600000,-0.600000,-0.600000,-0.001513,-0.600000,-0.600000,-0.600000,-0.600000,-0.600000,-0.600000,-1.000000,-0.600000,0.600000,0.600000,-0.600000,0.600000,-0.600000,-0.600000,1.000000,-0.600000,-0.600000,0.999999,-0.600000,0.600000,-0.600000,-0.600000,-0.600000,-0.600000,-0.600000,0.600000,-0.600000,0.600000,0.600000,-0.600000,-0.600000,-0.600000,0.600000,0.600000,-0.600000,-0.600000,-0.600000,-0.600000,0.929033
147,-0.600000,-0.600000,0.600000,-0.600000,1.000000,-0.600000,-0.600000,0.600000,0.600000,-0.600000,0.600000,-0.600000,0.600000,0.600000,-0.600000,-0.600000,-0.600000,-0.600000,-0.600000,-0.600000,0.600000,-0.600000,-0.600000,-0.710175,-0.600000,0.600000,-0.600000,0.600000,0.545015,0.600000,-0.600000,-0.600000,-0.001446,-0.600000,-0.600000,-0.600000,-0.600000,-0.600000,-0.600000,-1.000000,-0.600000,0.600000,0.600000,-0.600000,0.600000,-0.600000,-0.600000,1.000000,-0.600000,-0.600000,0.999999,-0.600000,0.600000,-0.600000,-0.600000,-0.600000,-0.600000,-0.600000,0.600000,-0.600000,0.600000,0.600000,-0.600000,-0.600000,-0.600000,0.600000,0.600000,-0.600000,-0.600000,-0.600000,-0.600000,0.929692
148,-0.600000,-0.600000,0.600000,-0.600000,1.000000,-0.600000,-0.600000,0.600000,0.600000,-0.600000,0.600000,-0.600000,0.600000,0.600000,-0.600000,-0.600000,-0.600000,-0.600000,-0.600000,-0.600000,0.600000,-0.600000,-0.600000,-0.710175,-0.600000,0.600000,-0.600000,0.600000,0.545015,0.600000,-0.600000,-0.600000,-0.001411,-0.600000,-0.600000,-0.600000,-0.600000,-0.600000,-0.600000,-1.000000,-0.600000,0.600000,0.600000,-0.600000,0.600000,-0.600000,-0.600000,1.000000,-0.600000,-0.600000,0.999999,-0.600000,0.600000,-0.600000,-0.600000,-0.600000,-0.600000,-0.600000,0.600000,-0.600000,0.600000,0.600000,-0.600000,-0.600000,-0.600000,0.600000,0.600000,-0.600000,-0.600000,-0.600000,-0.600000,0.929692
149,-0.600000,-0.600000,0.600000,-0.600000,1.000000,-0.600000,-0.600000,0.600000,0.600000,-0.600000,0.600000,-0.600000,0.600000,0.600000,-0.600000,-0.600000,-0.600000,-0.600000,-0.600000,-0.600000,0.600000,-0.600000,-0.600000,-0.710175,-0.600000,0.600000,-0.600000,0.600000,0.545015,0.600000,-0.600000,-0.600000,-0.001342,-0.600000,-0.600000,-0.600000,-0.600000,-0.600000,-0.600000,-1.000000,-0.600000,0.600000,0.600000,-0.600000,0.600000,-0.600000,-0.600000,1.000000,-0.600000,-0.600000,0.999999,-0.600000,0.600000,-0.600000,-0.600000,-0.600000,-0.600000,-0.600000,0.600000,-0.600000,0.600000,0.600000,-0.600000,-0.600000,-0.600000,0.600000,0.600000,-0.600000,-0.600000,-0.600000,-0.600000,0.930346
150,-0.600000,-0.600000,0.600000,-0.600000,1.000000,-0.600000,-0.600000,0.600000,0.600000,-0.600000,0.600000,-0.600000,0.600000,0.600000,-0.600000,-0.600000,-0.600000,-0.600000,-0.600000,-0.600000,0.600000,-0.600000,-0.600000,-0.710175,-0.600000,0.600000,-0.600000,0.600000,0.545015,0.600000,-0.600000,-0.600000,-0.001263,-0.600000,-0.600000,-0.600000,-0.600000,-0.600000,-0.600000,-1.000000,-0.600000,0.600000,0.600000,-0.600000,0.600000,-0.600000,-0.600000,1.000000,-0.600000,-0.600000,1.000000,-0.600000,0.600000,-0.600000,-0.600000,-0.600000,-0.600000,-0.600000,0.600000,-0.600000,0.600000,0.600000,-0.600000,-0.600000,-0.600000,0.600000,0.600000,-0.600000,-0.600000,-0.600000,-0.600000,0.930346
151,-0.600000,-0.600000,0.600000,-0.600000,1.000000,-0.600000,-0.600000,0.600000,0.600000,-0.600000,0.600000,-0.600000,0.600000,0.600000,-0.600000,-0.600000,-0.600000,-0.600000,-0.600000,-0.600000,0.600000,-0.600000,-0.600000,-0.710175,-0.600000,0.600000,-0.600000,0.600000,0.545015,0.600000,-0.600000,-0.600000,-0.001190,-0.600000,-0.600000,-0.600000,-0.600000,-0.600000,-0.600000,-1.000000,-0.600000,0.600000,0.600000,-0.600000,0.600000,-0.600000,-0.600000,1.000000,-0.600000,-0.600000,1.000000,-0.600000,0.600000,-0.600000,-0.600000,-0.600000,-0.600000,-0.600000,0.600000,-0.600000,0.600000,0.600000,-0.600000,-0.600000,-0.600000,0.600000,0.600000,-0.600000,-0.600000,-0.600000,-0.600000,0.930346
152,-0.600000,-0.600000,0.600000,-0.600000,1.000000,-0.600000,-0.600000,0.600000,0.600000,-0.600000,0.600000,-0.600000,0.600000,0.600000,-0.600000,-0.600000,-0.600000,-0.600000,-0.600000,-0.600000,0.600000,-0.600000,-0.600000,-0.710175,-0.600000,0.600000,-0.600000,0.600000,0.545015,0.600000,-0.600000,-0.600000,-0.001120,-0.600000,-0.600000,-0.600000,-0.600000,-0.600000,-0.600000,-1.000000,-0.600000,0.600000,0.600000,-0.600000,0.600000,-0.600000,-0.600000,1.000000,-0.600000,-0.600000,1.000000,-0.600000,0.600000,-0.600000,-0.600000,-0.600000,-0.600000,-0.600000,0.600000,-0.600000,0.600000,0.600000,-0.600000,-0.600000,-0.600000,0.600000,0.600000,-0.600000,-0.600000,-0.600000,-0.600000,0.930346
153,-0.600000,-0.600000,0.600000,-0.600000,1.000000,-0.600000,-0.600000,0.600000,0.600000,-0.600000,0.600000,-0.600000,0.600000,0.600000,-0.600000,-0.600000,-0.600000,-0.600000,-0.600000,-0.600000,0.600000,-0.600000,-0.600000,-0.710175,-0.600000,0.600000,-0.600000,0.600000,0.545015,0.600000,-0.600000,-0.600000,-0.001066,-0.600000,-0.600000,-0.600000,-0.600000,-0.600000,-0.600000,-1.000000,-0.600000,0.600000,0.600000,-0.600000,0.600000,-0.600000,-0.600000,1.000000,-0.600000,-0.600000,1.000000,-0.600000,0.600000,-0.600000,-0.600000,-0.600000,-0.600000,-0.600000,0.600000,-0.600000,0.600000,0.600000,-0.600000,-0.600000,-0.600000,0.600000,0.600000,-0.600000,-0.600000,-0.600000,-0.600000,0.930346
154,-0.600000,-0.600000,0.600000,-0.600000,1.000000,-0.600000,-0.600000,0.600000,0.600000,-0.600000,0.600000,-0.600000,0.600000,0.600000,-0.600000,-0.600000,-0.600000,-0.600000,-0.600000,-0.600000,0.600000,-0.600000,-0.600000,-0.710175,-0.600000,0.600000,-0.600000,0.600000,0.545015,0.600000,-0.600000,-0.600000,-0.001004,-0.600000,-0.600000,-0.600000,-0.600000,-0.600000,-0.600000,-1.000000,-0.600000,0.600000,0.600000,-0.600000,0.600000,-0.600000,-0.600000,1.000000,-0.600000,-0.600000,1.000000,-0.600000,0.600000,-0.600000,-0.600000,-0.600000,-0.600000,-0.600000,0.600000,-0.600000,0.600000,0.600000,-0.600000,-0.600000,-0.600000,0.600000,0.600000,-0.600000,-0.600000,-0.600000,-0.600000,0.930346
155,-0.600000,-0.600000,0.600000,-0.600000,1.000000,-0.600000,-0.600000,0.600000,0.600000,-0.600000,0.600000,-0.600000,0.600000,0.600000,-0.600000,-0.600000,-0.600000,-0.600000,-0.600000,-0.600000,0.600000,-0.600000,-0.600000,-0.710175,-0.600000,0.600000,-0.600000,0.600000,0.545015,0.600000,-0.600000,-0.600000,-0.000950,-0.600000,-0.600000,-0.600000,-0.600000,-0.600000,-0.600000,-1.000000,-0.600000,0.600000,0.600000,-0.600000,0.600000,-0.600000,-0.600000,1.000000,-0.600000,-0.600000,1.000000,-0.600000,0.600000,-0.600000,-0.600000,-0.600000,-0.600000,-0.600000,0.600000,-0.600000,0.600000,0.600000,-0.600000,-0.600000,-0.600000,0.600000,0.600000,-0.600000,-0.600000,-0.600000,-0.600000,0.930994
156,-0.600000,-0.600000,0.600000,-0.600000,1.000000,-0.600000,-0.600000,0.600000,0.600000,-0.600000,0.600000,-0.600000,0.600000,0.600000,-0.600000,-0.600000,-0.600000,-0.600000,-0.600000,-0.600000,0.600000,-0.600000,-0.600000,-0.710175,-0.600000,0.600000,-0.600000,0.600000,0.545015,0.600000,-0.600000,-0.600000,-0.000908,-0.600000,-0.600000,-0.600000,-0.600000,-0.600000,-0.600000,-1.000000,-0.600000,0.600000,0.600000,-0.600000,0.600000,-0.600000,-0.600000,1.000000,-0.600000,-0.600000,1.000000,-0.600000,0.600000,-0.600000,-0.600000,-0.600000,-0.600000,-0.600000,0.600000,-0.600000,0.600000,0.600000,-0.600000,-0.600000,-0.600000,0.600000,0.600000,-0.600000,-0.600000,-0.600000,-0.600000,0.930994
157,-0.600000,-0.600000,0.600000,-0.600000,1.000000,-0.600000,-0.600000,0.600000,0.600000,-0.600000,0.600000,-0.600000,0.600000,0.600000,-0.600000,-0.600000,-0.600000,-0.600000,-0.600000,-0.600000,0.600000,-0.600000,-0.600000,-0.710175,-0.600000,0.600000,-0.600000,0.600000,0.545015,0.600000,-0.600000,-0.600000,-0.000859,-0.600000,-0.600000,-0.600000,-0.600000,-0.600000,-0.600000,-1.000000,-0.600000,0.600000,0.600000,-0.600000,0.600000,-0.600000,-0.600000,1.000000,-0.600000,-0.600000,1.000000,-0.600000,0.600000,-0.600000,-0.600000,-0.600000,-0.600000,-0.600000,0.600000,-0.600000,0.600000,0.600000,-0.600000,-0.600000,-0.600000,0.600000,0.600000,-0.600000,-0.600000,-0.600000,-0.600000,0.930994
158,-0.600000,-0.600000,0.600000,-0.600000,1.000000,-0.600000,-0.600000,0.600000,0.600000,-0.600000,0.600000,-0.600000,0.600000,0.600000,-0.600000,-0.600000,-0.600000,-0.600000,-0.600000,-0.600000,0.600000,-0.600000,-0.600000,-0.710175,-0.600000,0.600000,-0.600000,0.600000,0.545015,0.600000,-0.600000,-0.600000,-0.000813,-0.600000,-0.600000,-0.600000,-0.600000,-0.600000,-0.600000,-1.000000,-0.600000,0.600000,0.600000,-0.600000,0.600000,-0.600000,-0.600000,1.000000,-0.600000,-0.600000,1.000000,-0.600000,0.600000,-0.600000,-0.600000,-0.600000,-0.600000,-0.600000,0.600000,-0.600000,0.600000,0.600000,-0.600000,-0.600000,-0.600000,0.600000,0.600000,-0.600000,-0.600000,-0.600000,-0.600000,0.930994
159,-0.600000,-0.600000,0.600000,-0.600000,1.000000,-0.600000,-0.600000,0.600000,0.600000,-0.600000,0.600000,-0.600000,0.600000,0.600000,-0.600000,-0.600000,-0.600000,-0.600000,-0.600000,-0.600000,0.600000,-0.600000,-0.600000,-0.710175,-0.600000,0.600000,-0.600000,0.600000,0.545015,0.600000,-0.600000,-0.600000,-0.000777,-0.600000,-0.600000,-0.600000,-0.600000,-0.600000,-0.600000,-1.000000,-0.600000,0.600000,0.600000,-0.600000,0.600000,-0.600000,-0.600000,1.000000,-0.600000,-0.600000,1.000000,-0.600000,0.600000,-0.600000,-0.600000,-0.600000,-0.600000,-0.600000,0.600000,-0.600000,0.600000,0.600000,-0.600000,-0.600000,-0.600000,0.600000,0.600000,-0.600000,-0.600000,-0.600000,-0.600000,0.930994
160,-0.600000,-0.600000,0.600000,-0.600000,1.000000,-0.600000,-0.600000,0.600000,0.600000,-0.600000,0.600000,-0.600000,0.600000,0.600000,-0.600000,-0.600000,-0.600000,-0.600000,-0.600000,-0.600000,0.600000,-0.600000,-0.600000,-0.710175,-0.600000,0.600000,-0.600000,0.600000,0.545015,0.600000,-0.600000,-0.600000,-0.000747,-0.600000,-0.600000,-0.600000,-0.600000,-0.600000,-0.600000,-1.000000,-0.600000,0.600000,0.600000,-0.600000,0.600000,-0.600000,-0.600000,1.000000,-0.600000,-0.600000,1.000000,-0.600000,0.600000,-0.600000,-0.600000,-0.600000,-0.600000,-0.600000,0.600000,-0.600000,0.600000,0.600000,-0.600000,-0.600000,-0.600000,0.600000,0.600000,-0.600000,-0.600000,-0.600000,-0.600000,0.931636
161,-0.600000,-0.600000,0.600000,-0.600000,1.000000,-0.600000,-0.600000,0.600000,0.600000,-0.600000,0.600000,-0.600000,0.600000,0.600000,-0.600000,-0.600000,-0.600000,-0.600000,-0.600000,-0.600000,0.600000,-0.600000,-0.600000,-0.710175,-0.600000,0.600000,-0.600000,0.600000,0.545015,0.600000,-0.600000,-0.600000,-0.000714,-0.600000,-0.600000,-0.600000,-0.600000,-0.600000,-0.600000,-1.000000,-0.600000,0.600000,0.600000,-0.600000,0.600000,-0.600000,-0.600000,1.000000,-0.600000,-0.600000,1.000000,-0.600000,0.600000,-0.600000,-0.600000,-0.600000,-0.600000,-0.600000,0.600000,-0.600000,0.600000,0.600000,-0.600000,-0.600000,-0.600000,0.600000,0.600000,-0.600000,-0.600000,-0.600000,-0.600000,0.932273
162,-0.600000,-0.600000,0.600000,-0.600000,1.000000,-0.600000,-0.600000,0.600000,0.600000,-0.600000,0.600000,-0.600000,0.600000,0.600000,-0.600000,-0.600000,-0.600000,-0.600000,-0.600000,-0.600000,0.600000,-0.600000,-0.600000,-0.710175,-0.600000,0.600000,-0.600000,0.600000,0.545015,0.600000,-0.600000,-0.600000,-0.000679,-0.600000,-0.600000,-0.600000,-0.600000,-0.600000,-0.600000,-1.000000,-0.600000,0.600000,0.600000,-0.600000,0.600000,-0.600000,-0.600000,1.000000,-0.600000,-0.600000,1.000000,-0.600000,0.600000,-0.600000,-0.600000,-0.600000,-0.600000,-0.600000,0.600000,-0.600000,0.600000,0.600000,-0.600000,-0.600000,-0.600000,0.600000,0.600000,-0.600000,-0.600000,-0.600000,-0.600000,0.932273
163,-0.600000,-0.600000,0.600000,-0.600000,1.000000,-0.600000,-0.600000,0.600000,0.600000,-0.600000,0.600000,-0.600000,0.600000,0.600000,-0.600000,-0.600000,-0.600000,-0.600000,-0.600000,-0.600000,0.600000,-0.600000,-0.600000,-0.710175,-0.600000,0.600000,-0.600000,0.600000,0.545015,0.600000,-0.600000,-0.600000,-0.000646,-0.600000,-0.600000,-0.600000,-0.600000,-0.600000,-0.600000,-1.000000,-0.600000,0.600000,0.600000,-0.600000,0.600000,-0.600000,-0.600000,1.000000,-0.600000,-0.600000,1.000000,-0.600000,0.600000,-0.600000,-0.600000,-0.600000,-0.600000,-0.600000,0.600000,-0.600000,0.600000,0.600000,-0.600000,-0.600000,-0.600000,0.600000,0.600000,-0.600000,-0.600000,-0.600000,-0.600000,0.932273
164,-0.600000,-0.600000,0.600000,-0.600000,1.000000,-0.600000,-0.600000,0.600000,0.600000,-0.600000,0.600000,-0.600000,0.600000,0.600000,-0.600000,-0.600000,-0.600000,-0.600000,-0.600000,-0.600000,0.600000,-0.600000,-0.600000,-0.710175,-0.600000,0.600000,-0.600000,0.600000,0.545015,0.600000,-0.600000,-0.600000,-0.000614,-0.600000,-0.600000,-0.600000,-0.600000,-0.600000,-0.600000,-1.000000,-0.600000,0.600000,0.600000,-0.600000,0.600000,-0.600000,-0.600000,1.000000,-0.600000,-0.600000,1.000000,-0.600000,0.600000,-0.600000,-0.600000,-0.600000,-0.600000,-0.600000,0.600000,-0.600000,0.600000,0.600000,-0.600000,-0.600000,-0.600000,0.600000,0.600000,-0.600000,-0.600000,-0.600000,-0.600000,0.932273
165,-0.600000,-0.600000,0.600000,-0.600000,1.000000,-0.600000,-0.600000,0.600000,0.600000,-0.600000,0.600000,-0.600000,0.600000,0.600000,-0.600000,-0.600000,-0.600000,-0.600000,-0.600000,-0.600000,0.600000,-0.600000,-0.600000,-0.710175,-0.600000,0.600000,-0.600000,0.600000,0.545015,0.600000,-0.600000,-0.600000,-0.000581,-0.600000,-0.600000,-0.600000,-0.600000,-0.600000,-0.600000,-1.000000,-0.600000,0.600000,0.600000,-0.600000,0.600000,-0.600000,-0.600000,1.000000,-0.600000,-0.600000,1.000000,-0.600000,0.600000,-0.600000,-0.600000,-0.600000,-0.600000,-0.600000,0.600000,-0.600000,0.600000,0.600000,-0.600000,-0.600000,-0.600000,0.600000,0.600000,-0.600000,-0.600000,-0.600000,-0.600000,0.932273
166,-0.600000,-0.600000,0.600000,-0.600000,1.000000,-0.600000,-0.600000,0.600000,0.600000,-0.600000,0.600000,-0.600000,0.600000,0.600000,-0.600000,-0.600000,-0.600000,-0.600000,-0.600000,-0.600000,0.600000,-0.600000,-0.600000,-0.712233,-0.600000,0.600000,-0.600000,0.600000,0.545015,0.600000,-0.600000,-0.600000,-0.000547,-0.600000,-0.600000,-0.600000,-0.600000,-0.600000,-0.600000,-1.000000,-0.600000,0.600000,0.600000,-0.600000,0.600000,-0.600000,-0.600000,1.000000,-0.600000,-0.600000,1.000000,-0.600000,0.600000,-0.600000,-0.600000,-0.600000,-0.600000,-0.600000,0.600000,-0.600000,0.600000,0.600000,-0.600000,-0.600000,-0.600000,0.600000,0.600000,-0.600000,-0.600000,-0.600000,-0.600000,0.932905
167,-0.600000,-0.600000,0.600000,-0.600000,1.000000,-0.600000,-0.600000,0.600000,0.600000,-0.600000,0.600000,-0.600000,0.600000,0.600000,-0.600000,-0.600000,-0.600000,-0.600000,-0.600000,-0.600000,0.600000,-0.600000,-0.600000,-0.712233,-0.600000,0.600000,-0.600000,0.600000,0.545015,0.600000,-0.600000,-0.600000,-0.000523,-0.600000,-0.600000,-0.600000,-0.600000,-0.600000,-0.600000,-1.000000,-0.600000,0.600000,0.600000,-0.600000,0.600000,-0.600000,-0.600000,1.000000,-0.600000,-0.600000,1.000000,-0.600000,0.600000,-0.600000,-0.600000,-0.600000,-0.600000,-0.600000,0.600000,-0.600000,0.600000,0.600000,-0.600000,-0.600000,-0.600000,0.600000,0.600000,-0.600000,-0.600000,-0.600000,-0.600000,0.933531
168,-0.600000,-0.600000,0.600000,-0.600000,1.000000,-0.600000,-0.600000,0.600000,0.600000,-0.600000,0.600000,-0.600000,0.600000,0.600000,-0.600000,-0.600000,-0.600000,-0.600000,-0.600000,-0.600000,0.600000,-0.600000,-0.600000,-0.712233,-0.600000,0.600000,-0.600000,0.600000,0.545015,0.600000,-0.600000,-0.600000,-0.000503,-0.600000,-0.600000,-0.600000,-0.600000,-0.600000,-0.600000,-1.000000,-0.600000,0.600000,0.600000,-0.600000,0.600000,-0.600000,-0.600000,1.000000,-0.600000,-0.600000,1.000000,-0.600000,0.600000,-0.600000,-0.600000,-0.600000,-0.600000,-0.600000,0.600000,-0.600000,0.600000,0.600000,-0.600000,-0.600000,-0.600000,0.600000,0.600000,-0.600000,-0.600000,-0.600000,-0.600000,0.934151
169,-0.600000,-0.600000,0.600000,-0.600000,1.000000,-0.600000,-0.600000,0.600000,0.600000,-0.600000,0.600000,-0.600000,0.600000,0.600000,-0.600000,-0.600000,-0.600000,-0.600000,-0.600000,-0.600000,0.600000,-0.600000,-0.600000,-0.712233,-0.600000,0.600000,-0.600000,0.600000,0.545015,0.600000,-0.600000,-0.600000,-0.000478,-0.600000,-0.600000,-0.600000,-0.600000,-0.600000,-0.600000,-1.000000,-0.600000,0.600000,0.600000,-0.600000,0.600000,-0.600000,-0.600000,1.000000,-0.600000,-0.600000,1.000000,-0.600000,0.600000,-0.600000,-0.600000,-0.600000,-0.600000,-0.600000,0.600000,-0.600000,0.600000,0.600000,-0.600000,-0.600000,-0.600000,0.600000,0.600000,-0.600000,-0.600000,-0.600000,-0.600000,0.934151
170,-0.600000,-0.600000,0.600000,-0.600000,1.000000,-0.600000,-0.600000,0.600000,0.600000,-0.600000,0.600000,-0.600000,0.600000,0.600000,-0.600000,-0.600000,-0.600000,-0.600000,-0.600000,-0.600000,0.600000,-0.600000,-0.600000,-0.712233,-0.600000,0.600000,-0.600000,0.600000,0.545015,0.600000,-0.600000,-0.600000,-0.000455,-0.600000,-0.600000,-0.600000,-0.600000,-0.600000,-0.600000,-1.000000,-0.600000,0.600000,0.600000,-0.600000,0.600000,-0.600000,-0.600000,1.000000,-0.600000,-0.600000,1.000000,-0.600000,0.600000,-0.600000,-0.600000,-0.600000,-0.600000,-0.600000,0.600000,-0.600000,0.600000,0.600000,-0.600000,-0.600000,-0.600000,0.600000,0.600000,-0.600000,-0.600000,-0.600000,-0.600000,0.934766
171,-0.600000,-0.600000,0.600000,-0.600000,1.000000,-0.600000,-0.600000,0.600000,0.600000,-0.600000,0.600000,-0.600000,0.600000,0.600000,-0.600000,-0.600000,-0.600000,-0.600000,-0.600000,-0.600000,0.600000,-0.600000,-0.600000,-0.712233,-0.600000,0.600000,-0.600000,0.600000,0.545015,0.600000,-0.600000,-0.600000,-0.000435,-0.600000,-0.600000,-0.600000,-0.600000,-0.600000,-0.600000,-1.000000,-0.600000,0.600000,0.600000,-0.600000,0.600000,-0.600000,-0.600000,1.000000,-0.600000,-0.600000,1.000000,-0.600000,0.600000,-0.600000,-0.600000,-0.600000,-0.600000,-0.600000,0.600000,-0.600000,0.600000,0.600000,-0.600000,-0.600000,-0.600000,0.600000,0.600000,-0.600000,-0.600000,-0.600000,-0.600000,0.935376
172,-0.600000,-0.600000,0.600000,-0.600000,1.000000,-0.600000,-0.600000,0.600000,0.600000,-0.600000,0.600000,-0.600000,0.600000,0.600000,-0.600000,-0.600000,-0.600000,-0.600000,-0.600000,-0.600000,0.600000,-0.600000,-0.600000,-0.712233,-0.600000,0.600000,-0.600000,0.600000,0.545015,0.600000,-0.600000,-0.600000,-0.000411,-0.600000,-0.600000,-0.600000,-0.600000,-0.600000,-0.600000,-1.000000,-0.600000,0.600000,0.600000,-0.600000,0.600000,-0.600000,-0.600000,1.000000,-0.600000,-0.600000,1.000000,-0.600000,0.600000,-0.600000,-0.600000,-0.600000,-0.600000,-0.600000,0.600000,-0.600000,0.600000,0.600000,-0.600000,-0.600000,-0.600000,0.600000,0.600000,-0.600000,-0.600000,-0.600000,-0.600000,0.935376
173,-0.600000,-0.600000,0.600000,-0.600000,1.000000,-0.600000,-0.600000,0.600000,0.600000,-0.600000,0.600000,-0.600000,0.600000,0.600000,-0.600000,-0.600000,-0.600000,-0.600000,-0.600000,-0.600000,0.600000,-0.600000,-0.600000,-0.712233,-0.600000,0.600000,-0.600000,0.600000,0.545015,0.600000,-0.600000,-0.600000,-0.000389,-0.600000,-0.600000,-0.600000,-0.600000,-0.600000,-0.600000,-1.000000,-0.600000,0.600000,0.600000,-0.600000,0.600000,-0.600000,-0.600000,1.000000,-0.600000,-0.600000,1.000000,-0.600000,0.600000,-0.600000,-0.600000,-0.600000,-0.600000,-0.600000,0.600000,-0.600000,0.600000,0.600000,-0.600000,-0.600000,-0.600000,0.600000,0.600000,-0.600000,-0.600000,-0.600000,-0.600000,0.935376
174,-0.600000,-0.600000,0.600000,-0.600000,1.000000,-0.600000,-0.600000,0.600000,0.600000,-0.600000,0.600000,-0.600000,0.600000,0.600000,-0.600000,-0.600000,-0.600000,-0.600000,-0.600000,-0.600000,0.600000,-0.600000,-0.600000,-0.712233,-0.600000,0.600000,-0.600000,0.600000,0.545015,0.600000,-0.600000,-0.600000,-0.000374,-0.600000,-0.600000,-0.600000,-0.600000,-0.600000,-0.600000,-1.000000,-0.600000,0.600000,0.600000,-0.600000,0.600000,-0.600000,-0.600000,1.000000,-0.600000,-0.600000,1.000000,-0.600000,0.600000,-0.600000,-0.600000,-0.600000,-0.600000,-0.600000,0.600000,-0.600000,0.600000,0.600000,-0.600000,-0.600000,-0.600000,0.600000,0.600000,-0.600000,-0.600000,-0.600000,-0.600000,0.937174
175,-0.600000,-0.600000,0.600000,-0.600000,1.000000,-0.600000,-0.600000,0.600000,0.600000,-0.600000,0.600000,-0.600000,0.600000,0.600000,-0.600000,-0.600000,-0.600000,-0.600000,-0.600000,-0.600000,0.600000,-0.600000,-0.600000,-0.712233,-0.600000,0.600000,-0.600000,0.600000,0.545015,0.600000,-0.600000,-0.600000,-0.000356,-0.600000,-0.600000,-0.600000,-0.600000,-0.600000,-0.600000,-1.000000,-0.600000,0.600000,0.600000,-0.600000,0.600000,-0.600000,-0.600000,1.000000,-0.600000,-0.600000,1.000000,-0.600000,0.600000,-0.600000,-0.600000,-0.600000,-0.600000,-0.600000,0.600000,-0.600000,0.600000,0.600000,-0.600000,-0.600000,-0.600000,0.600000,0.600000,-0.600000,-0.600000,-0.600000,-0.600000,0.937762
176,-0.600000,-0.600000,0.600000,-0.600000,1.000000,-0.600000,-0.600000,0.600000,0.600000,-0.600000,0.600000,-0.600000,0.600000,0.600000,-0.600000,-0.600000,-0.600000,-0.600000,-0.600000,-0.600000,0.600000,-0.600000,-0.600000,-0.712233,-0.600000,0.600000,-0.600000,0.600000,0.545015,0.600000,-0.600000,-0.600000,-0.000340,-0.600000,-0.600000,-0.600000,-0.600000,-0.600000,-0.600000,-1.000000,-0.600000,0.600000,0.600000,-0.600000,0.600000,-0.600000,-0.600000,1.000000,-0.600000,-0.600000,1.000000,-0.600000,0.600000,-0.600000,-0.600000,-0.600000,-0.600000,-0.600000,0.600000,-0.600000,0.600000,0.600000,-0.600000,-0.600000,-0.600000,0.600000,0.600000,-0.600000,-0.600000,-0.600000,-0.600000,0.937762
177,-0.600000,-0.600000,0.600000,-0.600000,1.000000,-0.600000,-0.600000,0.600000,0.600000,-0.600000,0.600000,-0.600000,0.600000,0.600000,-0.600000,-0.600000,-0.600000,-0.600000,-0.600000,-0.600000,0.600000,-0.600000,-0.600000,-0.712233,-0.600000,0.600000,-0.600000,0.600000,0.545015,0.600000,-0.600000,-0.600000,-0.000323,-0.600000,-0.600000,-0.600000,-0.600000,-0.600000,-0.600000,-1.000000,-0.600000,0.600000,0.600000,-0.600000,0.600000,-0.600000,-0.600000,1.000000,-0.600000,-0.600000,1.000000,-0.600000,0.600000,-0.600000,-0.600000,-0.600000,-0.600000,-0.600000,0.600000,-0.600000,0.600000,0.600000,-0.600000,-0.600000,-0.600000,0.600000,0.600000,-0.600000,-0.600000,-0.600000,-0.600000,0.937762
178,-0.600000,-0.600000,0.600000,-0.600000,1.000000,-0.600000,-0.600000,0.600000,0.600000,-0.600000,0.600000,-0.600000,0.600000,0.600000,-0.600000,-0.600000,-0.600000,-0.600000,-0.600000,-0.600000,0.600000,-0.600000,-0.600000,-0.712233,-0.600000,0.600000,-0.600000,0.600000,0.545015,0.600000,-0.600000,-0.600000,-0.000309,-0.600000,-0.600000,-0.600000,-0.600000,-0.600000,-0.600000,-1.000000,-0.600000,0.600000,0.600000,-0.600000,0.600000,-0.600000,-0.600000,1.000000,-0.600000,-0.600000,1.000000,-0.600000,0.600000,-0.600000,-0.600000,-0.600000,-0.600000,-0.600000,0.600000,-0.600000,0.600000,0.600000,-0.600000,-0.600000,-0.600000,0.600000,0.600000,-0.600000,-0.600000,-0.600000,-0.600000,0.937762
179,-0.600000,-0.600000,0.600000,-0.600000,1.000000,-0.600000,-0.600000,0.600000,0.600000,-0.600000,0.600000,-0.600000,0.600000,0.600000,-0.600000,-0.600000,-0.600000,-0.600000,-0.600000,-0.600000,0.600000,-0.600000,-0.600000,-0.712233,-0.600000,0.600000,-0.600000,0.600000,0.545015,0.600000,-0.600000,-0.600000,-0.000293,-0.600000,-0.600000,-0.600000,-0.600000,-0.600000,-0.600000,-1.000000,-0.600000,0.600000,0.600000,-0.600000,0.600000,-0.600000,-0.600000,1.000000,-0.600000,-0.600000,1.000000,-0.600000,0.600000,-0.600000,-0.600000,-0.600000,-0.600000,-0.600000,0.600000,-0.600000,0.600000,0.600000,-0.600000,-0.600000,-0.600000,0.600000,0.600000,-0.600000,-0.600000,-0.600000,-0.600000,0.937762
180,-0.600000,-0.600000,0.600000,-0.600000,1.000000,-0.600000,-0.600000,0.600000,0.600000,-0.600000,0.600000,-0.600000,0.600000,0.600000,-0.600000,-0.600000,-0.600000,-0.600000,-0.600000,-0.600000,0.600000,-0.600000,-0.600000,-0.712233,-0.600000,0.600000,-0.600000,0.600000,0.545015,0.600000,-0.600000,-0.600000,-0.000278,-0.600000,-0.600000,-0.600000,-0.600000,-0.600000,-0.600000,-1.000000,-0.600000,0.600000,0.600000,-0.600000,0.600000,-0.600000,-0.600000,1.000000,-0.600000,-0.600000,1.000000,-0.600000,0.600000,-0.600000,-0.600000,-0.600000,-0.600000,-0.600000,0.600000,-0.600000,0.600000,0.600000,-0.600000,-0.600000,-0.600000,0.600000,0.600000,-0.600000,-0.600000,-0.600000,-0.600000,0.938346
181,-0.600000,-0.600000,0.600000,-0.600000,1.000000,-0.600000,-0.600000,0.600000,0.600000,-0.600000,0.600000,-0.600000,0.600000,0.600000,-0.600000,-0.600000,-0.600000,-0.600000,-0.600000,-0.600000,0.600000,-0.600000,-0.600000,-0.712233,-0.600000,0.600000,-0.600000,0.600000,0.545015,0.600000,-0.600000,-0.600000,-0.000262,-0.600000,-0.600000,-0.600000,-0.600000,-0.600000,-0.600000,-1.000000,-0.600000,0.600000,0.600000,-0.600000,0.600000,-0.600000,-0.600000,1.000000,-0.600000,-0.600000,1.000000,-0.600000,0.600000,-0.600000,-0.600000,-0.600000,-0.600000,-0.600000,0.600000,-0.600000,0.600000,0.600000,-0.600000,-0.600000,-0.600000,0.600000,0.600000,-0.600000,-0.600000,-0.600000,-0.600000,0.938346
182,-0.600000,-0.600000,0.600000,-0.600000,1.000000,-0.600000,-0.600000,0.600000,0.600000,-0.600000,0.600000,-0.600000,0.600000,0.600000,-0.600000,-0.600000,-0.600000,-0.600000,-0.600000,-0.600000,0.600000,-0.600000,-0.600000,-0.712233,-0.600000,0.600000,-0.600000,0.600000,0.545015,0.600000,-0.600000,-0.600000,-0.000251,-0.600000,-0.600000,-0.600000,-0.600000,-0.600000,-0.600000,-1.000000,-0.600000,0.600000,0.600000,-0.600000,0.600000,-0.600000,-0.600000,1.000000,-0.600000,-0.600000,1.000000,-0.600000,0.600000,-0.600000,-0.600000,-0.600000,-0.600000,-0.600000,0.600000,-0.600000,0.600000,0.600000,-0.600000,-0.600000,-0.600000,0.600000,0.600000,-0.600000,-0.600000,-0.600000,-0.600000,0.938925
183,-0.600000,-0.600000,0.600000,-0.600000,1.000000,-0.600000,-0.600000,0.600000,0.600000,-0.600000,0.600000,-0.600000,0.600000,0.600000,-0.600000,-0.600000,-0.600000,-0.600000,-0.600000,-0.600000,0.600000,-0.600000,-0.600000,-0.712233,-0.600000,0.600000,-0.600000,0.600000,0.545015,0.600000,-0.600000,-0.600000,-0.000241,-0.600000,-0.600000,-0.600000,-0.600000,-0.600000,-0.600000,-1.000000,-0.600000,0.600000,0.600000,-0.600000,0.600000,-0.600000,-0.600000,1.000000,-0.600000,-0.600000,1.000000,-0.600000,0.600000,-0.600000,-0.600000,-0.600000,-0.600000,-0.600000,0.600000,-0.600000,0.600000,0.600000,-0.600000,-0.600000,-0.600000,0.600000,0.600000,-0.600000,-0.600000,-0.600000,-0.600000,0.939498
184,-0.600000,-0.600000,0.600000,-0.600000,1.000000,-0.600000,-0.600000,0.600000,0.600000,-0.600000,0.600000,-0.600000,0.600000,0.600000,-0.600000,-0.600000,-0.600000,-0.600000,-0.600000,-0.600000,0.600000,-0.600000,-0.600000,-0.712233,-0.600000,0.600000,-0.600000,0.600000,0.545015,0.600000,-0.600000,-0.600000,-0.000227,-0.600000,-0.600000,-0.600000,-0.600000,-0.600000,-0.600000,-1.000000,-0.600000,0.600000,0.600000,-0.600000,0.600000,-0.600000,-0.600000,1.000000,-0.600000,-0.600000,1.000000,-0.600000,0.600000,-0.600000,-0.600000,-0.600000,-0.600000,-0.600000,0.600000,-0.600000,0.600000,0.600000,-0.600000,-0.600000,-0.600000,0.600000,0.600000,-0.600000,-0.600000,-0.600000,-0.600000,0.939498
185,-0.600000,-0.600000,0.600000,-0.600000,1.000000,-0.600000,-0.600000,0.600000,0.600000,-0.600000,0.600000,-0.600000,0.600000,0.600000,-0.600000,-0.600000,-0.600000,-0.600000,-0.600000,-0.600000,0.600000,-0.600000,-0.600000,-0.712233,-0.600000,0.600000,-0.600000,0.600000,0.545015,0.600000,-0.600000,-0.600000,-0.000216,-0.600000,-0.600000,-0.600000,-0.600000,-0.600000,-0.600000,-1.000000,-0.600000,0.600000,0.600000,-0.600000,0.600000,-0.600000,-0.600000,1.000000,-0.600000,-0.600000,1.000000,-0.600000,0.600000,-0.600000,-0.600000,-0.600000,-0.600000,-0.600000,0.600000,-0.600000,0.600000,0.600000,-0.600000,-0.600000,-0.600000,0.600000,0.600000,-0.600000,-0.600000,-0.600000,-0.600000,0.939498
186,-0.600000,-0.600000,0.600000,-0.600000,1.000000,-0.600000,-0.600000,0.600000,0.600000,-0.600000,0.600000,-0.600000,0.600000,0.600000,-0.600000,-0.600000,-0.600000,-0.600000,-0.600000,-0.600000,0.600000,-0.600000,-0.600000,-0.712233,-0.600000,0.600000,-0.600000,0.600000,0.545015,0.600000,-0.600000,-0.600000,-0.000205,-0.600000,-0.600000,-0.600000,-0.600000,-0.600000,-0.600000,-1.000000,-0.600000,0.600000,0.600000,-0.600000,0.600000,-0.600000,-0.600000,1.000000,-0.600000,-0.600000,1.000000,-0.600000,0.600000,-0.600000,-0.600000,-0.600000,-0.600000,-0.600000,0.600000,-0.600000,0.600000,0.600000,-0.600000,-0.600000,-0.600000,0.600000,0.600000,-0.600000,-0.600000,-0.600000,-0.600000,0.939498
187,-0.600000,-0.600000,0.600000,-0.600000,1.000000,-0.600000,-0.600000,0.600000,0.600000,-0.600000,0.600000,-0.600000,0.600000,0.600000,-0.600000,-0.600000,-0.600000,-0.600000,-0.600000,-0.600000,0.600000,-0.600000,-0.600000,-0.712233,-0.600000,0.600000,-0.600000,0.600000,0.545015,0.600000,-0.600000,-0.600000,-0.000194,-0.600000,-0.600000,-0.600000,-0.600000,-0.600000,-0.600000,-1.000000,-0.600000,0.600000,0.600000,-0.600000,0.600000,-0.600000,-0.600000,1.000000,-0.600000,-0.600000,1.000000,-0.600000,0.600000,-0.600000,-0.600000,-0.600000,-0.600000,-0.600000,0.600000,-0.600000,0.600000,0.600000,-0.600000,-0.600000,-0.600000,0.600000,0.600000,-0.600000,-0.600000,-0.600000,-0.600000,0.939498
188,-0.600000,-0.600000,0.600000,-0.600000,1.000000,-0.600000,-0.600000,0.600000,0.600000,-0.600000,0.600000,-0.600000,0.600000,0.600000,-0.600000,-0.600000,-0.600000,-0.600000,-0.600000,-0.600000,0.600000,-0.600000,-0.600000,-0.712233,-0.600000,0.600000,-0.600000,0.600000,0.545015,0.600000,-0.600000,-0.600000,-0.000184,-0.600000,-0.600000,-0.600000,-0.600000,-0.600000,-0.600000,-1.000000,-0.600000,0.600000,0.600000,-0.600000,0.600000,-0.600000,-0.600000,1.000000,-0.600000,-0.600000,1.000000,-0.600000,0.600000,-0.600000,-0.600000,-0.600000,-0.600000,-0.600000,0.600000,-0.600000,0.600000,0.600000,-0.600000,-0.600000,-0.600000,0.600000,0.600000,-0.600000,-0.600000,-0.600000,-0.600000,0.939498
189,-0.600000,-0.600000,0.600000,-0.600000,1.000000,-0.600000,-0.600000,0.600000,0.600000,-0.600000,0.600000,-0.600000,0.600000,0.600000,-0.600000,-0.600000,-0.600000,-0.600000,-0.600000,-0.600000,0.600000,-0.600000,-0.600000,-0.712233,-0.600000,0.600000,-0.600000,0.600000,0.545015,0.600000,-0.600000,-0.600000,-0.000173,-0.600000,-0.600000,-0.600000,-0.600000,-0.600000,-0.600000,-1.000000,-0.600000,0.600000,0.600000,-0.600000,0.600000,-0.600000,-0.600000,1.000000,-0.600000,-0.600000,1.000000,-0.600000,0.600000,-0.600000,-0.600000,-0.600000,-0.600000,-0.600000,0.600000,-0.600000,0.600000,0.600000,-0.600000,-0.600000,-0.600000,0.600000,0.600000,-0.600000,-0.600000,-0.600000,-0.600000,0.939498
190,-0.600000,-0.600000,0.600000,-0.600000,1.000000,-0.600000,-0.600000,0.600000,0.600000,-0.600000,0.600000,-0.600000,0.600000,0.600000,-0.600000,-0.600000,-0.600000,-0.600000,-0.600000,-0.600000,0.600000,-0.600000,-0.600000,-0.712233,-0.600000,0.600000,-0.600000,0.600000,0.545015,0.600000,-0.600000,-0.600000,-0.000163,-0.600000,-0.600000,-0.600000,-0.600000,-0.600000,-0.600000,-1.000000,-0.600000,0.600000,0.600000,-0.600000,0.600000,-0.600000,-0.600000,1.000000,-0.600000,-0.600000,1.000000,-0.600000,0.600000,-0.600000,-0.600000,-0.600000,-0.600000,-0.600000,0.600000,-0.600000,0.600000,0.600000,-0.600000,-0.600000,-0.600000,0.600000,0.600000,-0.600000,-0.600000,-0.600000,-0.600000,0.939498
191,-0.600000,-0.600000,0.600000,-0.600000,1.000000,-0.600000,-0.600000,0.600000,0.600000,-0.600000,0.600000,-0.600000,0.600000,0.600000,-0.600000,-0.600000,-0.600000,-0.600000,-0.600000,-0.600000,0.600000,-0.600000,-0.600000,-0.712233,-0.600000,0.600000,-0.600000,0.600000,0.545015,0.600000,-0.600000,-0.600000,-0.000156,-0.600000,-0.600000,-0.600000,-0.600000,-0.600000,-0.600000,-1.000000,-0.600000,0.600000,0.600000,-0.600000,0.600000,-0.600000,-0.600000,1.000000,-0.600000,-0.600000,1.000000,-0.600000,0.600000,-0.600000,-0.600000,-0.600000,-0.600000,-0.600000,0.600000,-0.600000,0.600000,0.600000,-0.600000,-0.600000,-0.600000,0.600000,0.600000,-0.600000,-0.600000,-0.600000,-0.600000,0.939498
192,-0.600000,-0.600000,0.600000,-0.600000,1.000000,-0.600000,-0.600000,0.600000,0.600000,-0.600000,0.600000,-0.600000,0.600000,0.600000,-0.600000,-0.600000,-0.600000,-0.600000,-0.600000,-0.600000,0.600000,-0.600000,-0.600000,-0.712233,-0.600000,0.600000,-0.600000,0.600000,0.545015,0.600000,-0.600000,-0.600000,-0.000147,-0.600000,-0.600000,-0.600000,-0.600000,-0.600000,-0.600000,-1.000000,-0.600000,0.600000,0.600000,-0.600000,0.600000,-0.600000,-0.600000,1.000000,-0.600000,-0.600000,1.000000,-0.600000,0.600000,-0.600000,-0.600000,-0.600000,-0.600000,-0.600000,0.600000,-0.600000,0.600000,0.600000,-0.600000,-0.600000,-0.600000,0.600000,0.600000,-0.600000,-0.600000,-0.600000,-0.600000,0.939498
193,-0.600000,-0.600000,0.600000,-0.600000,1.000000,-0.600000,-0.600000,0.600000,0.600000,-0.600000,0.600000,-0.600000,0.600000,0.600000,-0.600000,-0.600000,-0.600000,-0.600000,-0.600000,-0.600000,0.600000,-0.600000,-0.600000,-0.712233,-0.600000,0.600000,-0.600000,0.600000,0.545015,0.600000,-0.600000,-0.600000,-0.000141,-0.600000,-0.600000,-0.600000,-0.600000,-0.600000,-0.600000,-1.000000,-0.600000,0.600000,0.600000,-0.600000,0.600000,-0.600000,-0.600000,1.000000,-0.600000,-0.600000,1.000000,-0.600000,0.600000,-0.600000,-0.600000,-0.600000,-0.600000,-0.600000,0.600000,-0.600000,0.600000,0.600000,-0.600000,-0.600000,-0.600000,0.600000,0.600000,-0.600000,-0.600000,-0.600000,-0.600000,0.940066
194,-0.600000,-0.600000,0.600000,-0.600000,1.000000,-0.600000,-0.600000,0.600000,0.600000,-0.600000,0.600000,-0.600000,0.600000,0.600000,-0.600000,-0.600000,-0.600000,-0.600000,-0.600000,-0.600000,0.600000,-0.600000,-0.600000,-0.712233,-0.600000,0.600000,-0.600000,0.600000,0.545015,0.600000,-0.600000,-0.600000,-0.000134,-0.600000,-0.600000,-0.600000,-0.600000,-0.600000,-0.600000,-1.000000,-0.600000,0.600000,0.600000,-0.600000,0.600000,-0.600000,-0.600000,1.000000,-0.600000,-0.600000,1.000000,-0.600000,0.600000,-0.600000,-0.600000,-0.600000,-0.600000,-0.600000,0.600000,-0.600000,0.600000,0.600000,-0.600000,-0.600000,-0.600000,0.600000,0.600000,-0.600000,-0.600000,-0.600000,-0.600000,0.940066
195,-0.600000,-0.600000,0.600000,-0.600000,1.000000,-0.600000,-0.600000,0.600000,0.600000,-0.600000,0.600000,-0.600000,0.600000,0.600000,-0.600000,-0.600000,-0.600000,-0.600000,-0.600000,-0.600000,0.600000,-0.600000,-0.600000,-0.712233,-0.600000,0.600000,-0.600000,0.600000,0.545015,0.600000,-0.600000,-0.600000,-0.000126,-0.600000,-0.600000,-0.600000,-0.600000,-0.600000,-0.600000,-1.000000,-0.600000,0.600000,0.600000,-0.600000,0.600000,-0.600000,-0.600000,1.000000,-0.600000,-0.600000,1.000000,-0.600000,0.600000,-0.600000,-0.600000,-0.600000,-0.600000,-0.600000,0.600000,-0.600000,0.600000,0.600000,-0.600000,-0.600000,-0.600000,0.600000,0.600000,-0.600000,-0.600000,-0.600000,-0.600000,0.940066
196,-0.600000,-0.600000,0.600000,-0.600000,1.000000,-0.600000,-0.600000,0.600000,0.600000,-0.600000,0.600000,-0.600000,0.600000,0.600000,-0.600000,-0.600000,-0.600000,-0.600000,-0.600000,-0.600000,0.600000,-0.600000,-0.600000,-0.712233,-0.600000,0.600000,-0.600000,0.600000,0.545015,0.600000,-0.600000,-0.600000,-0.000119,-0.600000,-0.600000,-0.600000,-0.600000,-0.600000,-0.600000,-1.000000,-0.600000,0.600000,0.600000,-0.600000,0.600000,-0.600000,-0.600000,1.000000,-0.600000,-0.600000,1.000000,-0.600000,0.600000,-0.600000,-0.600000,-0.600000,-0.600000,-0.600000,0.600000,-0.600000,0.600000,0.600000,-0.600000,-0.600000,-0.600000,0.600000,0.600000,-0.600000,-0.600000,-0.600000,-0.600000,0.940066
197,-0.600000,-0.600000,0.600000,-0.600000,1.000000,-0.600000,-0.600000,0.600000,0.600000,-0.600000,0.600000,-0.600000,0.600000,0.600000,-0.600000,-0.600000,-0.600000,-0.600000,-0.600000,-0.600000,0.600000,-0.600000,-0.600000,-0.712233,-0.600000,0.600000,-0.600000,0.600000,0.545015,0.600000,-0.600000,-0.600000,-0.000112,-0.600000,-0.600000,-0.600000,-0.600000,-0.600000,-0.600000,-1.000000,-0.600000,0.600000,0.600000,-0.600000,0.600000,-0.600000,-0.600000,1.000000,-0.600000,-0.600000,1.000000,-0.600000,0.600000,-0.600000,-0.600000,-0.600000,-0.600000,-0.600000,0.600000,-0.600000,0.600000,0.600000,-0.600000,-0.600000,-0.600000,0.600000,0.600000,-0.600000,-0.600000,-0.600000,-0.600000,0.940066
198,-0.600000,-0.600000,0.600000,-0.600000,1.000000,-0.600000,-0.600000,0.600000,0.600000,-0.600000,0.600000,-0.600000,0.600000,0.600000,-0.600000,-0.600000,-0.600000,-0.600000,-0.600000,-0.600000,0.600000,-0.600000,-0.600000,-0.712233,-0.600000,0.600000,-0.600000,0.600000,0.545015,0.600000,-0.600000,-0.600000,-0.000108,-0.600000,-0.600000,-0.600000,-0.600000,-0.600000,-0.600000,-1.000000,-0.600000,0.600000,0.600000,-0.600000,0.600000,-0.600000,-0.600000,1.000000,-0.600000,-0.600000,1.000000,-0.600000,0.600000,-0.600000,-0.600000,-0.600000,-0.600000,-0.600000,0.600000,-0.600000,0.600000,0.600000,-0.600000,-0.600000,-0.600000,0.600000,0.600000,-0.600000,-0.600000,-0.600000,-0.600000,0.940630
199,-0.600000,-0.600000,0.600000,-0.600000,1.000000,-0.600000,-0.600000,0.600000,0.600000,-0.600000,0.600000,-0.600000,0.600000,0.600000,-0.600000,-0.600000,-0.600000,-0.600000,-0.600000,-0.600000,0.600000,-0.600000,-0.600000,-0.712233,-0.600000,0.600000,-0.600000,0.600000,0.545015,0.600000,-0.600000,-0.600000,-0.000104,-0.600000,-0.600000,-0.600000,-0.600000,-0.600000,-0.600000,-1.000000,-0.600000,0.600000,0.600000,-0.600000,0.600000,-0.600000,-0.600000,1.000000,-0.600000,-0.600000,1.000000,-0.600000,0.600000,-0.600000,-0.600000,-0.600000,-0.600000,-0.600000,0.600000,-0.600000,0.600000,0.600000,-0.600000,-0.600000,-0.600000,0.600000,0.600000,-0.600000,-0.600000,-0.600000,-0.600000,0.941188
200,-0.600000,-0.600000,0.600000,-0.600000,1.000000,-0.600000,-0.600000,0.600000,0.600000,-0.600000,0.600000,-0.600000,0.600000,0.600000,-0.600000,-0.600000,-0.600000,-0.600000,-0.600000,-0.600000,0.600000,-0.600000,-0.600000,-0.712233,-0.600000,0.600000,-0.600000,0.600000,0.545015,0.600000,-0.600000,-0.600000,-0.000099,-0.600000,-0.600000,-0.600000,-0.600000,-0.600000,-0.600000,-1.000000,-0.600000,0.600000,0.600000,-0.600000,0.600000,-0.600000,-0.600000,1.000000,-0.600000,-0.600000,1.000000,-0.600000,0.600000,-0.600000,-0.600000,-0.600000,-0.600000,-0.600000,0.600000,-0.600000,0.600000,0.600000,-0.600000,-0.600000,-0.600000,0.600000,0.600000,-0.600000,-0.600000,-0.600000,-0.600000,0.941188
201,-0.600000,-0.600000,0.600000,-0.600000,1.000000,-0.600000,-0.600000,0.600000,0.600000,-0.600000,0.600000,-0.600000,0.600000,0.600000,-0.600000,-0.600000,-0.600000,-0.600000,-0.600000,-0.600000,0.600000,-0.600000,-0.600000,-0.712233,-0.600000,0.600000,-0.600000,0.600000,0.545015,0.600000,-0.600000,-0.600000,-0.000095,-0.600000,-0.600000,-0.600000,-0.600000,-0.600000,-0.600000,-1.000000,-0.600000,0.600000,0.600000,-0.600000,0.600000,-0.600000,-0.600000,1.000000,-0.600000,-0.600000,1.000000,-0.600000,0.600000,-0.600000,-0.600000,-0.600000,-0.600000,-0.600000,0.600000,-0.600000,0.600000,0.600000,-0.600000,-0.600000,-0.600000,0.600000,0.600000,-0.600000,-0.600000,-0.600000,-0.600000,0.941742
202,-0.600000,-0.600000,0.600000,-0.600000,1.000000,-0.600000,-0.600000,0.600000,0.600000,-0.600000,0.600000,-0.600000,0.600000,0.600000,-0.600000,-0.600000,-0.600000,-0.600000,-0.600000,-0.600000,0.600000,-0.600000,-0.600000,-0.712233,-0.600000,0.600000,-0.600000,0.600000,0.545015,0.600000,-0.600000,-0.600000,-0.000090,-0.600000,-0.600000,-0.600000,-0.600000,-0.600000,-0.600000,-1.000000,-0.600000,0.600000,0.600000,-0.600000,0.600000,-0.600000,-0.600000,1.000000,-0.600000,-0.600000,1.000000,-0.600000,0.600000,-0.600000,-0.600000,-0.600000,-0.600000,-0.600000,0.600000,-0.600000,0.600000,0.600000,-0.600000,-0.600000,-0.600000,0.600000,0.600000,-0.600000,-0.600000,-0.600000,-0.600000,0.941742
203,-0.600000,-0.600000,0.600000,-0.600000,1.000000,-0.600000,-0.600000,0.600000,0.600000,-0.600000,0.600000,-0.600000,0.600000,0.600000,-0.600000,-0.600000,-0.600000,-0.600000,-0.600000,-0.600000,0.600000,-0.600000,-0.600000,-0.712233,-0.600000,0.600000,-0.600000,0.600000,0.545015,0.600000,-0.600000,-0.600000,-0.000086,-0.600000,-0.600000,-0.600000,-0.600000,-0.600000,-0.600000,-1.000000,-0.600000,0.600000,0.600000,-0.600000,0.600000,-0.600000,-0.600000,1.000000,-0.600000,-0.600000,1.000000,-0.600000,0.600000,-0.600000,-0.600000,-0.600000,-0.600000,-0.600000,0.600000,-0.600000,0.600000,0.600000,-0.600000,-0.600000,-0.600000,0.600000,0.600000,-0.600000,-0.600000,-0.600000,-0.600000,0.941742
204,-0.600000,-0.600000,0.600000,-0.600000,1.000000,-0.600000,-0.600000,0.600000,0.600000,-0.600000,0.600000,-0.600000,0.600000,0.600000,-0.600000,-0.600000,-0.600000,-0.600000,-0.600000,-0.600000,0.600000,-0.600000,-0.600000,-0.712233,-0.600000,0.600000,-0.600000,0.600000,0.545015,0.600000,-0.600000,-0.600000,-0.000082,-0.600000,-0.600000,-0.600000,-0.600000,-0.600000,-0.600000,-1.000000,-0.600000,0.600000,0.600000,-0.600000,0.600000,-0.600000,-0.600000,1.000000,-0.600000,-0.600000,1.000000,-0.600000,0.600000,-0.600000,-0.600000,-0.600000,-0.600000,-0.600000,0.600000,-0.600000,0.600000,0.600000,-0.600000,-0.600000,-0.600000,0.600000,0.600000,-0.600000,-0.600000,-0.600000,-0.600000,0.941742
205,-0.600000,-0.600000,0.600000,-0.600000,1.000000,-0.600000,-0.600000,0.600000,0.600000,-0.600000,0.600000,-0.600000,0.600000,0.600000,-0.600000,-0.600000,-0.600000,-0.600000,-0.600000,-0.600000,0.600000,-0.600000,-0.600000,-0.712233,-0.600000,0.600000,-0.600000,0.600000,0.545015,0.600000,-0.600000,-0.600000,-0.000078,-0.600000,-0.600000,-0.600000,-0.600000,-0.600000,-0.600000,-1.000000,-0.600000,0.600000,0.600000,-0.600000,0.600000,-0.600000,-0.600000,1.000000,-0.600000,-0.600000,1.000000,-0.600000,0.600000,-0.600000,-0.600000,-0.600000,-0.600000,-0.600000,0.600000,-0.600000,0.600000,0.600000,-0.600000,-0.600000,-0.600000,0.600000,0.600000,-0.600000,-0.600000,-0.600000,-0.600000,0.941742
206,-0.600000,-0.600000,0.600000,-0.600000,1.000000,-0.600000,-0.600000,0.600000,0.600000,-0.600000,0.600000,-0.600000,0.600000,0.600000,-0.600000,-0.600000,-0.600000,-0.600000,-0.600000,-0.600000,0.600000,-0.600000,-0.600000,-0.712233,-0.600000,0.600000,-0.600000,0.600000,0.545015,0.600000,-0.600000,-0.600000,-0.000073,-0.600000,-0.600000,-0.600000,-0.600000,-0.600000,-0.600000,-1.000000,-0.600000,0.600000,0.600000,-0.600000,0.600000,-0.600000,-0.600000,1.000000,-0.600000,-0.600000,1.000000,-0.600000,0.600000,-0.600000,-0.600000,-0.600000,-0.600000,-0.600000,0.600000,-0.600000,0.600000,0.600000,-0.600000,-0.600000,-0.600000,0.600000,0.600000,-0.600000,-0.600000,-0.600000,-0.600000,0.941742
207,-0.600000,-0.600000,0.600000,-0.600000,1.000000,-0.600000,-0.600000,0.600000,0.600000,-0.600000,0.600000,-0.600000,0.600000,0.600000,-0.600000,-0.600000,-0.600000,-0.600000,-0.600000,-0.600000,0.600000,-0.600000,-0.600000,-0.712233,-0.600000,0.600000,-0.600000,0.600000,0.545015,0.600000,-0.600000,-0.600000,-0.000070,-0.600000,-0.600000,-0.600000,-0.600000,-0.600000,-0.600000,-1.000000,-0.600000,0.600000,0.600000,-0.600000,0.600000,-0.600000,-0.600000,1.000000,-0.600000,-0.600000,1.000000,-0.600000,0.600000,-0.600000,-0.600000,-0.600000,-0.600000,-0.600000,0.600000,-0.600000,0.600000,0.600000,-0.600000,-0.600000,-0.600000,0.600000,0.600000,-0.600000,-0.600000,-0.600000,-0.600000,0.941742
208,-0.600000,-0.600000,0.600000,-0.600000,1.000000,-0.600000,-0.600000,0.600000,0.600000,-0.600000,0.600000,-0.600000,0.600000,0.600000,-0.600000,-0.600000,-0.600000,-0.600000,-0.600000,-0.600000,0.600000,-0.600000,-0.600000,-0.714282,-0.600000,0.600000,-0.600000,0.600000,0.545015,0.600000,-0.600000,-0.600000,-0.000067,-0.600000,-0.600000,-0.600000,-0.600000,-0.600000,-0.600000,-1.000000,-0.600000,0.600000,0.600000,-0.600000,0.600000,-0.600000,-0.600000,1.000000,-0.600000,-0.600000,1.000000,-0.600000,0.600000,-0.600000,-0.600000,-0.600000,-0.600000,-0.600000,0.600000,-0.600000,0.600000,0.600000,-0.600000,-0.600000,-0.600000,0.600000,0.600000,-0.600000,-0.600000,-0.600000,-0.600000,0.942290
209,-0.600000,-0.600000,0.600000,-0.600000,1.000000,-0.600000,-0.600000,0.600000,0.600000,-0.600000,0.600000,-0.600000,0.600000,0.600000,-0.600000,-0.600000,-0.600000,-0.600000,-0.600000,-0.600000,0.600000,-0.600000,-0.600000,-0.714282,-0.600000,0.600000,-0.600000,0.600000,0.545015,0.600000,-0.600000,-0.600000,-0.000064,-0.600000,-0.600000,-0.600000,-0.600000,-0.600000,-0.600000,-1.000000,-0.600000,0.600000,0.600000,-0.600000,0.600000,-0.600000,-0.600000,1.000000,-0.600000,-0.600000,1.000000,-0.600000,0.600000,-0.600000,-0.600000,-0.600000,-0.600000,-0.600000,0.600000,-0.600000,0.600000,0.600000,-0.600000,-0.600000,-0.600000,0.600000,0.600000,-0.600000,-0.600000,-0.600000,-0.600000,0.942290
210,-0.600000,-0.600000,0.600000,-0.600000,1.000000,-0.600000,-0.600000,0.600000,0.600000,-0.600000,0.600000,-0.600000,0.600000,0.600000,-0.600000,-0.600000,-0.600000,-0.600000,-0.600000,-0.600000,0.600000,-0.600000,-0.600000,-0.714282,-0.600000,0.600000,-0.600000,0.600000,0.545015,0.600000,-0.600000,-0.600000,-0.000060,-0.600000,-0.600000,-0.600000,-0.600000,-0.600000,-0.600000,-1.000000,-0.600000,0.600000,0.600000,-0.600000,0.600000,-0.600000,-0.600000,1.000000,-0.600000,-0.600000,1.000000,-0.600000,0.600000,-0.600000,-0.600000,-0.600000,-0.600000,-0.600000,0.600000,-0.600000,0.600000,0.600000,-0.600000,-0.600000,-0.600000,0.600000,0.600000,-0.600000,-0.600000,-0.600000,-0.600000,0.942290
211,-0.600000,-0.600000,0.600000,-0.600000,1.000000,-0.600000,-0.600000,0.600000,0.600000,-0.600000,0.600000,-0.600000,0.600000,0.600000,-0.600000,-0.600000,-0.600000,-0.600000,-0.600000,-0.600000,0.600000,-0.600000,-0.600000,-0.714282,-0.600000,0.600000,-0.600000,0.600000,0.545015,0.600000,-0.600000,-0.600000,-0.000058,-0.600000,-0.600000,-0.600000,-0.600000,-0.600000,-0.600000,-1.000000,-0.600000,0.600000,0.600000,-0.600000,0.600000,-0.600000,-0.600000,1.000000,-0.600000,-0.600000,1.000000,-0.600000,0.600000,-0.600000,-0.600000,-0.600000,-0.600000,-0.600000,0.600000,-0.600000,0.600000,0.600000,-0.600000,-0.600000,-0.600000,0.600000,0.600000,-0.600000,-0.600000,-0.600000,-0.600000,0.943373
212,-0.600000,-0.600000,0.600000,-0.600000,1.000000,-0.600000,-0.600000,0.600000,0.600000,-0.600000,0.600000,-0.600000,0.600000,0.600000,-0.600000,-0.600000,-0.600000,-0.600000,-0.600000,-0.600000,0.600000,-0.600000,-0.600000,-0.714282,-0.600000,0.600000,-0.600000,0.600000,0.545015,0.600000,-0.600000,-0.600000,-0.000056,-0.600000,-0.600000,-0.600000,-0.600000,-0.600000,-0.600000,-1.000000,-0.600000,0.600000,0.600000,-0.600000,0.600000,-0.600000,-0.600000,1.000000,-0.600000,-0.600000,1.000000,-0.600000,0.600000,-0.600000,-0.600000,-0.600000,-0.600000,-0.600000,0.600000,-0.600000,0.600000,0.600000,-0.600000,-0.600000,-0.600000,0.600000,0.600000,-0.600000,-0.600000,-0.600000,-0.600000,0.944437
213,-0.600000,-0.600000,0.600000,-0.600000,1.000000,-0.600000,-0.600000,0.600000,0.600000,-0.600000,0.600000,-0.600000,0.600000,0.600000,-0.600000,-0.600000,-0.600000,-0.600000,-0.600000,-0.600000,0.600000,-0.600000,-0.600000,-0.714282,-0.600000,0.600000,-0.600000,0.600000,0.545015,0.600000,-0.600000,-0.600000,-0.000053,-0.600000,-0.600000,-0.600000,-0.600000,-0.600000,-0.600000,-1.000000,-0.600000,0.600000,0.600000,-0.600000,0.600000,-0.600000,-0.600000,1.000000,-0.600000,-0.600000,1.000000,-0.600000,0.600000,-0.600000,-0.600000,-0.600000,-0.600000,-0.600000,0.600000,-0.600000,0.600000,0.600000,-0.600000,-0.600000,-0.600000,0.600000,0.600000,-0.600000,-0.600000,-0.600000,-0.600000,0.944437
214,-0.600000,-0.600000,0.600000,-0.600000,1.000000,-0.600000,-0.600000,0.600000,0.600000,-0.600000,0.600000,-0.600000,0.600000,0.600000,-0.600000,-0.600000,-0.600000,-0.600000,-0.600000,-0.600000,0.600000,-0.600000,-0.600000,-0.714282,-0.600000,0.600000,-0.600000,0.600000,0.545015,0.600000,-0.600000,-0.600000,-0.000051,-0.600000,-0.600000,-0.600000,-0.600000,-0.600000,-0.600000,-1.000000,-0.600000,0.600000,0.600000,-0.600000,0.600000,-0.600000,-0.600000,1.000000,-0.600000,-0.600000,1.000000,-0.600000,0.600000,-0.600000,-0.600000,-0.600000,-0.600000,-0.600000,0.600000,-0.600000,0.600000,0.600000,-0.600000,-0.600000,-0.600000,0.600000,0.600000,-0.600000,-0.600000,-0.600000,-0.600000,0.944437
215,-0.600000,-0.600000,0.600000,-0.600000,1.000000,-0.600000,-0.600000,0.600000,0.600000,-0.600000,0.600000,-0.600000,0.600000,0.600000,-0.600000,-0.600000,-0.600000,-0.600000,-0.600000,-0.600000,0.600000,-0.600000,-0.600000,-0.714282,-0.600000,0.600000,-0.600000,0.600000,0.545015,0.600000,-0.600000,-0.600000,-0.000048,-0.600000,-0.600000,-0.600000,-0.600000,-0.600000,-0.600000,-1.000000,-0.600000,0.600000,0.600000,-0.600000,0.600000,-0.600000,-0.600000,1.000000,-0.600000,-0.600000,1.000000,-0.600000,0.600000,-0.600000,-0.600000,-0.600000,-0.600000,-0.600000,0.600000,-0.600000,0.600000,0.600000,-0.600000,-0.600000,-0.600000,0.600000,0.600000,-0.600000,-0.600000,-0.600000,-0.600000,0.944437
216,-0.600000,-0.600000,0.600000,-0.600000,1.000000,-0.600000,-0.600000,0.600000,0.600000,-0.600000,0.600000,-0.600000,0.600000,0.600000,-0.600000,-0.600000,-0.600000,-0.600000,-0.600000,-0.600000,0.600000,-0.600000,-0.600000,-0.714282,-0.600000,0.600000,-0.600000,0.600000,0.545015,0.600000,-0.600000,-0.600000,-0.000045,-0.600000,-0.600000,-0.600000,-0.600000,-0.600000,-0.600000,-1.000000,-0.600000,0.600000,0.600000,-0.600000,0.600000,-0.600000,-0.600000,1.000000,-0.600000,-0.600000,1.000000,-0.600000,0.600000,-0.600000,-0.600000,-0.600000,-0.600000,-0.600000,0.600000,-0.600000,0.600000,0.600000,-0.600000,-0.600000,-0.600000,0.600000,0.600000,-0.600000,-0.600000,-0.600000,-0.600000,0.944437
217,-0.600000,-0.600000,0.600000,-0.600000,1.000000,-0.600000,-0.600000,0.600000,0.600000,-0.600000,0.600000,-0.600000,0.600000,0.600000,-0.600000,-0.600000,-0.600000,-0.600000,-0.600000,-0.600000,0.600000,-0.600000,-0.600000,-0.714282,-0.600000,0.600000,-0.600000,0.600000,0.545015,0.600000,-0.600000,-0.600000,-0.000043,-0.600000,-0.600000,-0.600000,-0.600000,-0.600000,-0.600000,-1.000000,-0.600000,0.600000,0.600000,-0.600000,0.600000,-0.600000,-0.600000,1.000000,-0.600000,-0.600000,1.000000,-0.600000,0.600000,-0.600000,-0.600000,-0.600000,-0.600000,-0.600000,0.600000,-0.600000,0.600000,0.600000,-0.600000,-0.600000,-0.600000,0.600000,0.600000,-0.600000,-0.600000,-0.600000,-0.600000,0.944962
218,-0.600000,-0.600000,0.600000,-0.600000,1.000000,-0.600000,-0.600000,0.600000,0.600000,-0.600000,0.600000,-0.600000,0.600000,0.600000,-0.600000,-0.600000,-0.600000,-0.600000,-0.600000,-0.600000,0.600000,-0.600000,-0.600000,-0.714282,-0.600000,0.600000,-0.600000,0.600000,0.545015,0.600000,-0.600000,-0.600000,-0.000042,-0.600000,-0.600000,-0.600000,-0.600000,-0.600000,-0.600000,-1.000000,-0.600000,0.600000,0.600000,-0.600000,0.600000,-0.600000,-0.600000,1.000000,-0.600000,-0.600000,1.000000,-0.600000,0.600000,-0.600000,-0.600000,-0.600000,-0.600000,-0.600000,0.600000,-0.600000,0.600000,0.600000,-0.600000,-0.600000,-0.600000,0.600000,0.600000,-0.600000,-0.600000,-0.600000,-0.600000,0.944962
219,-0.600000,-0.600000,0.600000,-0.600000,1.000000,-0.600000,-0.600000,0.600000,0.600000,-0.600000,0.600000,-0.600000,0.600000,0.600000,-0.600000,-0.600000,-0.600000,-0.600000,-0.600000,-0.600000,0.600000,-0.600000,-0.600000,-0.716323,-0.600000,0.600000,-0.600000,0.600000,0.545015,0.600000,-0.600000,-0.600000,-0.000040,-0.600000,-0.600000,-0.600000,-0.600000,-0.600000,-0.600000,-1.000000,-0.600000,0.600000,0.600000,-0.600000,0.600000,-0.600000,-0.600000,1.000000,-0.600000,-0.600000,1.000000,-0.600000,0.600000,-0.600000,-0.600000,-0.600000,-0.600000,-0.600000,0.600000,-0.600000,0.600000,0.600000,-0.600000,-0.600000,-0.600000,0.600000,0.600000,-0.600000,-0.600000,-0.600000,-0.600000,0.945997
220,-0.600000,-0.600000,0.600000,-0.600000,1.000000,-0.600000,-0.600000,0.600000,0.600000,-0.600000,0.600000,-0.600000,0.600000,0.600000,-0.600000,-0.600000,-0.600000,-0.600000,-0.600000,-0.600000,0.600000,-0.600000,-0.600000,-0.716323,-0.600000,0.600000,-0.600000,0.600000,0.545015,0.600000,-0.600000,-0.600000,-0.000038,-0.600000,-0.600000,-0.600000,-0.600000,-0.600000,-0.600000,-1.000000,-0.600000,0.600000,0.600000,-0.600000,0.600000,-0.600000,-0.600000,1.000000,-0.600000,-0.600000,1.000000,-0.600000,0.600000,-0.600000,-0.600000,-0.600000,-0.600000,-0.600000,0.600000,-0.600000,0.600000,0.600000,-0.600000,-0.600000,-0.600000,0.600000,0.600000,-0.600000,-0.600000,-0.600000,-0.600000,0.946508
221,-0.600000,-0.600000,0.600000,-0.600000,1.000000,-0.600000,-0.600000,0.600000,0.600000,-0.600000,0.600000,-0.600000,0.600000,0.600000,-0.600000,-0.600000,-0.600000,-0.600000,-0.600000,-0.600000,0.600000,-0.600000,-0.600000,-0.716323,-0.600000,0.600000,-0.600000,0.600000,0.545015,0.600000,-0.600000,-0.600000,-0.000036,-0.600000,-0.600000,-0.600000,-0.600000,-0.600000,-0.600000,-1.000000,-0.600000,0.600000,0.600000,-0.600000,0.600000,-0.600000,-0.600000,1.000000,-0.600000,-0.600000,1.000000,-0.600000,0.600000,-0.600000,-0.600000,-0.600000,-0.600000,-0.600000,0.600000,-0.600000,0.600000,0.600000,-0.600000,-0.600000,-0.600000,0.600000,0.600000,-0.600000,-0.600000,-0.600000,-0.600000,0.946508
222,-0.600000,-0.600000,0.600000,-0.600000,1.000000,-0.600000,-0.600000,0.600000,0.600000,-0.600000,0.600000,-0.600000,0.600000,0.600000,-0.600000,-0.600000,-0.600000,-0.600000,-0.600000,-0.600000,0.600000,-0.600000,-0.600000,-0.716323,-0.600000,0.600000,-0.600000,0.600000,0.545015,0.600000,-0.600000,-0.600000,-0.000034,-0.600000,-0.600000,-0.600000,-0.600000,-0.600000,-0.600000,-1.000000,-0.600000,0.600000,0.600000,-0.600000,0.600000,-0.600000,-0.600000,1.000000,-0.600000,-0.600000,1.000000,-0.600000,0.600000,-0.600000,-0.600000,-0.600000,-0.600000,-0.600000,0.600000,-0.600000,0.600000,0.600000,-0.600000,-0.600000,-0.600000,0.600000,0.600000,-0.600000,-0.600000,-0.600000,-0.600000,0.947014
223,-0.600000,-0.600000,0.600000,-0.600000,1.000000,-0.600000,-0.600000,0.600000,0.600000,-0.600000,0.600000,-0.600000,0.600000,0.600000,-0.600000,-0.600000,-0.600000,-0.600000,-0.600000,-0.600000,0.600000,-0.600000,-0.600000,-0.716323,-0.600000,0.600000,-0.600000,0.600000,0.545015,0.600000,-0.600000,-0.600000,-0.000033,-0.600000,-0.600000,-0.600000,-0.600000,-0.600000,-0.600000,-1.000000,-0.600000,0.600000,0.600000,-0.600000,0.600000,-0.600000,-0.600000,1.000000,-0.600000,-0.600000,1.000000,-0.600000,0.600000,-0.600000,-0.600000,-0.600000,-0.600000,-0.600000,0.600000,-0.600000,0.600000,0.600000,-0.600000,-0.600000,-0.600000,0.600000,0.600000,-0.600000,-0.600000,-0.600000,-0.600000,0.947014
224,-0.600000,-0.600000,0.600000,-0.600000,1.000000,-0.600000,-0.600000,0.600000,0.600000,-0.600000,0.600000,-0.600000,0.600000,0.600000,-0.600000,-0.600000,-0.600000,-0.600000,-0.600000,-0.600000,0.600000,-0.600000,-0.600000,-0.716323,-0.600000,0.600000,-0.600000,0.600000,0.545015,0.600000,-0.600000,-0.600000,-0.000031,-0.600000,-0.600000,-0.600000,-0.600000,-0.600000,-0.600000,-1.000000,-0.600000,0.600000,0.600000,-0.600000,0.600000,-0.600000,-0.600000,1.000000,-0.600000,-0.600000,1.000000,-0.600000,0.600000,-0.600000,-0.600000,-0.600000,-0.600000,-0.600000,0.600000,-0.600000,0.600000,0.600000,-0.600000,-0.600000,-0.600000,0.600000,0.600000,-0.600000,-0.600000,-0.600000,-0.600000,0.947014
225,-0.600000,-0.600000,0.600000,-0.600000,1.000000,-0.600000,-0.600000,0.600000,0.600000,-0.600000,0.600000,-0.600000,0.600000,0.600000,-0.600000,-0.600000,-0.600000,-0.600000,-0.600000,-0.600000,0.600000,-0.600000,-0.600000,-0.716323,-0.600000,0.600000,-0.600000,0.600000,0.545015,0.600000,-0.600000,-0.600000,-0.000030,-0.600000,-0.600000,-0.600000,-0.600000,-0.600000,-0.600000,-1.000000,-0.600000,0.600000,0.600000,-0.600000,0.600000,-0.600000,-0.600000,1.000000,-0.600000,-0.600000,1.000000,-0.600000,0.600000,-0.600000,-0.600000,-0.600000,-0.600000,-0.600000,0.600000,-0.600000,0.600000,0.600000,-0.600000,-0.600000,-0.600000,0.600000,0.600000,-0.600000,-0.600000,-0.600000,-0.600000,0.947014
226,-0.600000,-0.600000,0.600000,-0.600000,1.000000,-0.600000,-0.600000,0.600000,0.600000,-0.600000,0.600000,-0.600000,0.600000,0.600000,-0.600000,-0.600000,-0.600000,-0.600000,-0.600000,-0.600000,0.600000,-0.600000,-0.600000,-0.716323,-0.600000,0.600000,-0.600000,0.600000,0.545015,0.600000,-0.600000,-0.600000,-0.000028,-0.600000,-0.600000,-0.600000,-0.600000,-0.600000,-0.600000,-1.000000,-0.600000,0.600000,0.600000,-0.600000,0.600000,-0.600000,-0.600000,1.000000,-0.600000,-0.600000,1.000000,-0.600000,0.600000,-0.600000,-0.600000,-0.600000,-0.600000,-0.600000,0.600000,-0.600000,0.600000,0.600000,-0.600000,-0.600000,-0.600000,0.600000,0.600000,-0.600000,-0.600000,-0.600000,-0.600000,0.947516
227,-0.600000,-0.600000,0.600000,-0.600000,1.000000,-0.600000,-0.600000,0.600000,0.600000,-0.600000,0.600000,-0.600000,0.600000,0.600000,-0.600000,-0.600000,-0.600000,-0.600000,-0.600000,-0.600000,0.600000,-0.600000,-0.600000,-0.716323,-0.600000,0.600000,-0.600000,0.600000,0.545015,0.600000,-0.600000,-0.600000,-0.000027,-0.600000,-0.600000,-0.600000,-0.600000,-0.600000,-0.600000,-1.000000,-0.600000,0.600000,0.600000,-0.600000,0.600000,-0.600000,-0.600000,1.000000,-0.600000,-0.600000,1.000000,-0.600000,0.600000,-0.600000,-0.600000,-0.600000,-0.600000,-0.600000,0.600000,-0.600000,0.600000,0.600000,-0.600000,-0.600000,-0.600000,0.600000,0.600000,-0.600000,-0.600000,-0.600000,-0.600000,0.947516
228,-0.600000,-0.600000,0.600000,-0.600000,1.000000,-0.600000,-0.600000,0.600000,0.600000,-0.600000,0.600000,-0.600000,0.600000,0.600000,-0.600000,-0.600000,-0.600000,-0.600000,-0.600000,-0.600000,0.600000,-0.600000,-0.600000,-0.716323,-0.600000,0.600000,-0.600000,0.600000,0.545015,0.600000,-0.600000,-0.600000,-0.000026,-0.600000,-0.600000,-0.600000,-0.600000,-0.600000,-0.600000,-1.000000,-0.600000,0.600000,0.600000,-0.600000,0.600000,-0.600000,-0.600000,1.000000,-0.600000,-0.600000,1.000000,-0.600000,0.600000,-0.600000,-0.600000,-0.600000,-0.600000,-0.600000,0.600000,-0.600000,0.600000,0.600000,-0.600000,-0.600000,-0.600000,0.600000,0.600000,-0.600000,-0.600000,-0.600000,-0.600000,0.948995
229,-0.600000,-0.600000,0.600000,-0.600000,1.000000,-0.600000,-0.600000,0.600000,0.600000,-0.600000,0.600000,-0.600000,0.600000,0.600000,-0.600000,-0.600000,-0.600000,-0.600000,-0.600000,-0.600000,0.600000,-0.600000,-0.600000,-0.716323,-0.600000,0.600000,-0.600000,0.600000,0.545015,0.600000,-0.600000,-0.600000,-0.000025,-0.600000,-0.600000,-0.600000,-0.600000,-0.600000,-0.600000,-1.000000,-0.600000,0.600000,0.600000,-0.600000,0.600000,-0.600000,-0.600000,1.000000,-0.600000,-0.600000,1.000000,-0.600000,0.600000,-0.600000,-0.600000,-0.600000,-0.600000,-0.600000,0.600000,-0.600000,0.600000,0.600000,-0.600000,-0.600000,-0.600000,0.600000,0.600000,-0.600000,-0.600000,-0.600000,-0.600000,0.949479
230,-0.600000,-0.600000,0.600000,-0.600000,1.000000,-0.600000,-0.600000,0.600000,0.600000,-0.600000,0.600000,-0.600000,0.600000,0.600000,-0.600000,-0.600000,-0.600000,-0.600000,-0.600000,-0.600000,0.600000,-0.600000,-0.600000,-0.716323,-0.600000,0.600000,-0.600000,0.600000,0.545015,0.600000,-0.600000,-0.600000,-0.000024,-0.600000,-0.600000,-0.600000,-0.600000,-0.600000,-0.600000,-1.000000,-0.600000,0.600000,0.600000,-0.600000,0.600000,-0.600000,-0.600000,1.000000,-0.600000,-0.600000,1.000000,-0.600000,0.600000,-0.600000,-0.600000,-0.600000,-0.600000,-0.600000,0.600000,-0.600000,0.600000,0.600000,-0.600000,-0.600000,-0.600000,0.600000,0.600000,-0.600000,-0.600000,-0.600000,-0.600000,0.949479
231,-0.600000,-0.600000,0.600000,-0.600000,1.000000,-0.600000,-0.600000,0.600000,0.600000,-0.600000,0.600000,-0.600000,0.600000,0.600000,-0.600000,-0.600000,-0.600000,-0.600000,-0.600000,-0.600000,0.600000,-0.600000,-0.600000,-0.716323,-0.600000,0.600000,-0.600000,0.600000,0.545015,0.600000,-0.600000,-0.600000,-0.000023,-0.600000,-0.600000,-0.600000,-0.600000,-0.600000,-0.600000,-1.000000,-0.600000,0.600000,0.600000,-0.600000,0.600000,-0.600000,-0.600000,1.000000,-0.600000,-0.600000,1.000000,-0.600000,0.600000,-0.600000,-0.600000,-0.600000,-0.600000,-0.600000,0.600000,-0.600000,0.600000,0.600000,-0.600000,-0.600000,-0.600000,0.600000,0.600000,-0.600000,-0.600000,-0.600000,-0.600000,0.949958
232,-0.600000,-0.600000,0.600000,-0.600000,1.000000,-0.600000,-0.600000,0.600000,0.600000,-0.600000,0.600000,-0.600000,0.600000,0.600000,-0.600000,-0.600000,-0.600000,-0.600000,-0.600000,-0.600000,0.600000,-0.600000,-0.600000,-0.716323,-0.600000,0.600000,-0.600000,0.600000,0.545015,0.600000,-0.600000,-0.600000,-0.000022,-0.600000,-0.600000,-0.600000,-0.600000,-0.600000,-0.600000,-1.000000,-0.600000,0.600000,0.600000,-0.600000,0.600000,-0.600000,-0.600000,1.000000,-0.600000,-0.600000,1.000000,-0.600000,0.600000,-0.600000,-0.600000,-0.600000,-0.600000,-0.600000,0.600000,-0.600000,0.600000,0.600000,-0.600000,-0.600000,-0.600000,0.600000,0.600000,-0.600000,-0.600000,-0.600000,-0.600000,0.949958
233,-0.600000,-0.600000,0.600000,-0.600000,1.000000,-0.600000,-0.600000,0.600000,0.600000,-0.600000,0.600000,-0.600000,0.600000,0.600000,-0.600000,-0.600000,-0.600000,-0.600000,-0.600000,-0.600000,0.600000,-0.600000,-0.600000,-0.716323,-0.600000,0.600000,-0.600000,0.600000,0.545015,0.600000,-0.600000,-0.600000,-0.000020,-0.600000,-0.600000,-0.600000,-0.600000,-0.600000,-0.600000,-1.000000,-0.600000,0.600000,0.600000,-0.600000,0.600000,-0.600000,-0.600000,1.000000,-0.600000,-0.600000,1.000000,-0.600000,0.600000,-0.600000,-0.600000,-0.600000,-0.600000,-0.600000,0.600000,-0.600000,0.600000,0.600000,-0.600000,-0.600000,-0.600000,0.600000,0.600000,-0.600000,-0.600000,-0.600000,-0.600000,0.949958
234,-0.600000,-0.600000,0.600000,-0.600000,1.000000,-0.600000,-0.600000,0.600000,0.600000,-0.600000,0.600000,-0.600000,0.600000,0.600000,-0.600000,-0.600000,-0.600000,-0.600000,-0.600000,-0.600000,0.600000,-0.600000,-0.600000,-0.718355,-0.600000,0.600000,-0.600000,0.600000,0.545015,0.600000,-0.600000,-0.600000,-0.000019,-0.600000,-0.600000,-0.600000,-0.600000,-0.600000,-0.600000,-1.000000,-0.600000,0.600000,0.600000,-0.600000,0.600000,-0.600000,-0.600000,1.000000,-0.600000,-0.600000,1.000000,-0.600000,0.600000,-0.600000,-0.600000,-0.600000,-0.600000,-0.600000,0.600000,-0.600000,0.600000,0.600000,-0.600000,-0.600000,-0.600000,0.600000,0.600000,-0.600000,-0.600000,-0.600000,-0.600000,0.950434
235,-0.600000,-0.600000,0.600000,-0.600000,1.000000,-0.600000,-0.600000,0.600000,0.600000,-0.600000,0.600000,-0.600000,0.600000,0.600000,-0.600000,-0.600000,-0.600000,-0.600000,-0.600000,-0.600000,0.600000,-0.600000,-0.600000,-0.718355,-0.600000,0.600000,-0.600000,0.600000,0.545015,0.600000,-0.600000,-0.600000,-0.000018,-0.600000,-0.600000,-0.600000,-0.600000,-0.600000,-0.600000,-1.000000,-0.600000,0.600000,0.600000,-0.600000,0.600000,-0.600000,-0.600000,1.000000,-0.600000,-0.600000,1.000000,-0.600000,0.600000,-0.600000,-0.600000,-0.600000,-0.600000,-0.600000,0.600000,-0.600000,0.600000,0.600000,-0.600000,-0.600000,-0.600000,0.600000,0.600000,-0.600000,-0.600000,-0.600000,-0.600000,0.950434
236,-0.600000,-0.600000,0.600000,-0.600000,1.000000,-0.600000,-0.600000,0.600000,0.600000,-0.600000,0.600000,-0.600000,0.600000,0.600000,-0.600000,-0.600000,-0.600000,-0.600000,-0.600000,-0.600000,0.600000,-0.600000,-0.600000,-0.718355,-0.600000,0.600000,-0.600000,0.600000,0.545015,0.600000,-0.600000,-0.600000,-0.000017,-0.600000,-0.600000,-0.600000,-0.600000,-0.600000,-0.600000,-1.000000,-0.600000,0.600000,0.600000,-0.600000,0.600000,-0.600000,-0.600000,1.000000,-0.600000,-0.600000,1.000000,-0.600000,0.600000,-0.600000,-0.600000,-0.600000,-0.600000,-0.600000,0.600000,-0.600000,0.600000,0.600000,-0.600000,-0.600000,-0.600000,0.600000,0.600000,-0.600000,-0.600000,-0.600000,-0.600000,0.950434
237,-0.600000,-0.600000,0.600000,-0.600000,1.000000,-0.600000,-0.600000,0.600000,0.600000,-0.600000,0.600000,-0.600000,0.600000,0.600000,-0.600000,-0.600000,-0.600000,-0.600000,-0.600000,-0.600000,0.600000,-0.600000,-0.600000,-0.718355,-0.600000,0.600000,-0.600000,0.600000,0.545015,0.600000,-0.600000,-0.600000,-0.000016,-0.600000,-0.600000,-0.600000,-0.600000,-0.600000,-0.600000,-1.000000,-0.600000,0.600000,0.600000,-0.600000,0.600000,-0.600000,-0.600000,1.000000,-0.600000,-0.600000,1.000000,-0.600000,0.600000,-0.600000,-0.600000,-0.600000,-0.600000,-0.600000,0.600000,-0.600000,0.600000,0.600000,-0.600000,-0.600000,-0.600000,0.600000,0.600000,-0.600000,-0.600000,-0.600000,-0.600000,0.950434
238,-0.600000,-0.600000,0.600000,-0.600000,1.000000,-0.600000,-0.600000,0.600000,0.600000,-0.600000,0.600000,-0.600000,0.600000,0.600000,-0.600000,-0.600000,-0.600000,-0.600000,-0.600000,-0.600000,0.600000,-0.600000,-0.600000,-0.718355,-0.600000,0.600000,-0.600000,0.600000,0.545015,0.600000,-0.600000,-0.600000,-0.000016,-0.600000,-0.600000,-0.600000,-0.600000,-0.600000,-0.600000,-1.000000,-0.600000,0.600000,0.600000,-0.600000,0.600000,-0.600000,-0.600000,1.000000,-0.600000,-0.600000,1.000000,-0.600000,0.600000,-0.600000,-0.600000,-0.600000,-0.600000,-0.600000,0.600000,-0.600000,0.600000,0.600000,-0.600000,-0.600000,-0.600000,0.600000,0.600000,-0.600000,-0.600000,-0.600000,-0.600000,0.950434
239,-0.600000,-0.600000,0.600000,-0.600000,1.000000,-0.600000,-0.600000,0.600000,0.600000,-0.600000,0.600000,-0.600000,0.600000,0.600000,-0.600000,-0.600000,-0.600000,-0.600000,-0.600000,-0.600000,0.600000,-0.600000,-0.600000,-0.718355,-0.600000,0.600000,-0.600000,0.600000,0.545015,0.600000,-0.600000,-0.600000,-0.000015,-0.600000,-0.600000,-0.600000,-0.600000,-0.600000,-0.600000,-1.000000,-0.600000,0.600000,0.600000,-0.600000,0.600000,-0.600000,-0.600000,1.000000,-0.600000,-0.600000,1.000000,-0.600000,0.600000,-0.600000,-0.600000,-0.600000,-0.600000,-0.600000,0.600000,-0.600000,0.600000,0.600000,-0.600000,-0.600000,-0.600000,0.600000,0.600000,-0.600000,-0.600000,-0.600000,-0.600000,0.951372
240,-0.600000,-0.600000,0.600000,-0.600000,1.000000,-0.600000,-0.600000,0.600000,0.600000,-0.600000,0.600000,-0.600000,0.600000,0.600000,-0.600000,-0.600000,-0.600000,-0.600000,-0.600000,-0.600000,0.600000,-0.600000,-0.600000,-0.718355,-0.600000,0.600000,-0.600000,0.600000,0.545015,0.600000,-0.600000,-0.600000,-0.000014,-0.600000,-0.600000,-0.600000,-0.600000,-0.600000,-0.600000,-1.000000,-0.600000,0.600000,0.600000,-0.600000,0.600000,-0.600000,-0.600000,1.000000,-0.600000,-0.600000,1.000000,-0.600000,0.600000,-0.600000,-0.600000,-0.600000,-0.600000,-0.600000,0.600000,-0.600000,0.600000,0.600000,-0.600000,-0.600000,-0.600000,0.600000,0.600000,-0.600000,-0.600000,-0.600000,-0.600000,0.952293
241,-0.600000,-0.600000,0.600000,-0.600000,1.000000,-0.600000,-0.600000,0.600000,0.600000,-0.600000,0.600000,-0.600000,0.600000,0.600000,-0.600000,-0.600000,-0.600000,-0.600000,-0.600000,-0.600000,0.600000,-0.600000,-0.600000,-0.718355,-0.600000,0.600000,-0.600000,0.600000,0.545015,0.600000,-0.600000,-0.600000,-0.000014,-0.600000,-0.600000,-0.600000,-0.600000,-0.600000,-0.600000,-1.000000,-0.600000,0.600000,0.600000,-0.600000,0.600000,-0.600000,-0.600000,1.000000,-0.600000,-0.600000,1.000000,-0.600000,0.600000,-0.600000,-0.600000,-0.600000,-0.600000,-0.600000,0.600000,-0.600000,0.600000,0.600000,-0.600000,-0.600000,-0.600000,0.600000,0.600000,-0.600000,-0.600000,-0.600000,-0.600000,0.952747
242,-0.600000,-0.600000,0.600000,-0.600000,1.000000,-0.600000,-0.600000,0.600000,0.600000,-0.600000,0.600000,-0.600000,0.600000,0.600000,-0.600000,-0.600000,-0.600000,-0.600000,-0.600000,-0.600000,0.600000,-0.600000,-0.600000,-0.718355,-0.600000,0.600000,-0.600000,0.600000,0.545015,0.600000,-0.600000,-0.600000,-0.000013,-0.600000,-0.600000,-0.600000,-0.600000,-0.600000,-0.600000,-1.000000,-0.600000,0.600000,0.600000,-0.600000,0.600000,-0.600000,-0.600000,1.000000,-0.600000,-0.600000,1.000000,-0.600000,0.600000,-0.600000,-0.600000,-0.600000,-0.600000,-0.600000,0.600000,-0.600000,0.600000,0.600000,-0.600000,-0.600000,-0.600000,0.600000,0.600000,-0.600000,-0.600000,-0.600000,-0.600000,0.952747
243,-0.600000,-0.600000,0.600000,-0.600000,1.000000,-0.600000,-0.600000,0.600000,0.600000,-0.600000,0.600000,-0.600000,0.600000,0.600000,-0.600000,-0.600000,-0.600000,-0.600000,-0.600000,-0.600000,0.600000,-0.600000,-0.600000,-0.718355,-0.600000,0.600000,-0.600000,0.600000,0.545015,0.600000,-0.600000,-0.600000,-0.000012,-0.600000,-0.600000,-0.600000,-0.600000,-0.600000,-0.600000,-1.000000,-0.600000,0.600000,0.600000,-0.600000,0.600000,-0.600000,-0.600000,1.000000,-0.600000,-0.600000,1.000000,-0.600000,0.600000,-0.600000,-0.600000,-0.600000,-0.600000,-0.600000,0.600000,-0.600000,0.600000,0.600000,-0.600000,-0.600000,-0.600000,0.600000,0.600000,-0.600000,-0.600000,-0.600000,-0.600000,0.952747
244,-0.600000,-0.600000,0.600000,-0.600000,1.000000,-0.600000,-0.600000,0.600000,0.600000,-0.600000,0.600000,-0.600000,0.600000,0.600000,-0.600000,-0.600000,-0.600000,-0.600000,-0.600000,-0.600000,0.600000,-0.600000,-0.600000,-0.718355,-0.600000,0.600000,-0.600000,0.600000,0.545015,0.600000,-0.600000,-0.600000,-0.000012,-0.600000,-0.600000,-0.600000,-0.600000,-0.600000,-0.600000,-1.000000,-0.600000,0.600000,0.600000,-0.600000,0.600000,-0.600000,-0.600000,1.000000,-0.600000,-0.600000,1.000000,-0.600000,0.600000,-0.600000,-0.600000,-0.600000,-0.600000,-0.600000,0.600000,-0.600000,0.600000,0.600000,-0.600000,-0.600000,-0.600000,0.600000,0.600000,-0.600000,-0.600000,-0.600000,-0.600000,0.952747
245,-0.600000,-0.600000,0.600000,-0.600000,1.000000,-0.600000,-0.600000,0.600000,0.600000,-0.600000,0.600000,-0.600000,0.600000,0.600000,-0.600000,-0.600000,-0.600000,-0.600000,-0.600000,-0.600000,0.600000,-0.600000,-0.600000,-0.718355,-0.600000,0.600000,-0.600000,0.600000,0.545015,0.600000,-0.600000,-0.600000,-0.000011,-0.600000,-0.600000,-0.600000,-0.600000,-0.600000,-0.600000,-1.000000,-0.600000,0.600000,0.600000,-0.600000,0.600000,-0.600000,-0.600000,1.000000,-0.600000,-0.600000,1.000000,-0.600000,0.600000,-0.600000,-0.600000,-0.600000,-0.600000,-0.600000,0.600000,-0.600000,0.600000,0.600000,-0.600000,-0.600000,-0.600000,0.600000,0.600000,-0.600000,-0.600000,-0.600000,-0.600000,0.952747
246,-0.600000,-0.600000,0.600000,-0.600000,1.000000,-0.600000,-0.600000,0.600000,0.600000,-0.600000,0.600000,-0.600000,0.600000,0.600000,-0.600000,-0.600000,-0.600000,-0.600000,-0.600000,-0.600000,0.600000,-0.600000,-0.600000,-0.718355,-0.600000,0.600000,-0.600000,0.600000,0.545015,0.600000,-0.600000,-0.600000,-0.000011,-0.600000,-0.600000,-0.600000,-0.600000,-0.600000,-0.600000,-1.000000,-0.600000,0.600000,0.600000,-0.600000,0.600000,-0.600000,-0.600000,1.000000,-0.600000,-0.600000,1.000000,-0.600000,0.600000,-0.600000,-0.600000,-0.600000,-0.600000,-0.600000,0.600000,-0.600000,0.600000,0.600000,-0.600000,-0.600000,-0.600000,0.600000,0.600000,-0.600000,-0.600000,-0.600000,-0.600000,0.953197
247,-0.600000,-0.600000,0.600000,-0.600000,1.000000,-0.600000,-0.600000,0.600000,0.600000,-0.600000,0.600000,-0.600000,0.600000,0.600000,-0.600000,-0.600000,-0.600000,-0.600000,-0.600000,-0.600000,0.600000,-0.600000,-0.600000,-0.718355,-0.600000,0.600000,-0.600000,0.600000,0.545015,0.600000,-0.600000,-0.600000,-0.000010,-0.600000,-0.600000,-0.600000,-0.600000,-0.600000,-0.600000,-1.000000,-0.600000,0.600000,0.600000,-0.600000,0.600000,-0.600000,-0.600000,1.000000,-0.600000,-0.600000,1.000000,-0.600000,0.600000,-0.600000,-0.600000,-0.600000,-0.600000,-0.600000,0.600000,-0.600000,0.600000,0.600000,-0.600000,-0.600000,-0.600000,0.600000,0.600000,-0.600000,-0.600000,-0.600000,-0.600000,0.953197
248,-0.600000,-0.600000,0.600000,-0.600000,1.000000,-0.600000,-0.600000,0.600000,0.600000,-0.600000,0.600000,-0.600000,0.600000,0.600000,-0.600000,-0.600000,-0.600000,-0.600000,-0.600000,-0.600000,0.600000,-0.600000,-0.600000,-0.718355,-0.600000,0.600000,-0.600000,0.600000,0.545015,0.600000,-0.600000,-0.600000,-0.000010,-0.600000,-0.600000,-0.600000,-0.600000,-0.600000,-0.600000,-1.000000,-0.600000,0.600000,0.600000,-0.600000,0.600000,-0.600000,-0.600000,1.000000,-0.600000,-0.600000,1.000000,-0.600000,0.600000,-0.600000,-0.600000,-0.600000,-0.600000,-0.600000,0.600000,-0.600000,0.600000,0.600000,-0.600000,-0.600000,-0.600000,0.600000,0.600000,-0.600000,-0.600000,-0.600000,-0.600000,0.954086
249,-0.600000,-0.600000,0.600000,-0.600000,1.000000,-0.600000,-0.600000,0.600000,0.600000,-0.600000,0.600000,-0.600000,0.600000,0.600000,-0.600000,-0.600000,-0.600000,-0.600000,-0.600000,-0.600000,0.600000,-0.600000,-0.600000,-0.718355,-0.600000,0.600000,-0.600000,0.600000,0.545015,0.600000,-0.600000,-0.600000,-0.000009,-0.600000,-0.600000,-0.600000,-0.600000,-0.600000,-0.600000,-1.000000,-0.600000,0.600000,0.600000,-0.600000,0.600000,-0.600000,-0.600000,1.000000,-0.600000,-0.600000,1.000000,-0.600000,0.600000,-0.600000,-0.600000,-0.600000,-0.600000,-0.600000,0.600000,-0.600000,0.600000,0.600000,-0.600000,-0.600000,-0.600000,0.600000,0.600000,-0.600000,-0.600000,-0.600000,-0.600000,0.954086
250,-0.600000,-0.600000,0.600000,-0.600000,1.000000,-0.600000,-0.600000,0.600000,0.600000,-0.600000,0.600000,-0.600000,0.600000,0.600000,-0.600000,-0.600000,-0.600000,-0.600000,-0.600000,-0.600000,0.600000,-0.600000,-0.600000,-0.718355,-0.600000,0.600000,-0.600000,0.600000,0.545015,0.600000,-0.600000,-0.600000,-0.000009,-0.600000,-0.600000,-0.600000,-0.600000,-0.600000,-0.600000,-1.000000,-0.600000,0.600000,0.600000,-0.600000,0.600000,-0.600000,-0.600000,1.000000,-0.600000,-0.600000,1.000000,-0.600000,0.600000,-0.600000,-0.600000,-0.600000,-0.600000,-0.600000,0.600000,-0.600000,0.600000,0.600000,-0.600000,-0.600000,-0.600000,0.600000,0.600000,-0.600000,-0.600000,-0.600000,-0.600000,0.954958
251,-0.600000,-0.600000,0.600000,-0.600000,1.000000,-0.600000,-0.600000,0.600000,0.600000,-0.600000,0.600000,-0.600000,0.600000,0.600000,-0.600000,-0.600000,-0.600000,-0.600000,-0.600000,-0.600000,0.600000,-0.600000,-0.600000,-0.718355,-0.600000,0.600000,-0.600000,0.600000,0.545015,0.600000,-0.600000,-0.600000,-0.000008,-0.600000,-0.600000,-0.600000,-0.600000,-0.600000,-0.600000,-1.000000,-0.600000,0.600000,0.600000,-0.600000,0.600000,-0.600000,-0.600000,1.000000,-0.600000,-0.600000,1.000000,-0.600000,0.600000,-0.600000,-0.600000,-0.600000,-0.600000,-0.600000,0.600000,-0.600000,0.600000,0.600000,-0.600000,-0.600000,-0.600000,0.600000,0.600000,-0.600000,-0.600000,-0.600000,-0.600000,0.955388
252,-0.600000,-0.600000,0.600000,-0.600000,1.000000,-0.600000,-0.600000,0.600000,0.600000,-0.600000,0.600000,-0.600000,0.600000,0.600000,-0.600000,-0.600000,-0.600000,-0.600000,-0.600000,-0.600000,0.600000,-0.600000,-0.600000,-0.718355,-0.600000,0.600000,-0.600000,0.600000,0.545015,0.600000,-0.600000,-0.600000,-0.000008,-0.600000,-0.600000,-0.600000,-0.600000,-0.600000,-0.600000,-1.000000,-0.600000,0.600000,0.600000,-0.600000,0.600000,-0.600000,-0.600000,1.000000,-0.600000,-0.600000,1.000000,-0.600000,0.600000,-0.600000,-0.600000,-0.600000,-0.600000,-0.600000,0.600000,-0.600000,0.600000,0.600000,-0.600000,-0.600000,-0.600000,0.600000,0.600000,-0.600000,-0.600000,-0.600000,-0.600000,0.955388
253,-0.600000,-0.600000,0.600000,-0.600000,1.000000,-0.600000,-0.600000,0.600000,0.600000,-0.600000,0.600000,-0.600000,0.600000,0.600000,-0.600000,-0.600000,-0.600000,-0.600000,-0.600000,-0.600000,0.600000,-0.600000,-0.600000,-0.720378,-0.600000,0.600000,-0.600000,0.600000,0.545015,0.600000,-0.600000,-0.600000,-0.000008,-0.600000,-0.600000,-0.600000,-0.600000,-0.600000,-0.600000,-1.000000,-0.600000,0.600000,0.600000,-0.600000,0.600000,-0.600000,-0.600000,1.000000,-0.600000,-0.600000,1.000000,-0.600000,0.600000,-0.600000,-0.600000,-0.600000,-0.600000,-0.600000,0.600000,-0.600000,0.600000,0.600000,-0.600000,-0.600000,-0.600000,0.600000,0.600000,-0.600000,-0.600000,-0.600000,-0.600000,0.955814
254,-0.600000,-0.600000,0.600000,-0.600000,1.000000,-0.600000,-0.600000,0.600000,0.600000,-0.600000,0.600000,-0.600000,0.600000,0.600000,-0.600000,-0.600000,-0.600000,-0.600000,-0.600000,-0.600000,0.600000,-0.600000,-0.600000,-0.722393,-0.600000,0.600000,-0.600000,0.600000,0.545015,0.600000,-0.600000,-0.600000,-0.000007,-0.600000,-0.600000,-0.600000,-0.600000,-0.600000,-0.600000,-1.000000,-0.600000,0.600000,0.600000,-0.600000,0.600000,-0.600000,-0.600000,1.000000,-0.600000,-0.600000,1.000000,-0.600000,0.600000,-0.600000,-0.600000,-0.600000,-0.600000,-0.600000,0.600000,-0.600000,0.600000,0.600000,-0.600000,-0.600000,-0.600000,0.600000,0.600000,-0.600000,-0.600000,-0.600000,-0.600000,0.956236
255,-0.600000,-0.600000,0.600000,-0.600000,1.000000,-0.600000,-0.600000,0.600000,0.600000,-0.600000,0.600000,-0.600000,0.600000,0.600000,-0.600000,-0.600000,-0.600000,-0.600000,-0.600000,-0.600000,0.600000,-0.600000,-0.600000,-0.722393,-0.600000,0.600000,-0.600000,0.600000,0.545015,0.600000,-0.600000,-0.600000,-0.000007,-0.600000,-0.600000,-0.600000,-0.600000,-0.600000,-0.600000,-1.000000,-0.600000,0.600000,0.600000,-0.600000,0.600000,-0.600000,-0.600000,1.000000,-0.600000,-0.600000,1.000000,-0.600000,0.600000,-0.600000,-0.600000,-0.600000,-0.600000,-0.600000,0.600000,-0.600000,0.600000,0.600000,-0.600000,-0.600000,-0.600000,0.600000,0.600000,-0.600000,-0.600000,-0.600000,-0.600000,0.957070
256,-0.600000,-0.600000,0.600000,-0.600000,1.000000,-0.600000,-0.600000,0.600000,0.600000,-0.600000,0.600000,-0.600000,0.600000,0.600000,-0.600000,-0.600000,-0.600000,-0.600000,-0.600000,-0.600000,0.600000,-0.600000,-0.600000,-0.724398,-0.600000,0.600000,-0.600000,0.600000,0.541293,0.600000,-0.600000,-0.600000,-0.000007,-0.600000,-0.600000,-0.600000,-0.600000,-0.600000,-0.600000,-1.000000,-0.600000,0.600000,0.600000,-0.600000,0.600000,-0.600000,-0.600000,1.000000,-0.600000,-0.600000,1.000000,-0.600000,0.600000,-0.600000,-0.600000,-0.600000,-0.600000,-0.600000,0.600000,-0.600000,0.600000,0.600000,-0.600000,-0.600000,-0.600000,0.600000,0.600000,-0.600000,-0.600000,-0.600000,-0.600000,0.960253
257,-0.600000,-0.600000,0.600000,-0.600000,1.000000,-0.600000,-0.600000,0.600000,0.600000,-0.600000,0.600000,-0.600000,0.600000,0.600000,-0.600000,-0.600000,-0.600000,-0.600000,-0.600000,-0.600000,0.600000,-0.600000,-0.600000,-0.724398,-0.600000,0.600000,-0.600000,0.600000,0.537567,0.600000,-0.600000,-0.600000,-0.000007,-0.600000,-0.600000,-0.600000,-0.600000,-0.600000,-0.600000,-1.000000,-0.600000,0.600000,0.600000,-0.600000,0.600000,-0.600000,-0.600000,1.000000,-0.600000,-0.600000,1.000000,-0.600000,0.600000,-0.600000,-0.600000,-0.600000,-0.600000,-0.600000,0.600000,-0.600000,0.600000,0.600000,-0.600000,-0.600000,-0.600000,0.600000,0.600000,-0.600000,-0.600000,-0.600000,-0.600000,0.962127
258,-0.600000,-0.600000,0.600000,-0.600000,1.000000,-0.600000,-0.600000,0.600000,0.600000,-0.600000,0.600000,-0.600000,0.600000,0.600000,-0.600000,-0.600000,-0.600000,-0.600000,-0.600000,-0.600000,0.600000,-0.600000,-0.600000,-0.730360,-0.600000,0.600000,-0.600000,0.600000,0.535081,0.600000,-0.600000,-0.600000,-0.000006,-0.600000,-0.600000,-0.600000,-0.600000,-0.600000,-0.600000,-1.000000,-0.600000,0.600000,0.600000,-0.600000,0.600000,-0.600000,-0.600000,1.000000,-0.600000,-0.600000,1.000000,-0.600000,0.600000,-0.600000,-0.600000,-0.600000,-0.600000,-0.600000,0.600000,-0.600000,0.600000,0.600000,-0.600000,-0.600000,-0.600000,0.600000,0.600000,-0.600000,-0.600000,-0.600000,-0.600000,0.962852
259,-0.600000,-0.600000,0.600000,-0.600000,1.000000,-0.600000,-0.600000,0.600000,0.600000,-0.600000,0.600000,-0.600000,0.600000,0.600000,-0.600000,-0.600000,-0.600000,-0.600000,-0.600000,-0.600000,0.600000,-0.600000,-0.600000,-0.734290,-0.600000,0.600000,-0.600000,0.600000,0.535081,0.600000,-0.600000,-0.600000,-0.000006,-0.600000,-0.600000,-0.600000,-0.600000,-0.600000,-0.600000,-1.000000,-0.600000,0.600000,0.600000,-0.600000,0.600000,-0.600000,-0.600000,1.000000,-0.600000,-0.600000,1.000000,-0.600000,0.600000,-0.600000,-0.600000,-0.600000,-0.600000,-0.600000,0.600000,-0.600000,0.600000,0.600000,-0.600000,-0.600000,-0.600000,0.600000,0.600000,-0.600000,-0.600000,-0.600000,-0.600000,0.962852
260,-0.600000,-0.600000,0.600000,-0.600000,1.000000,-0.600000,-0.600000,0.600000,0.600000,-0.600000,0.600000,-0.600000,0.600000,0.600000,-0.600000,-0.600000,-0.600000,-0.600000,-0.600000,-0.600000,0.600000,-0.600000,-0.600000,-0.736241,-0.600000,0.600000,-0.600000,0.600000,0.535081,0.600000,-0.600000,-0.600000,-0.000005,-0.600000,-0.600000,-0.600000,-0.600000,-0.600000,-0.600000,-1.000000,-0.600000,0.600000,0.600000,-0.600000,0.600000,-0.600000,-0.600000,1.000000,-0.600000,-0.600000,1.000000,-0.600000,0.600000,-0.600000,-0.600000,-0.600000,-0.600000,-0.600000,0.600000,-0.600000,0.600000,0.600000,-0.600000,-0.600000,-0.600000,0.600000,0.600000,-0.600000,-0.600000,-0.600000,-0.600000,0.962852
261,-0.600000,-0.600000,0.600000,-0.600000,1.000000,-0.600000,-0.600000,0.600000,0.600000,-0.600000,0.600000,-0.600000,0.600000,0.600000,-0.600000,-0.600000,-0.600000,-0.600000,-0.600000,-0.600000,0.600000,-0.600000,-0.600000,-0.743953,-0.600000,0.600000,-0.600000,0.600000,0.535081,0.600000,-0.600000,-0.600000,-0.000005,-0.600000,-0.600000,-0.600000,-0.600000,-0.600000,-0.600000,-1.000000,-0.600000,0.600000,0.600000,-0.600000,0.600000,-0.600000,-0.600000,1.000000,-0.600000,-0.600000,1.000000,-0.600000,0.600000,-0.600000,-0.600000,-0.600000,-0.600000,-0.600000,0.600000,-0.600000,0.600000,0.600000,-0.600000,-0.600000,-0.600000,0.600000,0.600000,-0.600000,-0.600000,-0.600000,-0.600000,0.962852
262,-0.600000,-0.600000,0.600000,-0.600000,1.000000,-0.600000,-0.600000,0.600000,0.600000,-0.600000,0.600000,-0.600000,0.600000,0.600000,-0.600000,-0.600000,-0.600000,-0.600000,-0.600000,-0.600000,0.600000,-0.600000,-0.600000,-0.747754,-0.600000,0.600000,-0.600000,0.600000,0.535081,0.600000,-0.600000,-0.600000,-0.000005,-0.600000,-0.600000,-0.600000,-0.600000,-0.600000,-0.600000,-1.000000,-0.600000,0.600000,0.600000,-0.600000,0.600000,-0.600000,-0.600000,1.000000,-0.600000,-0.600000,1.000000,-0.600000,0.600000,-0.600000,-0.600000,-0.600000,-0.600000,-0.600000,0.600000,-0.600000,0.600000,0.600000,-0.600000,-0.600000,-0.600000,0.600000,0.600000,-0.600000,-0.600000,-0.600000,-0.600000,0.962852
263,-0.600000,-0.600000,0.600000,-0.600000,1.000000,-0.600000,-0.600000,0.600000,0.600000,-0.600000,0.600000,-0.600000,0.600000,0.600000,-0.600000,-0.600000,-0.600000,-0.600000,-0.600000,-0.600000,0.600000,-0.600000,-0.600000,-0.758930,-0.600000,0.600000,-0.600000,0.600000,0.535081,0.600000,-0.600000,-0.600000,-0.000005,-0.600000,-0.600000,-0.600000,-0.600000,-0.600000,-0.600000,-1.000000,-0.600000,0.600000,0.600000,-0.600000,0.600000,-0.600000,-0.600000,1.000000,-0.600000,-0.600000,1.000000,-0.600000,0.600000,-0.600000,-0.600000,-0.600000,-0.600000,-0.600000,0.600000,-0.600000,0.600000,0.600000,-0.600000,-0.600000,-0.600000,0.600000,0.600000,-0.600000,-0.600000,-0.600000,-0.600000,0.962852
264,-0.600000,-0.600000,0.600000,-0.600000,1.000000,-0.600000,-0.600000,0.600000,0.600000,-0.600000,0.600000,-0.600000,0.600000,0.600000,-0.600000,-0.600000,-0.600000,-0.600000,-0.600000,-0.600000,0.600000,-0.600000,-0.600000,-0.764390,-0.600000,0.600000,-0.600000,0.600000,0.535081,0.600000,-0.600000,-0.600000,-0.000004,-0.600000,-0.600000,-0.600000,-0.600000,-0.600000,-0.600000,-1.000000,-0.600000,0.600000,0.600000,-0.600000,0.600000,-0.600000,-0.600000,1.000000,-0.600000,-0.600000,1.000000,-0.600000,0.600000,-0.600000,-0.600000,-0.600000,-0.600000,-0.600000,0.600000,-0.600000,0.600000,0.600000,-0.600000,-0.600000,-0.600000,0.600000,0.600000,-0.600000,-0.600000,-0.600000,-0.600000,0.962852
265,-0.600000,-0.600000,0.600000,-0.600000,1.000000,-0.600000,-0.600000,0.600000,0.600000,-0.600000,0.600000,-0.600000,0.600000,0.600000,-0.600000,-0.600000,-0.600000,-0.600000,-0.600000,-0.600000,0.600000,-0.600000,-0.600000,-0.771536,-0.600000,0.600000,-0.600000,0.600000,0.535081,0.600000,-0.600000,-0.600000,-0.000004,-0.600000,-0.600000,-0.600000,-0.600000,-0.600000,-0.600000,-1.000000,-0.600000,0.600000,0.600000,-0.600000,0.600000,-0.600000,-0.600000,1.000000,-0.600000,-0.600000,1.000000,-0.600000,0.600000,-0.600000,-0.600000,-0.600000,-0.600000,-0.600000,0.600000,-0.600000,0.600000,0.600000,-0.600000,-0.600000,-0.600000,0.600000,0.600000,-0.600000,-0.600000,-0.600000,-0.600000,0.963564
266,-0.600000,-0.600000,0.600000,-0.600000,1.000000,-0.600000,-0.600000,0.600000,0.600000,-0.600000,0.600000,-0.600000,0.600000,0.600000,-0.600000,-0.600000,-0.600000,-0.600000,-0.600000,-0.600000,0.600000,-0.600000,-0.600000,-0.778529,-0.600000,0.600000,-0.600000,0.600000,0.535081,0.600000,-0.600000,-0.600000,-0.000004,-0.600000,-0.600000,-0.600000,-0.600000,-0.600000,-0.600000,-1.000000,-0.600000,0.600000,0.600000,-0.600000,0.600000,-0.600000,-0.600000,1.000000,-0.600000,-0.600000,1.000000,-0.600000,0.600000,-0.600000,-0.600000,-0.600000,-0.600000,-0.600000,0.600000,-0.600000,0.600000,0.600000,-0.600000,-0.600000,-0.600000,0.600000,0.600000,-0.600000,-0.600000,-0.600000,-0.600000,0.963564
267,-0.600000,-0.600000,0.600000,-0.600000,1.000000,-0.600000,-0.600000,0.600000,0.600000,-0.600000,0.600000,-0.600000,0.600000,0.600000,-0.600000,-0.600000,-0.600000,-0.600000,-0.600000,-0.600000,0.600000,-0.600000,-0.600000,-0.780254,-0.600000,0.600000,-0.600000,0.600000,0.535081,0.600000,-0.600000,-0.600000,-0.000004,-0.600000,-0.600000,-0.600000,-0.600000,-0.600000,-0.600000,-1.000000,-0.600000,0.600000,0.600000,-0.600000,0.600000,-0.600000,-0.600000,1.000000,-0.600000,-0.600000,1.000000,-0.600000,0.600000,-0.600000,-0.600000,-0.600000,-0.600000,-0.600000,0.600000,-0.600000,0.600000,0.600000,-0.600000,-0.600000,-0.600000,0.600000,0.600000,-0.600000,-0.600000,-0.600000,-0.600000,0.963564
268,-0.600000,-0.600000,0.600000,-0.600000,1.000000,-0.600000,-0.600000,0.600000,0.600000,-0.600000,0.600000,-0.600000,0.600000,0.600000,-0.600000,-0.600000,-0.600000,-0.600000,-0.600000,-0.600000,0.600000,-0.600000,-0.600000,-0.785368,-0.600000,0.600000,-0.600000,0.600000,0.535081,0.600000,-0.600000,-0.600000,-0.000004,-0.600000,-0.600000,-0.600000,-0.600000,-0.600000,-0.600000,-1.000000,-0.600000,0.600000,0.600000,-0.600000,0.600000,-0.600000,-0.600000,1.000000,-0.600000,-0.600000,1.000000,-0.600000,0.600000,-0.600000,-0.600000,-0.600000,-0.600000,-0.600000,0.600000,-0.600000,0.600000,0.600000,-0.600000,-0.600000,-0.600000,0.600000,0.600000,-0.600000,-0.600000,-0.600000,-0.600000,0.963564
269,-0.600000,-0.600000,0.600000,-0.600000,1.000000,-0.600000,-0.600000,0.600000,0.600000,-0.600000,0.600000,-0.600000,0.600000,0.600000,-0.600000,-0.600000,-0.600000,-0.600000,-0.600000,-0.600000,0.600000,-0.600000,-0.600000,-0.790396,-0.600000,0.600000,-0.600000,0.600000,0.535081,0.600000,-0.600000,-0.600000,-0.000003,-0.600000,-0.600000,-0.600000,-0.600000,-0.600000,-0.600000,-1.000000,-0.600000,0.600000,0.600000,-0.600000,0.600000,-0.600000,-0.600000,1.000000,-0.600000,-0.600000,1.000000,-0.600000,0.600000,-0.600000,-0.600000,-0.600000,-0.600000,-0.600000,0.600000,-0.600000,0.600000,0.600000,-0.600000,-0.600000,-0.600000,0.600000,0.600000,-0.600000,-0.600000,-0.600000,-0.600000,0.963564
270,-0.600000,-0.600000,0.600000,-0.600000,1.000000,-0.600000,-0.600000,0.600000,0.600000,-0.600000,0.600000,-0.600000,0.600000,0.600000,-0.600000,-0.600000,-0.600000,-0.600000,-0.600000,-0.600000,0.600000,-0.600000,-0.600000,-0.795338,-0.600000,0.600000,-0.600000,0.600000,0.535081,0.600000,-0.600000,-0.600000,-0.000003,-0.600000,-0.600000,-0.600000,-0.600000,-0.600000,-0.600000,-1.000000,-0.600000,0.600000,0.600000,-0.600000,0.600000,-0.600000,-0.600000,1.000000,-0.600000,-0.600000,1.000000,-0.600000,0.600000,-0.600000,-0.600000,-0.600000,-0.600000,-0.600000,0.600000,-0.600000,0.600000,0.600000,-0.600000,-0.600000,-0.600000,0.600000,0.600000,-0.600000,-0.600000,-0.600000,-0.600000,0.963564
271,-0.600000,-0.600000,0.600000,-0.600000,1.000000,-0.600000,-0.600000,0.600000,0.600000,-0.600000,0.600000,-0.600000,0.600000,0.600000,-0.600000,-0.600000,-0.600000,-0.600000,-0.600000,-0.600000,0.600000,-0.600000,-0.600000,-0.798583,-0.600000,0.600000,-0.600000,0.600000,0.535081,0.600000,-0.600000,-0.600000,-0.000003,-0.600000,-0.600000,-0.600000,-0.600000,-0.600000,-0.600000,-1.000000,-0.600000,0.600000,0.600000,-0.600000,0.600000,-0.600000,-0.600000,1.000000,-0.600000,-0.600000,1.000000,-0.600000,0.600000,-0.600000,-0.600000,-0.600000,-0.600000,-0.600000,0.600000,-0.600000,0.600000,0.600000,-0.600000,-0.600000,-0.600000,0.600000,0.600000,-0.600000,-0.600000,-0.600000,-0.600000,0.963564
