tick,energy,eats,distance,conn_1_6_weight,food_north_sensed,moved_north
0,30,0,0,0.900000,0,0
1,29,0,0,0.900000,0,0
2,29,1,0,0.900000,0,0
3,27,1,1,0.900000,0,0
4,29,2,1,0.900000,0,0
5,27,2,2,0.900000,1,0
6,25,2,3,0.900000,0,1
7,29,3,3,0.900000,0,0
8,27,3,4,0.900000,0,1
9,25,3,5,0.900000,0,0
10,23,3,6,0.900000,0,0
11,21,3,7,0.900000,0,0
12,29,4,7,0.900000,0,0
13,27,4,8,0.900000,0,1
14,29,5,8,0.900000,0,0
15,27,5,9,0.900000,0,0
16,29,6,9,0.900000,0,0
17,27,6,10,0.900000,0,0
18,29,7,10,0.900000,0,0
19,27,7,11,0.900000,0,0
20,25,7,12,0.900000,0,0
21,29,8,12,0.900000,0,0
22,27,8,13,0.900000,0,0
23,25,8,14,0.900000,0,0
24,23,8,15,0.900000,0,0
25,21,8,16,0.900000,0,0
26,19,8,17,0.900000,0,0
27,17,8,18,0.900000,0,0
28,15,8,19,0.900000,0,1
29,29,9,19,0.900000,0,0
30,27,9,20,0.900000,0,0
31,29,10,20,0.900000,0,0
32,27,10,21,0.900000,0,0
33,25,10,22,0.900000,0,0
34,29,11,22,0.900000,0,0
35,27,11,23,0.900000,0,0
36,29,12,23,0.900000,0,0
37,27,12,24,0.900000,0,0
38,25,12,25,0.900000,0,0
39,23,12,26,0.900000,0,0
40,29,13,26,0.900000,0,0
41,27,13,27,0.900000,0,0
42,25,13,28,0.900000,0,0
43,23,13,29,0.900000,0,0
44,21,13,30,0.900000,0,1
45,19,13,31,0.900000,0,0
46,17,13,32,0.900000,0,1
47,15,13,33,0.900000,1,0
48,13,13,34,0.900000,1,1
49,29,14,34,0.900000,1,0
50,27,14,35,0.900000,0,1
51,29,15,35,0.900000,0,0
52,27,15,36,0.900000,0,0
53,25,15,37,0.900000,0,0
54,23,15,38,0.900000,0,0
55,29,16,38,0.900000,0,0
56,27,16,39,0.900000,0,0
57,29,17,39,0.900000,0,0
58,27,17,40,0.900000,0,0
59,29,18,40,0.900000,0,0
60,27,18,41,0.900000,0,0
61,25,18,42,0.900000,0,1
62,23,18,43,0.900000,0,1
63,21,18,44,0.900000,0,1
64,19,18,45,0.900000,0,0
65,29,19,45,0.900000,0,0
66,27,19,46,0.900000,0,0
67,25,19,47,0.900000,0,0
68,23,19,48,0.900000,0,1
69,29,20,48,0.900000,0,0
70,27,20,49,0.900000,0,0
71,29,21,49,0.900000,0,0
72,27,21,50,0.900000,0,0
73,29,22,50,0.900000,0,0
74,27,22,51,0.900000,0,0
75,29,23,51,0.900000,0,0
76,27,23,52,0.900000,0,0
77,29,24,52,0.900000,0,0
78,27,24,53,0.900000,0,0
79,25,24,54,0.900000,0,1
80,23,24,55,0.900000,0,0
81,29,25,55,0.900000,0,0
82,27,25,56,0.900000,0,1
83,25,25,57,0.900000,0,0
84,23,25,58,0.900000,0,0
85,21,25,59,0.900000,1,0
86,19,25,60,0.900000,0,1
87,29,26,60,0.900000,0,0
88,27,26,61,0.900000,0,0
89,29,27,61,0.900000,0,0
90,27,27,62,0.900000,0,0
91,25,27,63,0.900000,0,0
92,23,27,64,0.900000,0,0
93,21,27,65,0.900000,0,0
94,19,27,66,0.900000,0,0
95,29,28,66,0.900000,0,0
96,27,28,67,0.900000,0,0
97,29,29,67,0.900000,0,0
98,27,29,68,0.900000,0,0
99,29,30,68,0.900000,0,0
100,27,30,69,0.900000,0,0
101,29,31,69,0.900000,0,0
102,27,31,70,0.900000,0,0
103,29,32,70,0.900000,0,0
104,27,32,71,0.900000,0,0
105,25,32,72,0.900000,0,0
106,29,33,72,0.900000,0,0
107,27,33,73,0.900000,0,0
108,25,33,74,0.900000,0,0
109,23,33,75,0.900000,0,0
110,21,33,76,0.900000,0,0
111,19,33,77,0.900000,0,0
112,29,34,77,0.900000,0,0
113,27,34,78,0.900000,0,1
114,25,34,79,0.900000,0,1
115,23,34,80,0.900000,1,0
116,29,35,80,0.900000,1,0
117,27,35,81,0.900000,0,1
118,29,36,81,0.900000,0,0
119,27,36,82,0.900000,0,0
120,25,36,83,0.900000,0,1
121,23,36,84,0.900000,0,0
122,21,36,85,0.900000,0,1
123,19,36,86,0.900000,0,0
124,17,36,87,0.900000,0,0
125,15,36,88,0.900000,0,0
126,29,37,88,0.900000,0,0
127,27,37,89,0.900000,0,0
128,25,37,90,0.900000,0,0
129,29,38,90,0.900000,0,0
130,27,38,91,0.900000,0,1
131,25,38,92,0.900000,0,0
132,23,38,93,0.900000,0,0
133,21,38,94,0.900000,0,0
134,19,38,95,0.900000,0,0
135,29,39,95,0.900000,0,0
136,27,39,96,0.900000,0,0
137,29,40,96,0.900000,0,0
138,27,40,97,0.900000,0,0
139,25,40,98,0.900000,0,0
140,29,41,98,0.900000,0,0
141,27,41,99,0.900000,0,0
142,25,41,100,0.900000,0,0
143,29,42,100,0.900000,0,0
144,27,42,101,0.900000,0,0
145,29,43,101,0.900000,0,0
146,27,43,102,0.900000,0,0
147,25,43,103,0.900000,0,0
148,23,43,104,0.900000,1,0
149,21,43,105,0.900000,0,1
150,29,44,105,0.900000,0,0
151,27,44,106,0.900000,0,0
152,25,44,107,0.900000,0,1
153,29,45,107,0.900000,0,0
154,27,45,108,0.900000,0,0
155,25,45,109,0.900000,0,1
156,23,45,110,0.900000,0,1
157,21,45,111,0.900000,0,0
158,19,45,112,0.900000,1,0
159,17,45,113,0.900000,0,1
160,15,45,114,0.900000,1,0
161,13,45,115,0.900000,0,1
162,29,46,115,0.900000,0,0
163,27,46,116,0.900000,0,1
164,25,46,117,0.900000,0,0
165,29,47,117,0.900000,0,0
166,27,47,118,0.900000,0,0
167,25,47,119,0.900000,1,0
168,23,47,120,0.900000,1,1
169,29,48,120,0.900000,1,0
170,27,48,121,0.900000,0,1
171,29,49,121,0.900000,0,0
172,27,49,122,0.900000,0,0
173,25,49,123,0.900000,0,0
174,23,49,124,0.900000,0,0
175,21,49,125,0.900000,0,0
176,29,50,125,0.900000,0,0
177,27,50,126,0.900000,0,0
178,29,51,126,0.900000,0,0
179,27,51,127,0.900000,0,0
180,25,51,128,0.900000,0,0
181,23,51,129,0.900000,0,0
182,29,52,129,0.900000,0,0
183,27,52,130,0.900000,0,0
184,25,52,131,0.900000,0,0
185,23,52,132,0.900000,0,0
186,21,52,133,0.900000,0,1
187,19,52,134,0.900000,0,1
188,17,52,135,0.900000,1,1
189,15,52,136,0.900000,0,1
190,29,53,136,0.900000,0,0
191,27,53,137,0.900000,1,0
192,25,53,138,0.900000,0,1
193,29,54,138,0.900000,0,0
194,27,54,139,0.900000,0,0
195,25,54,140,0.900000,0,0
196,23,54,141,0.900000,0,0
197,21,54,142,0.900000,0,0
198,19,54,143,0.900000,0,0
199,17,54,144,0.900000,1,0
200,15,54,145,0.900000,0,1
201,13,54,146,0.900000,0,0
202,29,55,146,0.900000,0,0
203,27,55,147,0.900000,1,0
204,29,56,147,0.900000,1,0
205,27,56,148,0.900000,1,1
206,29,57,148,0.900000,1,0
207,27,57,149,0.900000,1,1
208,29,58,149,0.900000,1,0
209,27,58,150,0.900000,0,0
210,25,58,151,0.900000,0,0
211,23,58,152,0.900000,0,0
212,29,59,152,0.900000,0,0
213,27,59,153,0.900000,0,0
214,25,59,154,0.900000,0,0
215,29,60,154,0.900000,0,0
216,27,60,155,0.900000,0,1
217,29,61,155,0.900000,0,0
218,27,61,156,0.900000,0,0
219,25,61,157,0.900000,0,0
220,29,62,157,0.900000,0,0
221,27,62,158,0.900000,0,0
222,25,62,159,0.900000,0,0
223,29,63,159,0.900000,0,0
224,27,63,160,0.900000,0,1
225,29,64,160,0.900000,0,0
226,27,64,161,0.900000,0,0
227,25,64,162,0.900000,0,0
228,23,64,163,0.900000,0,0
229,21,64,164,0.900000,0,0
230,29,65,164,0.900000,0,0
231,27,65,165,0.900000,0,0
232,25,65,166,0.900000,0,0
233,29,66,166,0.900000,0,0
234,27,66,167,0.900000,0,0
235,29,67,167,0.900000,0,0
236,27,67,168,0.900000,0,0
237,29,68,168,0.900000,0,0
238,27,68,169,0.900000,0,0
239,25,68,170,0.900000,0,0
240,29,69,170,0.900000,0,0
241,27,69,171,0.900000,0,0
242,25,69,172,0.900000,0,0
243,29,70,172,0.900000,0,0
244,27,70,173,0.900000,0,0
245,29,71,173,0.900000,0,0
246,27,71,174,0.900000,0,0
247,25,71,175,0.900000,0,0
248,29,72,175,0.900000,0,0
249,27,72,176,0.900000,0,0
250,25,72,177,0.900000,0,0
251,23,72,178,0.900000,0,0
252,29,73,178,0.900000,0,0
253,27,73,179,0.900000,0,0
254,25,73,180,0.900000,0,0
255,23,73,181,0.900000,0,0
256,21,73,182,0.900000,0,0
257,19,73,183,0.900000,0,0
258,17,73,184,0.900000,0,0
259,29,74,184,0.900000,0,0
260,27,74,185,0.900000,0,0
261,25,74,186,0.900000,0,0
262,23,74,187,0.900000,0,1
263,21,74,188,0.900000,0,1
264,19,74,189,0.900000,0,0
265,17,74,190,0.900000,0,0
266,15,74,191,0.900000,0,0
267,13,74,192,0.900000,0,0
268,11,74,193,0.900000,0,0
269,9,74,194,0.900000,0,0
270,7,74,195,0.900000,0,0
271,29,75,195,0.900000,0,0
272,27,75,196,0.900000,0,1
273,25,75,197,0.900000,0,0
274,23,75,198,0.900000,0,0
275,21,75,199,0.900000,0,0
276,19,75,200,0.900000,0,0
277,17,75,201,0.900000,0,0
278,15,75,202,0.900000,0,0
279,29,76,202,0.900000,0,0
280,27,76,203,0.900000,0,0
281,25,76,204,0.900000,0,0
282,23,76,205,0.900000,0,0
283,21,76,206,0.900000,0,0
284,19,76,207,0.900000,0,0
285,29,77,207,0.900000,0,0
286,27,77,208,0.900000,0,0
287,29,78,208,0.900000,0,0
288,27,78,209,0.900000,0,0
289,29,79,209,0.900000,0,0
290,27,79,210,0.900000,0,0
291,25,79,211,0.900000,0,0
292,29,80,211,0.900000,0,0
293,27,80,212,0.900000,0,0
294,25,80,213,0.900000,0,0
295,29,81,213,0.900000,0,0
296,27,81,214,0.900000,0,0
297,25,81,215,0.900000,0,0
298,23,81,216,0.900000,0,1
299,21,81,217,0.900000,0,0
300,19,81,218,0.900000,0,1
301,17,81,219,0.900000,0,0
302,29,82,219,0.900000,0,0
303,27,82,220,0.900000,0,0
304,25,82,221,0.900000,0,0
305,23,82,222,0.900000,0,0
306,21,82,223,0.900000,0,0
307,19,82,224,0.900000,0,0
308,17,82,225,0.900000,0,0
309,15,82,226,0.900000,0,0
310,29,83,226,0.900000,0,0
311,27,83,227,0.900000,0,0
312,29,84,227,0.900000,0,0
313,27,84,228,0.900000,0,0
314,25,84,229,0.900000,0,0
315,23,84,230,0.900000,0,0
316,29,85,230,0.900000,0,0
317,27,85,231,0.900000,0,0
318,25,85,232,0.900000,0,1
319,23,85,233,0.900000,0,0
320,21,85,234,0.900000,0,0
321,19,85,235,0.900000,1,1
322,17,85,236,0.900000,0,1
323,29,86,236,0.900000,0,0
324,27,86,237,0.900000,0,0
325,25,86,238,0.900000,0,1
326,23,86,239,0.900000,0,0
327,21,86,240,0.900000,0,1
328,19,86,241,0.900000,0,0
329,17,86,242,0.900000,0,0
330,15,86,243,0.900000,1,0
331,29,87,243,0.900000,1,0
332,27,87,244,0.900000,0,1
333,29,88,244,0.900000,0,0
334,27,88,245,0.900000,0,0
335,25,88,246,0.900000,0,0
336,23,88,247,0.900000,0,1
337,21,88,248,0.900000,0,0
338,19,88,249,0.900000,0,0
339,17,88,250,0.900000,0,1
340,15,88,251,0.900000,0,0
341,13,88,252,0.900000,0,0
342,11,88,253,0.900000,0,0
343,9,88,254,0.900000,0,0
344,7,88,255,0.900000,0,0
345,29,89,255,0.900000,0,0
346,27,89,256,0.900000,0,0
347,29,90,256,0.900000,0,0
348,27,90,257,0.900000,0,0
349,29,91,257,0.900000,0,0
350,27,91,258,0.900000,0,0
351,29,92,258,0.900000,0,0
352,27,92,259,0.900000,0,0
353,29,93,259,0.900000,0,0
354,27,93,260,0.900000,0,0
355,29,94,260,0.900000,0,0
356,27,94,261,0.900000,0,0
357,29,95,261,0.900000,0,0
358,27,95,262,0.900000,0,0
359,25,95,263,0.900000,0,0
360,29,96,263,0.900000,0,0
361,27,96,264,0.900000,0,0
362,25,96,265,0.900000,0,0
363,29,97,265,0.900000,0,0
364,27,97,266,0.900000,0,0
365,25,97,267,0.900000,0,0
366,23,97,268,0.900000,0,0
367,29,98,268,0.900000,0,0
368,27,98,269,0.900000,0,1
369,29,99,269,0.900000,0,0
370,27,99,270,0.900000,0,0
371,25,99,271,0.900000,0,0
372,29,100,271,0.900000,0,0
373,27,100,272,0.900000,0,1
374,25,100,273,0.900000,0,0
375,23,100,274,0.900000,0,0
376,29,101,274,0.900000,0,0
377,27,101,275,0.900000,0,0
378,29,102,275,0.900000,0,0
379,27,102,276,0.900000,0,1
380,25,102,277,0.900000,0,0
381,23,102,278,0.900000,0,0
382,29,103,278,0.900000,0,0
383,27,103,279,0.900000,0,0
384,25,103,280,0.900000,0,0
385,23,103,281,0.900000,0,1
386,21,103,282,0.900000,0,0
387,29,104,282,0.900000,0,0
388,27,104,283,0.900000,0,0
389,25,104,284,0.900000,0,0
390,23,104,285,0.900000,0,0
391,21,104,286,0.900000,1,0
392,19,104,287,0.900000,0,1
393,29,105,287,0.900000,0,0
394,27,105,288,0.900000,0,0
395,25,105,289,0.900000,0,0
396,23,105,290,0.900000,0,1
397,21,105,291,0.900000,1,0
398,29,106,291,0.900000,1,0
399,27,106,292,0.900000,0,1
400,29,107,292,0.900000,0,0
401,27,107,293,0.900000,0,0
402,29,108,293,0.900000,0,0
403,27,108,294,0.900000,0,0
404,25,108,295,0.900000,0,0
405,29,109,295,0.900000,0,0
406,27,109,296,0.900000,0,0
407,25,109,297,0.900000,0,0
408,29,110,297,0.900000,0,0
409,27,110,298,0.900000,0,0
410,25,110,299,0.900000,0,0
411,23,110,300,0.900000,0,0
412,21,110,301,0.900000,0,0
413,19,110,302,0.900000,0,0
414,17,110,303,0.900000,0,0
415,29,111,303,0.900000,0,0
416,27,111,304,0.900000,0,0
417,29,112,304,0.900000,0,0
418,27,112,305,0.900000,0,0
419,29,113,305,0.900000,0,0
420,27,113,306,0.900000,0,0
421,29,114,306,0.900000,0,0
422,27,114,307,0.900000,0,0
423,25,114,308,0.900000,0,0
424,29,115,308,0.900000,0,0
425,27,115,309,0.900000,0,0
426,25,115,310,0.900000,0,0
427,23,115,311,0.900000,0,0
428,21,115,312,0.900000,0,0
429,19,115,313,0.900000,0,0
430,17,115,314,0.900000,0,0
431,29,116,314,0.900000,0,0
432,27,116,315,0.900000,0,0
433,29,117,315,0.900000,0,0
434,27,117,316,0.900000,0,0
435,29,118,316,0.900000,0,0
436,27,118,317,0.900000,0,0
437,29,119,317,0.900000,0,0
438,27,119,318,0.900000,0,0
439,29,120,318,0.900000,0,0
440,27,120,319,0.900000,0,1
441,25,120,320,0.900000,0,0
442,23,120,321,0.900000,0,0
443,21,120,322,0.900000,0,0
444,19,120,323,0.900000,0,0
445,17,120,324,0.900000,0,0
446,15,120,325,0.900000,0,1
447,13,120,326,0.900000,0,0
448,29,121,326,0.900000,0,0
449,27,121,327,0.900000,0,0
450,25,121,328,0.900000,0,0
451,29,122,328,0.900000,0,0
452,27,122,329,0.900000,0,0
453,29,123,329,0.900000,0,0
454,27,123,330,0.900000,0,0
455,29,124,330,0.900000,0,0
456,27,124,331,0.900000,0,0
457,25,124,332,0.900000,0,0
458,29,125,332,0.900000,0,0
459,27,125,333,0.900000,0,1
460,25,125,334,0.900000,0,1
461,23,125,335,0.900000,0,0
462,29,126,335,0.900000,0,0
463,27,126,336,0.900000,0,0
464,25,126,337,0.900000,0,0
465,23,126,338,0.900000,0,0
466,21,126,339,0.900000,0,0
467,29,127,339,0.900000,0,0
468,27,127,340,0.900000,0,1
469,25,127,341,0.900000,0,1
470,23,127,342,0.900000,1,1
471,29,128,342,0.900000,1,0
472,27,128,343,0.900000,0,1
473,29,129,343,0.900000,0,0
474,27,129,344,0.900000,0,0
475,29,130,344,0.900000,0,0
476,27,130,345,0.900000,0,1
477,25,130,346,0.900000,0,0
478,29,131,346,0.900000,0,0
479,27,131,347,0.900000,0,0
480,25,131,348,0.900000,0,1
481,23,131,349,0.900000,0,0
482,21,131,350,0.900000,1,1
483,19,131,351,0.900000,0,1
484,29,132,351,0.900000,0,0
485,27,132,352,0.900000,0,0
486,25,132,353,0.900000,0,0
487,23,132,354,0.900000,0,1
488,21,132,355,0.900000,0,0
489,29,133,355,0.900000,0,0
490,27,133,356,0.900000,0,0
491,29,134,356,0.900000,0,0
492,27,134,357,0.900000,1,0
493,25,134,358,0.900000,0,1
494,29,135,358,0.900000,0,0
495,27,135,359,0.900000,0,0
496,29,136,359,0.900000,0,0
497,27,136,360,0.900000,0,0
498,25,136,361,0.900000,0,0
499,29,137,361,0.900000,0,0
500,27,137,362,0.900000,0,0
501,29,138,362,0.900000,0,0
502,27,138,363,0.900000,0,1
503,25,138,364,0.900000,0,0
504,23,138,365,0.900000,0,0
505,21,138,366,0.900000,0,0
506,19,138,367,0.900000,0,1
507,17,138,368,0.900000,0,0
508,29,139,368,0.900000,0,0
509,27,139,369,0.900000,0,0
510,29,140,369,0.900000,0,0
511,27,140,370,0.900000,0,0
512,25,140,371,0.900000,1,0
513,29,141,371,0.900000,1,0
514,27,141,372,0.900000,0,1
515,29,142,372,0.900000,0,0
516,27,142,373,0.900000,0,0
517,25,142,374,0.900000,0,0
518,23,142,375,0.900000,0,0
519,29,143,375,0.900000,0,0
520,27,143,376,0.900000,0,0
521,29,144,376,0.900000,0,0
522,27,144,377,0.900000,0,0
523,25,144,378,0.900000,0,0
524,29,145,378,0.900000,0,0
525,27,145,379,0.900000,0,0
526,29,146,379,0.900000,0,0
527,27,146,380,0.900000,0,0
528,29,147,380,0.900000,0,0
529,27,147,381,0.900000,0,0
530,25,147,382,0.900000,0,0
531,29,148,382,0.900000,0,0
532,27,148,383,0.900000,0,0
533,25,148,384,0.900000,0,0
534,23,148,385,0.900000,0,0
535,21,148,386,0.900000,0,0
536,19,148,387,0.900000,0,1
537,17,148,388,0.900000,0,0
538,15,148,389,0.900000,0,0
539,13,148,390,0.900000,0,1
540,11,148,391,0.900000,0,0
541,9,148,392,0.900000,0,1
542,7,148,393,0.900000,1,1
543,5,148,394,0.900000,1,1
544,29,149,394,0.900000,1,0
545,27,149,395,0.900000,0,1
546,29,150,395,0.900000,0,0
547,27,150,396,0.900000,0,0
548,29,151,396,0.900000,0,0
549,27,151,397,0.900000,0,0
550,25,151,398,0.900000,0,0
551,23,151,399,0.900000,0,0
552,21,151,400,0.900000,0,0
553,29,152,400,0.900000,0,0
554,27,152,401,0.900000,0,0
555,29,153,401,0.900000,0,0
556,27,153,402,0.900000,0,0
557,29,154,402,0.900000,0,0
558,27,154,403,0.900000,0,0
559,25,154,404,0.900000,0,0
560,29,155,404,0.900000,0,0
561,27,155,405,0.900000,1,0
562,25,155,406,0.900000,0,1
563,29,156,406,0.900000,0,0
564,27,156,407,0.900000,0,1
565,25,156,408,0.900000,0,0
566,23,156,409,0.900000,0,0
567,21,156,410,0.900000,1,0
568,19,156,411,0.900000,0,1
569,29,157,411,0.900000,0,0
570,27,157,412,0.900000,0,0
571,25,157,413,0.900000,0,0
572,23,157,414,0.900000,0,0
573,21,157,415,0.900000,0,0
574,19,157,416,0.900000,0,0
575,17,157,417,0.900000,0,0
576,15,157,418,0.900000,0,0
577,29,158,418,0.900000,0,0
578,27,158,419,0.900000,0,0
579,25,158,420,0.900000,0,0
580,23,158,421,0.900000,0,0
581,29,159,421,0.900000,0,0
582,27,159,422,0.900000,0,0
583,25,159,423,0.900000,0,0
584,29,160,423,0.900000,0,0
585,27,160,424,0.900000,0,1
586,25,160,425,0.900000,0,0
587,23,160,426,0.900000,0,0
588,21,160,427,0.900000,0,0
589,19,160,428,0.900000,0,0
590,17,160,429,0.900000,0,0
591,29,161,429,0.900000,0,0
592,27,161,430,0.900000,0,0
593,29,162,430,0.900000,0,0
594,27,162,431,0.900000,1,0
595,25,162,432,0.900000,0,1
596,29,163,432,0.900000,0,0
597,27,163,433,0.900000,0,0
598,29,164,433,0.900000,0,0
599,27,164,434,0.900000,0,0
600,29,165,434,0.900000,0,0
601,27,165,435,0.900000,0,0
602,25,165,436,0.900000,0,0
603,29,166,436,0.900000,0,0
604,27,166,437,0.900000,0,0
605,25,166,438,0.900000,0,0
606,29,167,438,0.900000,0,0
607,27,167,439,0.900000,0,0
608,25,167,440,0.900000,0,0
609,29,168,440,0.900000,0,0
610,27,168,441,0.900000,0,0
611,29,169,441,0.900000,0,0
612,27,169,442,0.900000,0,0
613,25,169,443,0.900000,0,0
614,23,169,444,0.900000,0,0
615,21,169,445,0.900000,0,0
616,29,170,445,0.900000,0,0
617,27,170,446,0.900000,0,0
618,29,171,446,0.900000,0,0
619,27,171,447,0.900000,0,1
620,25,171,448,0.900000,0,0
621,23,171,449,0.900000,0,1
622,21,171,450,0.900000,0,0
623,19,171,451,0.900000,0,0
624,17,171,452,0.900000,0,0
625,15,171,453,0.900000,0,0
626,13,171,454,0.900000,0,0
627,29,172,454,0.900000,0,0
628,27,172,455,0.900000,0,0
629,29,173,455,0.900000,0,0
630,27,173,456,0.900000,0,0
631,29,174,456,0.900000,0,0
632,27,174,457,0.900000,0,0
633,29,175,457,0.900000,0,0
634,27,175,458,0.900000,0,0
635,25,175,459,0.900000,0,0
636,23,175,460,0.900000,0,0
637,21,175,461,0.900000,0,0
638,19,175,462,0.900000,1,0
639,17,175,463,0.900000,0,0
640,15,175,464,0.900000,0,0
641,29,176,464,0.900000,0,0
642,27,176,465,0.900000,0,0
643,29,177,465,0.900000,0,0
644,27,177,466,0.900000,0,0
645,29,178,466,0.900000,0,0
646,27,178,467,0.900000,0,0
647,29,179,467,0.900000,0,0
648,27,179,468,0.900000,0,0
649,29,180,468,0.900000,0,0
650,27,180,469,0.900000,0,0
651,29,181,469,0.900000,0,0
652,27,181,470,0.900000,0,1
653,25,181,471,0.900000,0,0
654,23,181,472,0.900000,0,0
655,29,182,472,0.900000,0,0
656,27,182,473,0.900000,0,0
657,29,183,473,0.900000,0,0
658,27,183,474,0.900000,0,0
659,25,183,475,0.900000,0,0
660,23,183,476,0.900000,0,0
661,29,184,476,0.900000,0,0
662,27,184,477,0.900000,0,0
663,25,184,478,0.900000,0,0
664,29,185,478,0.900000,0,0
665,27,185,479,0.900000,0,0
666,25,185,480,0.900000,0,0
667,29,186,480,0.900000,0,0
668,27,186,481,0.900000,0,1
669,25,186,482,0.900000,0,0
670,23,186,483,0.900000,0,1
671,21,186,484,0.900000,0,0
672,19,186,485,0.900000,0,0
673,17,186,486,0.900000,0,0
674,15,186,487,0.900000,0,0
675,13,186,488,0.900000,0,0
676,29,187,488,0.900000,0,0
677,27,187,489,0.900000,0,0
678,25,187,490,0.900000,0,0
679,23,187,491,0.900000,0,0
680,21,187,492,0.900000,0,0
681,19,187,493,0.900000,0,0
682,29,188,493,0.900000,0,0
683,27,188,494,0.900000,0,0
684,29,189,494,0.900000,0,0
685,27,189,495,0.900000,0,0
686,25,189,496,0.900000,0,1
687,29,190,496,0.900000,0,0
688,27,190,497,0.900000,0,0
689,25,190,498,0.900000,0,0
690,29,191,498,0.900000,0,0
691,27,191,499,0.900000,0,1
692,25,191,500,0.900000,0,0
693,23,191,501,0.900000,0,1
694,21,191,502,0.900000,0,1
695,19,191,503,0.900000,1,1
696,17,191,504,0.900000,0,0
697,15,191,505,0.900000,0,0
698,29,192,505,0.900000,0,0
699,27,192,506,0.900000,0,0
700,25,192,507,0.900000,0,0
701,23,192,508,0.900000,0,0
702,21,192,509,0.900000,0,0
703,19,192,510,0.900000,0,1
704,17,192,511,0.900000,1,0
705,15,192,512,0.900000,0,1
706,29,193,512,0.900000,0,0
707,27,193,513,0.900000,0,0
708,29,194,513,0.900000,0,0
709,27,194,514,0.900000,0,0
710,25,194,515,0.900000,0,1
711,23,194,516,0.900000,0,0
712,21,194,517,0.900000,0,0
713,19,194,518,0.900000,0,1
714,17,194,519,0.900000,0,0
715,15,194,520,0.900000,1,0
716,13,194,521,0.900000,0,1
717,29,195,521,0.900000,0,0
718,27,195,522,0.900000,0,1
719,25,195,523,0.900000,0,0
720,23,195,524,0.900000,0,0
721,21,195,525,0.900000,0,0
722,19,195,526,0.900000,0,0
723,17,195,527,0.900000,0,0
724,15,195,528,0.900000,0,0
725,29,196,528,0.900000,0,0
726,27,196,529,0.900000,0,0
727,29,197,529,0.900000,0,0
728,27,197,530,0.900000,0,1
729,25,197,531,0.900000,0,0
730,23,197,532,0.900000,0,1
731,21,197,533,0.900000,0,0
732,29,198,533,0.900000,0,0
733,27,198,534,0.900000,1,0
734,25,198,535,0.900000,1,1
735,29,199,535,0.900000,1,0
736,27,199,536,0.900000,0,0
737,25,199,537,0.900000,0,0
738,23,199,538,0.900000,0,0
739,21,199,539,0.900000,0,0
740,29,200,539,0.900000,0,0
741,27,200,540,0.900000,0,0
742,25,200,541,0.900000,0,0
743,23,200,542,0.900000,1,0
744,21,200,543,0.900000,0,1
745,29,201,543,0.900000,0,0
746,27,201,544,0.900000,0,0
747,29,202,544,0.900000,0,0
748,27,202,545,0.900000,0,1
749,25,202,546,0.900000,0,0
750,23,202,547,0.900000,0,1
751,29,203,547,0.900000,0,0
752,27,203,548,0.900000,0,0
753,25,203,549,0.900000,0,0
754,29,204,549,0.900000,0,0
755,27,204,550,0.900000,0,0
756,29,205,550,0.900000,0,0
757,27,205,551,0.900000,0,0
758,25,205,552,0.900000,0,0
759,23,205,553,0.900000,0,1
760,21,205,554,0.900000,0,0
761,19,205,555,0.900000,0,0
762,17,205,556,0.900000,0,0
763,15,205,557,0.900000,0,0
764,13,205,558,0.900000,0,0
765,11,205,559,0.900000,0,1
766,29,206,559,0.900000,0,0
767,27,206,560,0.900000,0,1
768,25,206,561,0.900000,1,0
769,29,207,561,0.900000,1,0
770,27,207,562,0.900000,1,1
771,29,208,562,0.900000,1,0
772,27,208,563,0.900000,0,1
773,29,209,563,0.900000,0,0
774,27,209,564,0.900000,1,0
775,25,209,565,0.900000,0,1
776,29,210,565,0.900000,0,0
777,27,210,566,0.900000,0,0
778,25,210,567,0.900000,0,0
779,23,210,568,0.900000,0,0
780,21,210,569,0.900000,0,1
781,19,210,570,0.900000,1,0
782,17,210,571,0.900000,0,1
783,29,211,571,0.900000,0,0
784,27,211,572,0.900000,0,0
785,25,211,573,0.900000,0,0
786,23,211,574,0.900000,0,0
787,21,211,575,0.900000,0,0
788,29,212,575,0.900000,0,0
789,27,212,576,0.900000,1,1
790,29,213,576,0.900000,1,0
791,27,213,577,0.900000,1,1
792,29,214,577,0.900000,1,0
793,27,214,578,0.900000,0,1
794,29,215,578,0.900000,0,0
795,27,215,579,0.900000,0,1
796,25,215,580,0.900000,0,0
797,23,215,581,0.900000,0,0
798,21,215,582,0.900000,0,1
799,19,215,583,0.900000,0,1
800,29,216,583,0.900000,0,0
801,27,216,584,0.900000,0,0
802,25,216,585,0.900000,0,0
803,29,217,585,0.900000,0,0
804,27,217,586,0.900000,1,0
805,25,217,587,0.900000,0,1
806,29,218,587,0.900000,0,0
807,27,218,588,0.900000,0,0
808,29,219,588,0.900000,0,0
809,27,219,589,0.900000,0,1
810,25,219,590,0.900000,0,1
811,23,219,591,0.900000,0,0
812,21,219,592,0.900000,0,1
813,19,219,593,0.900000,0,1
814,17,219,594,0.900000,0,0
815,29,220,594,0.900000,0,0
816,27,220,595,0.900000,0,0
817,29,221,595,0.900000,0,0
818,27,221,596,0.900000,0,0
819,29,222,596,0.900000,0,0
820,27,222,597,0.900000,0,0
821,29,223,597,0.900000,0,0
822,27,223,598,0.900000,0,0
823,25,223,599,0.900000,0,0
824,29,224,599,0.900000,0,0
825,27,224,600,0.900000,0,1
826,25,224,601,0.900000,1,1
827,23,224,602,0.900000,0,1
828,29,225,602,0.900000,0,0
829,27,225,603,0.900000,0,0
830,25,225,604,0.900000,0,1
831,23,225,605,0.900000,0,0
832,29,226,605,0.900000,0,0
833,27,226,606,0.900000,0,0
834,29,227,606,0.900000,0,0
835,27,227,607,0.900000,1,0
836,25,227,608,0.900000,0,1
837,29,228,608,0.900000,0,0
838,27,228,609,0.900000,0,0
839,29,229,609,0.900000,0,0
840,27,229,610,0.900000,0,0
841,29,230,610,0.900000,0,0
842,27,230,611,0.900000,0,0
843,25,230,612,0.900000,0,1
844,23,230,613,0.900000,0,1
845,21,230,614,0.900000,0,1
846,19,230,615,0.900000,1,0
847,17,230,616,0.900000,0,1
848,29,231,616,0.900000,0,0
849,27,231,617,0.900000,0,0
850,25,231,618,0.900000,0,0
851,23,231,619,0.900000,0,0
852,21,231,620,0.900000,1,0
853,29,232,620,0.900000,1,0
854,27,232,621,0.900000,1,1
855,29,233,621,0.900000,1,0
856,27,233,622,0.900000,1,1
857,29,234,622,0.900000,1,0
858,27,234,623,0.900000,0,0
859,25,234,624,0.900000,0,0
860,23,234,625,0.900000,0,1
861,21,234,626,0.900000,0,0
862,19,234,627,0.900000,0,0
863,17,234,628,0.900000,0,0
864,29,235,628,0.900000,0,0
865,27,235,629,0.900000,1,1
866,25,235,630,0.900000,0,1
867,23,235,631,0.900000,0,1
868,29,236,631,0.900000,0,0
869,27,236,632,0.900000,0,0
870,29,237,632,0.900000,0,0
871,27,237,633,0.900000,0,0
872,29,238,633,0.900000,0,0
873,27,238,634,0.900000,0,0
874,25,238,635,0.900000,0,0
875,29,239,635,0.900000,0,0
876,27,239,636,0.900000,0,0
877,25,239,637,0.900000,0,0
878,29,240,637,0.900000,0,0
879,27,240,638,0.900000,0,0
880,25,240,639,0.900000,0,1
881,23,240,640,0.900000,1,0
882,21,240,641,0.900000,0,1
883,29,241,641,0.900000,0,0
884,27,241,642,0.900000,0,0
885,25,241,643,0.900000,0,0
886,23,241,644,0.900000,0,0
887,29,242,644,0.900000,0,0
888,27,242,645,0.900000,0,0
889,29,243,645,0.900000,0,0
890,27,243,646,0.900000,0,0
891,29,244,646,0.900000,0,0
892,27,244,647,0.900000,0,1
893,25,244,648,0.900000,1,1
894,23,244,649,0.900000,0,1
895,29,245,649,0.900000,0,0
896,27,245,650,0.900000,0,0
897,29,246,650,0.900000,0,0
898,27,246,651,0.900000,0,0
899,29,247,651,0.900000,0,0
900,27,247,652,0.900000,0,0
901,25,247,653,0.900000,0,0
902,29,248,653,0.900000,0,0
903,27,248,654,0.900000,0,0
904,25,248,655,0.900000,0,1
905,23,248,656,0.900000,0,0
906,21,248,657,0.900000,0,0
907,19,248,658,0.900000,0,0
908,17,248,659,0.900000,0,0
909,15,248,660,0.900000,0,0
910,29,249,660,0.900000,0,0
911,27,249,661,0.900000,1,1
912,25,249,662,0.900000,0,1
913,29,250,662,0.900000,0,0
914,27,250,663,0.900000,1,0
915,29,251,663,0.900000,1,0
916,27,251,664,0.900000,0,1
917,29,252,664,0.900000,0,0
918,27,252,665,0.900000,0,0
919,25,252,666,0.900000,0,0
920,23,252,667,0.900000,0,1
921,21,252,668,0.900000,0,0
922,29,253,668,0.900000,0,0
923,27,253,669,0.900000,0,0
924,25,253,670,0.900000,0,0
925,29,254,670,0.900000,0,0
926,27,254,671,0.900000,0,0
927,25,254,672,0.900000,0,0
928,23,254,673,0.900000,0,0
929,21,254,674,0.900000,0,1
930,19,254,675,0.900000,0,0
931,29,255,675,0.900000,0,0
932,27,255,676,0.900000,0,0
933,29,256,676,0.900000,0,0
934,27,256,677,0.900000,0,0
935,29,257,677,0.900000,0,0
936,27,257,678,0.900000,0,0
937,25,257,679,0.900000,0,0
938,29,258,679,0.900000,0,0
939,27,258,680,0.900000,0,1
940,25,258,681,0.900000,0,0
941,23,258,682,0.900000,0,0
942,21,258,683,0.900000,0,1
943,19,258,684,0.900000,0,1
944,17,258,685,0.900000,0,0
945,15,258,686,0.900000,0,1
946,13,258,687,0.900000,0,0
947,11,258,688,0.900000,0,0
948,9,258,689,0.900000,0,1
949,7,258,690,0.900000,0,0
950,29,259,690,0.900000,0,0
951,27,259,691,0.900000,0,0
952,29,260,691,0.900000,0,0
953,27,260,692,0.900000,0,1
954,25,260,693,0.900000,0,1
955,23,260,694,0.900000,0,0
956,29,261,694,0.900000,0,0
957,27,261,695,0.900000,1,0
958,29,262,695,0.900000,1,0
959,27,262,696,0.900000,0,1
960,29,263,696,0.900000,0,0
961,27,263,697,0.900000,0,1
962,25,263,698,0.900000,0,0
963,29,264,698,0.900000,0,0
964,27,264,699,0.900000,0,0
965,25,264,700,0.900000,0,0
966,23,264,701,0.900000,0,0
967,21,264,702,0.900000,0,0
968,19,264,703,0.900000,0,1
969,17,264,704,0.900000,0,0
970,15,264,705,0.900000,0,0
971,29,265,705,0.900000,0,0
972,27,265,706,0.900000,0,0
973,25,265,707,0.900000,0,1
974,23,265,708,0.900000,0,0
975,21,265,709,0.900000,0,0
976,19,265,710,0.900000,0,0
977,29,266,710,0.900000,0,0
978,27,266,711,0.900000,1,0
979,29,267,711,0.900000,1,0
980,27,267,712,0.900000,0,1
981,29,268,712,0.900000,0,0
982,27,268,713,0.900000,0,0
983,25,268,714,0.900000,0,0
984,23,268,715,0.900000,0,1
985,21,268,716,0.900000,0,0
986,19,268,717,0.900000,0,0
987,17,268,718,0.900000,0,0
988,15,268,719,0.900000,0,0
989,13,268,720,0.900000,0,0
990,29,269,720,0.900000,0,0
991,27,269,721,0.900000,0,0
992,25,269,722,0.900000,0,0
993,23,269,723,0.900000,0,0
994,29,270,723,0.900000,0,0
995,27,270,724,0.900000,1,0
996,25,270,725,0.900000,0,1
997,29,271,725,0.900000,0,0
998,27,271,726,0.900000,0,0
999,29,272,726,0.900000,0,0
1000,27,272,727,0.900000,0,0
1001,25,272,728,0.900000,0,0
1002,29,273,728,0.900000,0,0
1003,27,273,729,0.900000,0,0
1004,25,273,730,0.900000,0,0
1005,23,273,731,0.900000,0,0
1006,29,274,731,0.900000,0,0
1007,27,274,732,0.900000,0,0
1008,25,274,733,0.900000,0,0
1009,23,274,734,0.900000,0,0
1010,21,274,735,0.900000,0,0
1011,29,275,735,0.900000,0,0
1012,27,275,736,0.900000,0,1
1013,29,276,736,0.900000,0,0
1014,27,276,737,0.900000,0,0
1015,25,276,738,0.900000,0,0
1016,29,277,738,0.900000,0,0
1017,27,277,739,0.900000,0,1
1018,25,277,740,0.900000,1,1
1019,23,277,741,0.900000,0,1
1020,29,278,741,0.900000,0,0
1021,27,278,742,0.900000,1,0
1022,25,278,743,0.900000,0,1
1023,29,279,743,0.900000,0,0
1024,27,279,744,0.900000,0,0
1025,25,279,745,0.900000,0,0
1026,29,280,745,0.900000,0,0
1027,27,280,746,0.900000,0,0
1028,29,281,746,0.900000,0,0
1029,27,281,747,0.900000,1,0
1030,25,281,748,0.900000,0,1
1031,29,282,748,0.900000,0,0
1032,27,282,749,0.900000,0,1
1033,25,282,750,0.900000,0,0
1034,29,283,750,0.900000,0,0
1035,27,283,751,0.900000,0,0
1036,25,283,752,0.900000,0,0
1037,29,284,752,0.900000,0,0
1038,27,284,753,0.900000,1,0
1039,29,285,753,0.900000,1,0
1040,27,285,754,0.900000,0,1
1041,29,286,754,0.900000,0,0
1042,27,286,755,0.900000,1,1
1043,25,286,756,0.900000,1,1
1044,23,286,757,0.900000,0,1
1045,29,287,757,0.900000,0,0
1046,27,287,758,0.900000,0,0
1047,29,288,758,0.900000,0,0
1048,27,288,759,0.900000,0,0
1049,25,288,760,0.900000,0,0
1050,29,289,760,0.900000,0,0
1051,27,289,761,0.900000,0,0
1052,25,289,762,0.900000,0,0
1053,23,289,763,0.900000,0,1
1054,21,289,764,0.900000,0,1
1055,19,289,765,0.900000,0,1
1056,17,289,766,0.900000,1,0
1057,29,290,766,0.900000,1,0
1058,27,290,767,0.900000,0,1
1059,29,291,767,0.900000,0,0
1060,27,291,768,0.900000,0,1
1061,25,291,769,0.900000,0,0
1062,23,291,770,0.900000,0,0
1063,21,291,771,0.900000,0,0
1064,19,291,772,0.900000,0,0
1065,17,291,773,0.900000,0,0
1066,29,292,773,0.900000,0,0
1067,27,292,774,0.900000,0,0
1068,29,293,774,0.900000,0,0
1069,27,293,775,0.900000,0,1
1070,25,293,776,0.900000,0,0
1071,23,293,777,0.900000,0,0
1072,21,293,778,0.900000,0,0
1073,19,293,779,0.900000,0,0
1074,17,293,780,0.900000,0,0
1075,29,294,780,0.900000,0,0
1076,27,294,781,0.900000,0,0
1077,29,295,781,0.900000,0,0
1078,27,295,782,0.900000,0,0
1079,29,296,782,0.900000,0,0
1080,27,296,783,0.900000,0,0
1081,25,296,784,0.900000,0,0
1082,23,296,785,0.900000,0,0
1083,21,296,786,0.900000,0,0
1084,29,297,786,0.900000,0,0
1085,27,297,787,0.900000,0,0
1086,25,297,788,0.900000,0,1
1087,23,297,789,0.900000,0,0
1088,21,297,790,0.900000,0,0
1089,19,297,791,0.900000,0,0
1090,29,298,791,0.900000,0,0
1091,27,298,792,0.900000,0,0
1092,29,299,792,0.900000,0,0
1093,27,299,793,0.900000,0,0
1094,25,299,794,0.900000,0,0
1095,29,300,794,0.900000,0,0
1096,27,300,795,0.900000,0,0
1097,25,300,796,0.900000,0,0
1098,29,301,796,0.900000,0,0
1099,27,301,797,0.900000,0,0
1100,29,302,797,0.900000,0,0
1101,27,302,798,0.900000,0,1
1102,25,302,799,0.900000,0,0
1103,23,302,800,0.900000,0,0
1104,29,303,800,0.900000,0,0
1105,27,303,801,0.900000,0,0
1106,29,304,801,0.900000,0,0
1107,27,304,802,0.900000,0,0
1108,29,305,802,0.900000,0,0
1109,27,305,803,0.900000,0,0
1110,25,305,804,0.900000,0,0
1111,29,306,804,0.900000,0,0
1112,27,306,805,0.900000,0,0
1113,25,306,806,0.900000,0,0
1114,29,307,806,0.900000,0,0
1115,27,307,807,0.900000,0,1
1116,25,307,808,0.900000,0,1
1117,23,307,809,0.900000,0,0
1118,21,307,810,0.900000,0,0
1119,19,307,811,0.900000,0,0
1120,17,307,812,0.900000,0,1
1121,15,307,813,0.900000,0,0
1122,13,307,814,0.900000,0,0
1123,11,307,815,0.900000,0,0
1124,29,308,815,0.900000,0,0
1125,27,308,816,0.900000,0,0
1126,25,308,817,0.900000,0,1
1127,23,308,818,0.900000,0,0
1128,21,308,819,0.900000,0,0
1129,19,308,820,0.900000,0,0
1130,17,308,821,0.900000,0,0
1131,15,308,822,0.900000,0,0
1132,13,308,823,0.900000,0,1
1133,11,308,824,0.900000,0,0
1134,9,308,825,0.900000,0,0
1135,7,308,826,0.900000,0,1
1136,5,308,827,0.900000,0,0
1137,3,308,828,0.900000,0,0
1138,1,308,829,0.900000,0,0
1139,29,309,829,0.900000,0,0
1140,27,309,830,0.900000,0,1
1141,25,309,831,0.900000,0,0
1142,23,309,832,0.900000,0,0
1143,29,310,832,0.900000,0,0
1144,27,310,833,0.900000,0,0
1145,25,310,834,0.900000,0,0
1146,29,311,834,0.900000,0,0
1147,27,311,835,0.900000,0,0
1148,25,311,836,0.900000,0,0
1149,23,311,837,0.900000,0,1
1150,21,311,838,0.900000,0,0
1151,19,311,839,0.900000,0,0
1152,17,311,840,0.900000,0,0
1153,15,311,841,0.900000,0,0
1154,13,311,842,0.900000,0,0
1155,11,311,843,0.900000,0,0
1156,9,311,844,0.900000,0,0
1157,7,311,845,0.900000,0,0
1158,5,311,846,0.900000,0,0
1159,3,311,847,0.900000,0,0
1160,1,311,848,0.900000,0,0
1161,29,312,848,0.900000,0,0
1162,27,312,849,0.900000,0,0
1163,25,312,850,0.900000,0,0
1164,29,313,850,0.900000,0,0
1165,27,313,851,0.900000,0,0
1166,29,314,851,0.900000,0,0
1167,27,314,852,0.900000,0,0
1168,29,315,852,0.900000,0,0
1169,27,315,853,0.900000,0,0
1170,25,315,854,0.900000,0,0
1171,29,316,854,0.900000,0,0
1172,27,316,855,0.900000,0,0
1173,25,316,856,0.900000,0,0
1174,29,317,856,0.900000,0,0
1175,27,317,857,0.900000,0,1
1176,25,317,858,0.900000,0,0
1177,23,317,859,0.900000,1,0
1178,29,318,859,0.900000,1,0
1179,27,318,860,0.900000,0,1
1180,29,319,860,0.900000,0,0
1181,27,319,861,0.900000,0,0
1182,29,320,861,0.900000,0,0
1183,27,320,862,0.900000,0,0
1184,25,320,863,0.900000,0,0
1185,23,320,864,0.900000,0,1
1186,21,320,865,0.900000,0,0
1187,19,320,866,0.900000,0,0
1188,29,321,866,0.900000,0,0
1189,27,321,867,0.900000,0,0
1190,25,321,868,0.900000,0,0
1191,23,321,869,0.900000,0,0
1192,21,321,870,0.900000,0,0
1193,19,321,871,0.900000,0,0
1194,29,322,871,0.900000,1,0
1195,27,322,872,0.900000,0,1
1196,29,323,872,0.900000,0,0
1197,27,323,873,0.900000,0,0
1198,25,323,874,0.900000,0,0
1199,29,324,874,0.900000,0,0
1200,27,324,875,0.900000,0,1
1201,29,325,875,0.900000,0,0
1202,27,325,876,0.900000,0,0
1203,25,325,877,0.900000,0,1
1204,29,326,877,0.900000,0,0
1205,27,326,878,0.900000,0,1
1206,25,326,879,0.900000,0,0
1207,23,326,880,0.900000,0,0
1208,21,326,881,0.900000,0,1
1209,19,326,882,0.900000,0,0
1210,17,326,883,0.900000,0,0
1211,15,326,884,0.900000,0,0
1212,13,326,885,0.900000,0,0
1213,11,326,886,0.900000,0,0
1214,29,327,886,0.900000,0,0
1215,27,327,887,0.900000,0,0
1216,29,328,887,0.900000,0,0
1217,27,328,888,0.900000,0,0
1218,25,328,889,0.900000,0,0
1219,23,328,890,0.900000,0,0
1220,29,329,890,0.900000,0,0
1221,27,329,891,0.900000,1,1
1222,25,329,892,0.900000,0,1
1223,29,330,892,0.900000,0,0
1224,27,330,893,0.900000,0,1
1225,25,330,894,0.900000,0,0
1226,29,331,894,0.900000,0,0
1227,27,331,895,0.900000,0,0
1228,25,331,896,0.900000,0,0
1229,23,331,897,0.900000,0,0
1230,29,332,897,0.900000,0,0
1231,27,332,898,0.900000,0,0
1232,29,333,898,0.900000,0,0
1233,27,333,899,0.900000,0,0
1234,25,333,900,0.900000,0,0
1235,23,333,901,0.900000,0,0
1236,21,333,902,0.900000,0,1
1237,19,333,903,0.900000,0,1
1238,17,333,904,0.900000,0,0
1239,15,333,905,0.900000,0,0
1240,13,333,906,0.900000,0,0
1241,11,333,907,0.900000,0,0
1242,29,334,907,0.900000,0,0
1243,27,334,908,0.900000,1,0
1244,25,334,909,0.900000,0,0
1245,23,334,910,0.900000,0,0
1246,21,334,911,0.900000,0,0
1247,29,335,911,0.900000,0,0
1248,27,335,912,0.900000,0,0
1249,25,335,913,0.900000,0,0
1250,23,335,914,0.900000,0,0
1251,21,335,915,0.900000,0,0
1252,19,335,916,0.900000,0,1
1253,17,335,917,0.900000,0,1
1254,15,335,918,0.900000,0,0
1255,13,335,919,0.900000,0,0
1256,11,335,920,0.900000,0,0
1257,29,336,920,0.900000,0,0
1258,27,336,921,0.900000,0,0
1259,25,336,922,0.900000,0,0
1260,23,336,923,0.900000,0,0
1261,21,336,924,0.900000,0,0
1262,29,337,924,0.900000,0,0
1263,27,337,925,0.900000,0,0
1264,29,338,925,0.900000,0,0
1265,27,338,926,0.900000,0,0
1266,25,338,927,0.900000,0,0
1267,29,339,927,0.900000,0,0
1268,27,339,928,0.900000,0,0
1269,25,339,929,0.900000,0,0
1270,23,339,930,0.900000,0,0
1271,21,339,931,0.900000,0,1
1272,19,339,932,0.900000,0,0
1273,17,339,933,0.900000,0,0
1274,29,340,933,0.900000,0,0
1275,27,340,934,0.900000,0,0
1276,25,340,935,0.900000,0,0
1277,23,340,936,0.900000,0,0
1278,21,340,937,0.900000,0,0
1279,19,340,938,0.900000,0,0
1280,17,340,939,0.900000,0,0
1281,15,340,940,0.900000,0,0
1282,29,341,940,0.900000,0,0
1283,27,341,941,0.900000,0,0
1284,29,342,941,0.900000,0,0
1285,27,342,942,0.900000,1,0
1286,29,343,942,0.900000,1,0
1287,27,343,943,0.900000,0,1
1288,29,344,943,0.900000,0,0
1289,27,344,944,0.900000,0,0
1290,25,344,945,0.900000,0,1
1291,23,344,946,0.900000,0,0
1292,21,344,947,0.900000,0,1
1293,19,344,948,0.900000,0,0
1294,17,344,949,0.900000,0,0
1295,15,344,950,0.900000,0,0
1296,13,344,951,0.900000,0,0
1297,11,344,952,0.900000,0,0
1298,9,344,953,0.900000,0,0
1299,7,344,954,0.900000,0,0
1300,5,344,955,0.900000,0,0
1301,3,344,956,0.900000,0,0
1302,1,344,957,0.900000,0,1
1303,0,344,958,0.900000,1,0
