tick,energy,eats,distance,conn_1_6_weight,food_north_sensed,moved_north
0,30,0,0,0.950000,0,0
1,29,0,0,0.950000,0,0
2,27,0,1,0.950000,0,0
3,29,1,1,0.950000,0,0
4,27,1,2,0.950000,0,0
5,29,2,2,0.950000,0,0
6,27,2,3,0.950000,0,0
7,29,3,3,0.950000,0,0
8,27,3,4,0.950000,0,0
9,29,4,4,0.950000,0,0
10,27,4,5,0.950000,0,0
11,29,5,5,0.950000,0,0
12,27,5,6,0.950000,0,0
13,29,6,6,0.950000,0,0
14,27,6,7,0.950000,0,0
15,25,6,8,0.950000,0,0
16,29,7,8,0.950000,0,0
17,27,7,9,0.950000,1,1
18,25,7,10,0.950000,0,1
19,29,8,10,0.950000,0,0
20,27,8,11,0.950000,0,0
21,29,9,11,0.950000,0,0
22,27,9,12,0.950000,0,1
23,25,9,13,0.950000,0,1
24,23,9,14,0.950000,0,0
25,29,10,14,0.950000,0,0
26,27,10,15,0.950000,0,0
27,25,10,16,0.950000,0,0
28,23,10,17,0.950000,0,0
29,21,10,18,0.950000,0,0
30,19,10,19,0.950000,0,0
31,29,11,19,0.950000,0,0
32,27,11,20,0.950000,0,0
33,29,12,20,0.950000,0,0
34,27,12,21,0.950000,1,0
35,29,13,21,0.950000,1,0
36,27,13,22,0.950000,0,1
37,29,14,22,0.950000,0,0
38,27,14,23,0.950000,0,0
39,29,15,23,0.950000,0,0
40,27,15,24,0.950000,0,0
41,25,15,25,0.950000,0,1
42,29,16,25,0.950000,0,0
43,27,16,26,0.950000,0,1
44,29,17,26,0.950000,0,0
45,27,17,27,0.950000,0,0
46,25,17,28,0.950000,0,0
47,29,18,28,0.950000,0,0
48,27,18,29,0.950000,0,0
49,29,19,29,0.950000,0,0
50,27,19,30,0.950000,0,1
51,25,19,31,0.950000,0,0
52,23,19,32,0.950000,0,0
53,21,19,33,0.950000,0,0
54,29,20,33,0.950000,0,0
55,27,20,34,0.950000,0,0
56,25,20,35,0.950000,0,0
57,23,20,36,0.950000,0,0
58,21,20,37,0.950000,0,0
59,19,20,38,0.950000,0,0
60,17,20,39,0.950000,0,1
61,15,20,40,0.950000,0,1
62,13,20,41,0.950000,1,1
63,11,20,42,0.950000,0,1
64,29,21,42,0.950000,0,0
65,27,21,43,0.950000,0,0
66,29,22,43,0.950000,0,0
67,27,22,44,0.950000,0,0
68,25,22,45,0.950000,0,0
69,23,22,46,0.950000,0,0
70,29,23,46,0.950000,0,0
71,27,23,47,0.950000,0,0
72,25,23,48,0.950000,0,1
73,23,23,49,0.950000,0,0
74,21,23,50,0.950000,0,0
75,29,24,50,0.950000,0,0
76,27,24,51,0.950000,0,0
77,29,25,51,0.950000,0,0
78,27,25,52,0.950000,0,0
79,25,25,53,0.950000,0,0
80,23,25,54,0.950000,0,0
81,21,25,55,0.950000,0,0
82,19,25,56,0.950000,0,0
83,17,25,57,0.950000,0,0
84,15,25,58,0.950000,0,0
85,29,26,58,0.950000,0,0
86,27,26,59,0.950000,0,0
87,25,26,60,0.950000,0,0
88,29,27,60,0.950000,0,0
89,27,27,61,0.950000,0,1
90,25,27,62,0.950000,0,0
91,23,27,63,0.950000,0,1
92,21,27,64,0.950000,0,0
93,19,27,65,0.950000,0,0
94,17,27,66,0.950000,0,0
95,15,27,67,0.950000,0,0
96,13,27,68,0.950000,0,0
97,11,27,69,0.950000,0,0
98,9,27,70,0.950000,0,0
99,7,27,71,0.950000,1,0
100,5,27,72,0.950000,0,1
101,29,28,72,0.950000,0,0
102,27,28,73,0.950000,0,0
103,25,28,74,0.950000,0,1
104,23,28,75,0.950000,0,0
105,21,28,76,0.950000,0,0
106,29,29,76,0.950000,0,0
107,27,29,77,0.950000,0,1
108,25,29,78,0.950000,0,1
109,23,29,79,0.950000,0,0
110,21,29,80,0.950000,0,0
111,19,29,81,0.950000,0,1
112,17,29,82,0.950000,0,0
113,15,29,83,0.950000,0,0
114,13,29,84,0.950000,1,0
115,29,30,84,0.950000,1,0
116,27,30,85,0.950000,0,1
117,29,31,85,0.950000,0,0
118,27,31,86,0.950000,0,0
119,25,31,87,0.950000,0,1
120,23,31,88,0.950000,0,0
121,21,31,89,0.950000,0,0
122,19,31,90,0.950000,0,0
123,29,32,90,0.950000,0,0
124,27,32,91,0.950000,0,1
125,25,32,92,0.950000,0,0
126,23,32,93,0.950000,0,0
127,21,32,94,0.950000,0,1
128,19,32,95,0.950000,0,0
129,17,32,96,0.950000,0,1
130,15,32,97,0.950000,0,1
131,13,32,98,0.950000,1,0
132,29,33,98,0.950000,1,0
133,27,33,99,0.950000,0,1
134,29,34,99,0.950000,0,0
135,27,34,100,0.950000,0,0
136,29,35,100,0.950000,0,0
137,27,35,101,0.950000,1,0
138,29,36,101,0.950000,1,0
139,27,36,102,0.950000,0,1
140,29,37,102,0.950000,0,0
141,27,37,103,0.950000,0,0
142,29,38,103,0.950000,0,0
143,27,38,104,0.950000,0,0
144,25,38,105,0.950000,0,0
145,23,38,106,0.950000,0,0
146,21,38,107,0.950000,0,0
147,19,38,108,0.950000,0,0
148,29,39,108,0.950000,1,0
149,27,39,109,0.950000,0,1
150,29,40,109,0.950000,0,0
151,27,40,110,0.950000,0,0
152,29,41,110,0.950000,0,0
153,27,41,111,0.950000,0,0
154,29,42,111,0.950000,1,0
155,27,42,112,0.950000,0,0
156,25,42,113,0.950000,0,0
157,23,42,114,0.950000,1,1
158,21,42,115,0.950000,0,1
159,19,42,116,0.950000,0,0
160,29,43,116,0.950000,0,0
161,27,43,117,0.950000,0,0
162,29,44,117,0.950000,0,0
163,27,44,118,0.950000,0,0
164,25,44,119,0.950000,0,0
165,23,44,120,0.950000,0,0
166,21,44,121,0.950000,1,0
167,29,45,121,0.950000,1,0
168,27,45,122,0.950000,0,1
169,29,46,122,0.950000,0,0
170,27,46,123,0.950000,1,0
171,29,47,123,0.950000,1,0
172,27,47,124,0.950000,0,1
173,29,48,124,0.950000,0,0
174,27,48,125,0.950000,0,0
175,25,48,126,0.950000,0,0
176,23,48,127,0.950000,0,0
177,21,48,128,0.950000,0,1
178,19,48,129,0.950000,0,1
179,17,48,130,0.950000,0,0
180,29,49,130,0.950000,0,0
181,27,49,131,0.950000,0,0
182,25,49,132,0.950000,0,1
183,23,49,133,0.950000,0,0
184,21,49,134,0.950000,0,0
185,19,49,135,0.950000,0,1
186,17,49,136,0.950000,0,0
187,29,50,136,0.950000,0,0
188,27,50,137,0.950000,0,0
189,25,50,138,0.950000,0,0
190,29,51,138,0.950000,0,0
191,27,51,139,0.950000,0,0
192,29,52,139,0.950000,0,0
193,27,52,140,0.950000,0,0
194,25,52,141,0.950000,0,0
195,29,53,141,0.950000,0,0
196,27,53,142,0.950000,0,0
197,25,53,143,0.950000,0,0
198,23,53,144,0.950000,0,0
199,29,54,144,0.950000,0,0
200,27,54,145,0.950000,0,0
201,25,54,146,0.950000,0,1
202,23,54,147,0.950000,0,1
203,21,54,148,0.950000,0,0
204,19,54,149,0.950000,0,0
205,17,54,150,0.950000,0,0
206,15,54,151,0.950000,0,0
207,29,55,151,0.950000,0,0
208,27,55,152,0.950000,0,0
209,25,55,153,0.950000,0,0
210,23,55,154,0.950000,0,1
211,21,55,155,0.950000,0,0
212,19,55,156,0.950000,0,0
213,17,55,157,0.950000,0,0
214,15,55,158,0.950000,0,1
215,13,55,159,0.950000,0,1
216,11,55,160,0.950000,0,0
217,10,55,160,0.950000,0,0
218,8,55,161,0.950000,0,0
219,29,56,161,0.950000,0,0
220,27,56,162,0.950000,0,0
221,25,56,163,0.950000,0,0
222,23,56,164,0.950000,0,0
223,29,57,164,0.950000,0,0
224,27,57,165,0.950000,1,0
225,29,58,165,0.950000,1,0
226,27,58,166,0.950000,0,1
227,29,59,166,0.950000,0,0
228,27,59,167,0.950000,0,0
229,25,59,168,0.950000,0,1
230,23,59,169,0.950000,0,0
231,21,59,170,0.950000,0,0
232,19,59,171,0.950000,0,0
233,17,59,172,0.950000,0,0
234,15,59,173,0.950000,0,0
235,13,59,174,0.950000,0,0
236,11,59,175,0.950000,0,0
237,9,59,176,0.950000,0,0
238,29,60,176,0.950000,0,0
239,27,60,177,0.950000,0,0
240,29,61,177,0.950000,0,0
241,27,61,178,0.950000,0,0
242,29,62,178,0.950000,0,0
243,27,62,179,0.950000,0,0
244,25,62,180,0.950000,1,0
245,29,63,180,0.950000,1,0
246,27,63,181,0.950000,0,1
247,29,64,181,0.950000,0,0
248,27,64,182,0.950000,0,0
249,25,64,183,0.950000,0,0
250,23,64,184,0.950000,0,1
251,21,64,185,0.950000,0,1
252,19,64,186,0.950000,0,1
253,17,64,187,0.950000,1,0
254,15,64,188,0.950000,0,1
255,29,65,188,0.950000,0,0
256,27,65,189,0.950000,0,0
257,29,66,189,0.950000,0,0
258,27,66,190,0.950000,0,1
259,25,66,191,0.950000,0,0
260,23,66,192,0.950000,0,0
261,29,67,192,0.950000,0,0
262,27,67,193,0.950000,0,1
263,25,67,194,0.950000,1,0
264,23,67,195,0.950000,0,1
265,29,68,195,0.950000,0,0
266,27,68,196,0.950000,0,0
267,29,69,196,0.950000,0,0
268,27,69,197,0.950000,0,1
269,25,69,198,0.950000,0,1
270,23,69,199,0.950000,0,0
271,21,69,200,0.950000,0,0
272,19,69,201,0.950000,0,0
273,17,69,202,0.950000,0,1
274,15,69,203,0.950000,0,0
275,13,69,204,0.950000,1,0
276,11,69,205,0.950000,0,1
277,29,70,205,0.950000,0,0
278,27,70,206,0.950000,0,0
279,25,70,207,0.950000,0,1
280,23,70,208,0.950000,0,0
281,21,70,209,0.950000,0,1
282,19,70,210,0.950000,0,0
283,17,70,211,0.950000,0,0
284,29,71,211,0.950000,0,0
285,27,71,212,0.950000,0,0
286,29,72,212,0.950000,0,0
287,27,72,213,0.950000,0,0
288,29,73,213,0.950000,0,0
289,27,73,214,0.950000,0,1
290,25,73,215,0.950000,0,0
291,29,74,215,0.950000,0,0
292,27,74,216,0.950000,0,0
293,25,74,217,0.950000,0,1
294,29,75,217,0.950000,0,0
295,27,75,218,0.950000,0,0
296,25,75,219,0.950000,0,0
297,29,76,219,0.950000,0,0
298,27,76,220,0.950000,0,0
299,25,76,221,0.950000,0,0
300,23,76,222,0.950000,0,0
301,29,77,222,0.950000,0,0
302,27,77,223,0.950000,0,0
303,29,78,223,0.950000,0,0
304,27,78,224,0.950000,1,0
305,29,79,224,0.950000,1,0
306,27,79,225,0.950000,0,1
307,29,80,225,0.950000,0,0
308,27,80,226,0.950000,1,0
309,25,80,227,0.950000,0,1
310,29,81,227,0.950000,0,0
311,27,81,228,0.950000,0,0
312,25,81,229,0.950000,1,1
313,23,81,230,0.950000,1,1
314,29,82,230,0.950000,1,0
315,27,82,231,0.950000,0,1
316,29,83,231,0.950000,0,0
317,27,83,232,0.950000,1,1
318,25,83,233,0.950000,0,0
319,23,83,234,0.950000,1,0
320,29,84,234,0.950000,1,0
321,27,84,235,0.950000,0,1
322,29,85,235,0.950000,0,0
323,27,85,236,0.950000,0,0
324,29,86,236,0.950000,0,0
325,27,86,237,0.950000,0,0
326,29,87,237,0.950000,0,0
327,27,87,238,0.950000,0,0
328,25,87,239,0.950000,0,1
329,23,87,240,0.950000,0,1
330,21,87,241,0.950000,0,1
331,29,88,241,0.950000,0,0
332,27,88,242,0.950000,0,0
333,29,89,242,0.950000,0,0
334,27,89,243,0.950000,0,0
335,29,90,243,0.950000,0,0
336,27,90,244,0.950000,0,0
337,25,90,245,0.950000,0,0
338,23,90,246,0.950000,0,1
339,21,90,247,0.950000,0,0
340,19,90,248,0.950000,0,0
341,17,90,249,0.950000,0,0
342,29,91,249,0.950000,0,0
343,27,91,250,0.950000,0,1
344,29,92,250,0.950000,0,0
345,27,92,251,0.950000,0,0
346,25,92,252,0.950000,0,0
347,29,93,252,0.950000,0,0
348,27,93,253,0.950000,0,0
349,29,94,253,0.950000,0,0
350,27,94,254,0.950000,0,0
351,25,94,255,0.950000,0,0
352,29,95,255,0.950000,0,0
353,27,95,256,0.950000,0,0
354,25,95,257,0.950000,0,0
355,23,95,258,0.950000,0,0
356,21,95,259,0.950000,0,0
357,29,96,259,0.950000,0,0
358,27,96,260,0.950000,0,0
359,25,96,261,0.950000,0,0
360,29,97,261,0.950000,0,0
361,27,97,262,0.950000,0,0
362,25,97,263,0.950000,0,0
363,23,97,264,0.950000,0,1
364,21,97,265,0.950000,0,0
365,19,97,266,0.950000,0,0
366,17,97,267,0.950000,0,0
367,15,97,268,0.950000,0,1
368,13,97,269,0.950000,0,0
369,29,98,269,0.950000,0,0
370,27,98,270,0.950000,0,0
371,25,98,271,0.950000,0,0
372,23,98,272,0.950000,0,0
373,21,98,273,0.950000,0,0
374,19,98,274,0.950000,0,1
375,17,98,275,0.950000,0,0
376,29,99,275,0.950000,0,0
377,27,99,276,0.950000,0,0
378,25,99,277,0.950000,0,0
379,23,99,278,0.950000,0,0
380,21,99,279,0.950000,0,0
381,19,99,280,0.950000,0,0
382,17,99,281,0.950000,0,0
383,15,99,282,0.950000,0,0
384,13,99,283,0.950000,0,0
385,29,100,283,0.950000,0,0
386,27,100,284,0.950000,0,0
387,25,100,285,0.950000,1,0
388,29,101,285,0.950000,1,0
389,27,101,286,0.950000,0,1
390,29,102,286,0.950000,0,0
391,27,102,287,0.950000,0,0
392,25,102,288,0.950000,0,1
393,23,102,289,0.950000,0,0
394,21,102,290,0.950000,0,0
395,19,102,291,0.950000,0,1
396,17,102,292,0.950000,0,1
397,15,102,293,0.950000,0,1
398,13,102,294,0.950000,1,0
399,11,102,295,0.950000,0,1
400,29,103,295,0.950000,0,0
401,27,103,296,0.950000,0,1
402,25,103,297,0.950000,0,1
403,23,103,298,0.950000,0,1
404,21,103,299,0.950000,0,0
405,29,104,299,0.950000,0,0
406,27,104,300,0.950000,0,0
407,25,104,301,0.950000,0,1
408,23,104,302,0.950000,0,0
409,21,104,303,0.950000,0,0
410,19,104,304,0.950000,0,1
411,17,104,305,0.950000,1,1
412,15,104,306,0.950000,0,1
413,29,105,306,0.950000,0,0
414,27,105,307,0.950000,0,0
415,25,105,308,0.950000,0,0
416,23,105,309,0.950000,0,0
417,21,105,310,0.950000,0,1
418,29,106,310,0.950000,0,0
419,27,106,311,0.950000,0,0
420,25,106,312,0.950000,0,1
421,29,107,312,0.950000,0,0
422,27,107,313,0.950000,0,0
423,29,108,313,0.950000,0,0
424,27,108,314,0.950000,0,0
425,29,109,314,0.950000,0,0
426,27,109,315,0.950000,0,0
427,29,110,315,0.950000,0,0
428,27,110,316,0.950000,0,0
429,25,110,317,0.950000,0,0
430,29,111,317,0.950000,0,0
431,27,111,318,0.950000,0,0
432,29,112,318,0.950000,0,0
433,27,112,319,0.950000,1,0
434,29,113,319,0.950000,1,0
435,27,113,320,0.950000,0,1
436,29,114,320,0.950000,0,0
437,27,114,321,0.950000,0,0
438,29,115,321,0.950000,0,0
439,27,115,322,0.950000,0,0
440,29,116,322,0.950000,0,0
441,27,116,323,0.950000,0,0
442,29,117,323,0.950000,0,0
443,27,117,324,0.950000,0,1
444,25,117,325,0.950000,0,0
445,23,117,326,0.950000,0,0
446,21,117,327,0.950000,1,1
447,19,117,328,0.950000,0,0
448,17,117,329,0.950000,0,0
449,15,117,330,0.950000,0,0
450,13,117,331,0.950000,0,0
451,11,117,332,0.950000,0,0
452,29,118,332,0.950000,0,0
453,27,118,333,0.950000,0,0
454,29,119,333,0.950000,0,0
455,27,119,334,0.950000,0,0
456,29,120,334,0.950000,0,0
457,27,120,335,0.950000,0,0
458,29,121,335,0.950000,0,0
459,27,121,336,0.950000,0,0
460,25,121,337,0.950000,0,0
461,23,121,338,0.950000,0,0
462,29,122,338,0.950000,0,0
463,27,122,339,0.950000,0,0
464,29,123,339,0.950000,0,0
465,27,123,340,0.950000,0,1
466,25,123,341,0.950000,1,0
467,29,124,341,0.950000,1,0
468,27,124,342,0.950000,1,1
469,29,125,342,0.950000,1,0
470,27,125,343,0.950000,0,1
471,25,125,344,0.950000,0,0
472,23,125,345,0.950000,0,0
473,29,126,345,0.950000,0,0
474,27,126,346,0.950000,0,0
475,29,127,346,0.950000,0,0
476,27,127,347,0.950000,1,0
477,25,127,348,0.950000,0,1
478,29,128,348,0.950000,0,0
479,27,128,349,0.950000,0,0
480,29,129,349,0.950000,0,0
481,27,129,350,0.950000,1,1
482,25,129,351,0.950000,0,1
483,29,130,351,0.950000,0,0
484,27,130,352,0.950000,0,0
485,25,130,353,0.950000,0,0
486,23,130,354,0.950000,0,0
487,21,130,355,0.950000,1,0
488,19,130,356,0.950000,0,1
489,29,131,356,0.950000,0,0
490,27,131,357,0.950000,0,0
491,29,132,357,0.950000,0,0
492,27,132,358,0.950000,0,0
493,25,132,359,0.950000,0,0
494,23,132,360,0.950000,0,0
495,29,133,360,0.950000,0,0
496,27,133,361,0.950000,0,0
497,25,133,362,0.950000,0,0
498,29,134,362,0.950000,0,0
499,27,134,363,0.950000,0,0
500,29,135,363,0.950000,0,0
501,27,135,364,0.950000,1,1
502,25,135,365,0.950000,1,1
503,23,135,366,0.950000,0,1
504,29,136,366,0.950000,0,0
505,27,136,367,0.950000,0,0
506,29,137,367,0.950000,0,0
507,27,137,368,0.950000,1,1
508,25,137,369,0.950000,0,1
509,29,138,369,0.950000,0,0
510,27,138,370,0.950000,0,0
511,25,138,371,0.950000,0,0
512,23,138,372,0.950000,0,0
513,21,138,373,0.950000,0,0
514,19,138,374,0.950000,0,1
515,17,138,375,0.950000,0,1
516,15,138,376,0.950000,0,0
517,13,138,377,0.950000,0,0
518,11,138,378,0.950000,0,0
519,29,139,378,0.950000,0,0
520,27,139,379,0.950000,0,0
521,29,140,379,0.950000,0,0
522,27,140,380,0.950000,0,0
523,25,140,381,0.950000,0,0
524,23,140,382,0.950000,0,0
525,29,141,382,0.950000,0,0
526,27,141,383,0.950000,0,0
527,25,141,384,0.950000,0,0
528,29,142,384,0.950000,0,0
529,27,142,385,0.950000,0,0
530,29,143,385,0.950000,0,0
531,27,143,386,0.950000,0,0
532,25,143,387,0.950000,1,0
533,29,144,387,0.950000,1,0
534,27,144,388,0.950000,0,1
535,29,145,388,0.950000,0,0
536,27,145,389,0.950000,0,0
537,25,145,390,0.950000,0,0
538,23,145,391,0.950000,0,0
539,21,145,392,0.950000,0,0
540,29,146,392,0.950000,0,0
541,27,146,393,0.950000,1,0
542,25,146,394,0.950000,0,1
543,29,147,394,0.950000,0,0
544,27,147,395,0.950000,0,0
545,29,148,395,0.950000,0,0
546,27,148,396,0.950000,0,0
547,25,148,397,0.950000,0,0
548,23,148,398,0.950000,0,0
549,21,148,399,0.950000,0,0
550,29,149,399,0.950000,0,0
551,27,149,400,0.950000,0,1
552,25,149,401,0.950000,0,0
553,29,150,401,0.950000,0,0
554,27,150,402,0.950000,0,0
555,25,150,403,0.950000,0,0
556,23,150,404,0.950000,0,0
557,21,150,405,0.950000,0,0
558,19,150,406,0.950000,0,0
559,17,150,407,0.950000,0,0
560,15,150,408,0.950000,0,1
561,13,150,409,0.950000,0,0
562,11,150,410,0.950000,0,0
563,9,150,411,0.950000,0,0
564,7,150,412,0.950000,0,0
565,5,150,413,0.950000,0,1
566,3,150,414,0.950000,0,1
567,1,150,415,0.950000,0,0
568,29,151,415,0.950000,0,0
569,27,151,416,0.950000,1,0
570,25,151,417,0.950000,0,1
571,29,152,417,0.950000,0,0
572,27,152,418,0.950000,1,0
573,25,152,419,0.950000,0,1
574,29,153,419,0.950000,0,0
575,27,153,420,0.950000,0,0
576,29,154,420,0.950000,0,0
577,27,154,421,0.950000,1,0
578,29,155,421,0.950000,1,0
579,27,155,422,0.950000,0,1
580,29,156,422,0.950000,0,0
581,27,156,423,0.950000,0,0
582,29,157,423,0.950000,0,0
583,27,157,424,0.950000,0,0
584,29,158,424,0.950000,0,0
585,27,158,425,0.950000,0,0
586,29,159,425,0.950000,0,0
587,27,159,426,0.950000,0,1
588,25,159,427,0.950000,1,1
589,23,159,428,0.950000,0,1
590,29,160,428,0.950000,0,0
591,27,160,429,0.950000,0,0
592,25,160,430,0.950000,0,0
593,23,160,431,0.950000,0,0
594,21,160,432,0.950000,0,1
595,19,160,433,0.950000,0,0
596,29,161,433,0.950000,0,0
597,27,161,434,0.950000,0,0
598,25,161,435,0.950000,0,0
599,29,162,435,0.950000,0,0
600,27,162,436,0.950000,0,0
601,25,162,437,0.950000,0,1
602,23,162,438,0.950000,0,0
603,21,162,439,0.950000,0,0
604,29,163,439,0.950000,0,0
605,27,163,440,0.950000,0,0
606,25,163,441,0.950000,0,0
607,29,164,441,0.950000,0,0
608,27,164,442,0.950000,0,1
609,25,164,443,0.950000,0,1
610,23,164,444,0.950000,1,0
611,21,164,445,0.950000,0,1
612,29,165,445,0.950000,0,0
613,27,165,446,0.950000,0,0
614,25,165,447,0.950000,0,0
615,23,165,448,0.950000,0,1
616,21,165,449,0.950000,0,0
617,29,166,449,0.950000,0,0
618,27,166,450,0.950000,0,1
619,25,166,451,0.950000,0,0
620,23,166,452,0.950000,0,0
621,21,166,453,0.950000,0,0
622,19,166,454,0.950000,0,1
623,17,166,455,0.950000,0,0
624,29,167,455,0.950000,0,0
625,27,167,456,0.950000,0,1
626,25,167,457,0.950000,0,0
627,29,168,457,0.950000,0,0
628,27,168,458,0.950000,0,0
629,29,169,458,0.950000,0,0
630,27,169,459,0.950000,0,0
631,25,169,460,0.950000,0,0
632,23,169,461,0.950000,1,0
633,29,170,461,0.950000,1,0
634,27,170,462,0.950000,0,0
635,25,170,463,0.950000,0,1
636,23,170,464,0.950000,0,0
637,29,171,464,0.950000,0,0
638,27,171,465,0.950000,0,1
639,25,171,466,0.950000,0,0
640,23,171,467,0.950000,1,0
641,21,171,468,0.950000,0,0
642,19,171,469,0.950000,0,0
643,29,172,469,0.950000,0,0
644,27,172,470,0.950000,1,0
645,25,172,471,0.950000,0,1
646,29,173,471,0.950000,0,0
647,27,173,472,0.950000,0,0
648,25,173,473,0.950000,0,0
649,23,173,474,0.950000,0,1
650,21,173,475,0.950000,0,0
651,19,173,476,0.950000,0,1
652,17,173,477,0.950000,0,0
653,15,173,478,0.950000,0,0
654,29,174,478,0.950000,0,0
655,27,174,479,0.950000,0,1
656,25,174,480,0.950000,0,0
657,29,175,480,0.950000,0,0
658,27,175,481,0.950000,0,0
659,25,175,482,0.950000,1,1
660,23,175,483,0.950000,0,0
661,21,175,484,0.950000,0,1
662,19,175,485,0.950000,0,0
663,29,176,485,0.950000,0,0
664,27,176,486,0.950000,0,0
665,25,176,487,0.950000,0,1
666,23,176,488,0.950000,1,0
667,21,176,489,0.950000,0,1
668,29,177,489,0.950000,0,0
669,27,177,490,0.950000,1,0
670,29,178,490,0.950000,1,0
671,27,178,491,0.950000,0,1
672,29,179,491,0.950000,0,0
673,27,179,492,0.950000,0,0
674,25,179,493,0.950000,0,0
675,29,180,493,0.950000,0,0
676,27,180,494,0.950000,0,0
677,25,180,495,0.950000,0,1
678,23,180,496,0.950000,1,0
679,29,181,496,0.950000,1,0
680,27,181,497,0.950000,0,1
681,29,182,497,0.950000,0,0
682,27,182,498,0.950000,0,0
683,25,182,499,0.950000,0,0
684,29,183,499,0.950000,0,0
685,27,183,500,0.950000,0,0
686,25,183,501,0.950000,0,0
687,29,184,501,0.950000,0,0
688,27,184,502,0.950000,0,0
689,29,185,502,0.950000,0,0
690,27,185,503,0.950000,0,0
691,29,186,503,0.950000,0,0
692,27,186,504,0.950000,0,1
693,29,187,504,0.950000,0,0
694,27,187,505,0.950000,0,0
695,29,188,505,0.950000,0,0
696,27,188,506,0.950000,0,0
697,25,188,507,0.950000,0,1
698,23,188,508,0.950000,0,0
699,21,188,509,0.950000,0,1
700,19,188,510,0.950000,0,0
701,17,188,511,0.950000,0,1
702,29,189,511,0.950000,0,0
703,27,189,512,0.950000,0,1
704,29,190,512,0.950000,0,0
705,27,190,513,0.950000,0,0
706,29,191,513,0.950000,0,0
707,27,191,514,0.950000,0,0
708,25,191,515,0.950000,0,0
709,23,191,516,0.950000,0,1
710,21,191,517,0.950000,0,0
711,19,191,518,0.950000,0,0
712,17,191,519,0.950000,0,0
713,15,191,520,0.950000,0,0
714,29,192,520,0.950000,0,0
715,27,192,521,0.950000,0,0
716,25,192,522,0.950000,0,0
717,23,192,523,0.950000,0,0
718,29,193,523,0.950000,0,0
719,27,193,524,0.950000,0,0
720,25,193,525,0.950000,0,1
721,23,193,526,0.950000,0,0
722,21,193,527,0.950000,0,0
723,19,193,528,0.950000,0,0
724,29,194,528,0.950000,0,0
725,27,194,529,0.950000,0,0
726,29,195,529,0.950000,0,0
727,27,195,530,0.950000,0,0
728,25,195,531,0.950000,0,0
729,29,196,531,0.950000,0,0
730,27,196,532,0.950000,0,0
731,29,197,532,0.950000,0,0
732,27,197,533,0.950000,0,0
733,29,198,533,0.950000,0,0
734,27,198,534,0.950000,0,0
735,29,199,534,0.950000,0,0
736,27,199,535,0.950000,0,1
737,25,199,536,0.950000,0,0
738,23,199,537,0.950000,0,0
739,21,199,538,0.950000,1,1
740,19,199,539,0.950000,0,1
741,29,200,539,0.950000,0,0
742,27,200,540,0.950000,0,0
743,25,200,541,0.950000,0,0
744,23,200,542,0.950000,0,0
745,21,200,543,0.950000,0,0
746,29,201,543,0.950000,0,0
747,27,201,544,0.950000,0,1
748,25,201,545,0.950000,0,0
749,23,201,546,0.950000,0,0
750,21,201,547,0.950000,0,0
751,19,201,548,0.950000,0,0
752,29,202,548,0.950000,0,0
753,27,202,549,0.950000,0,1
754,25,202,550,0.950000,0,0
755,23,202,551,0.950000,0,1
756,21,202,552,0.950000,0,0
757,19,202,553,0.950000,0,0
758,17,202,554,0.950000,0,0
759,15,202,555,0.950000,0,0
760,13,202,556,0.950000,0,0
761,29,203,556,0.950000,0,0
762,27,203,557,0.950000,0,1
763,25,203,558,0.950000,0,0
764,23,203,559,0.950000,0,0
765,21,203,560,0.950000,0,0
766,19,203,561,0.950000,0,1
767,17,203,562,0.950000,0,0
768,29,204,562,0.950000,0,0
769,27,204,563,0.950000,0,1
770,25,204,564,0.950000,0,0
771,23,204,565,0.950000,0,1
772,21,204,566,0.950000,0,0
773,19,204,567,0.950000,0,1
774,17,204,568,0.950000,0,0
775,15,204,569,0.950000,1,1
776,13,204,570,0.950000,1,1
777,29,205,570,0.950000,1,0
778,27,205,571,0.950000,0,1
779,29,206,571,0.950000,0,0
780,27,206,572,0.950000,1,0
781,29,207,572,0.950000,1,0
782,27,207,573,0.950000,0,0
783,25,207,574,0.950000,0,0
784,29,208,574,0.950000,0,0
785,27,208,575,0.950000,0,1
786,25,208,576,0.950000,0,0
787,23,208,577,0.950000,0,0
788,21,208,578,0.950000,0,0
789,19,208,579,0.950000,0,0
790,29,209,579,0.950000,0,0
791,27,209,580,0.950000,0,0
792,29,210,580,0.950000,0,0
793,27,210,581,0.950000,0,0
794,29,211,581,0.950000,0,0
795,27,211,582,0.950000,0,0
796,25,211,583,0.950000,0,0
797,23,211,584,0.950000,0,0
798,21,211,585,0.950000,0,1
799,29,212,585,0.950000,0,0
800,27,212,586,0.950000,0,1
801,25,212,587,0.950000,0,0
802,23,212,588,0.950000,0,1
803,21,212,589,0.950000,0,1
804,19,212,590,0.950000,0,1
805,17,212,591,0.950000,0,0
806,15,212,592,0.950000,0,0
807,13,212,593,0.950000,0,0
808,11,212,594,0.950000,0,0
809,9,212,595,0.950000,0,0
810,7,212,596,0.950000,0,0
811,29,213,596,0.950000,0,0
812,27,213,597,0.950000,0,0
813,29,214,597,0.950000,0,0
814,27,214,598,0.950000,0,0
815,29,215,598,0.950000,0,0
816,27,215,599,0.950000,0,0
817,29,216,599,0.950000,0,0
818,27,216,600,0.950000,0,0
819,25,216,601,0.950000,0,1
820,23,216,602,0.950000,0,1
821,21,216,603,0.950000,0,0
822,19,216,604,0.950000,0,0
823,17,216,605,0.950000,0,1
824,15,216,606,0.950000,0,1
825,29,217,606,0.950000,0,0
826,27,217,607,0.950000,0,1
827,29,218,607,0.950000,0,0
828,27,218,608,0.950000,0,0
829,25,218,609,0.950000,0,0
830,29,219,609,0.950000,0,0
831,27,219,610,0.950000,0,0
832,29,220,610,0.950000,0,0
833,27,220,611,0.950000,0,0
834,25,220,612,0.950000,0,0
835,23,220,613,0.950000,0,0
836,29,221,613,0.950000,0,0
837,27,221,614,0.950000,0,0
838,25,221,615,0.950000,0,0
839,23,221,616,0.950000,0,0
840,21,221,617,0.950000,0,0
841,19,221,618,0.950000,0,0
842,17,221,619,0.950000,0,0
843,15,221,620,0.950000,0,1
844,29,222,620,0.950000,0,0
845,27,222,621,0.950000,0,0
846,29,223,621,0.950000,0,0
847,27,223,622,0.950000,0,0
848,29,224,622,0.950000,0,0
849,27,224,623,0.950000,0,0
850,25,224,624,0.950000,0,0
851,29,225,624,0.950000,0,0
852,27,225,625,0.950000,0,0
853,25,225,626,0.950000,0,0
854,23,225,627,0.950000,0,1
855,21,225,628,0.950000,0,0
856,19,225,629,0.950000,0,0
857,17,225,630,0.950000,0,0
858,15,225,631,0.950000,0,0
859,29,226,631,0.950000,0,0
860,27,226,632,0.950000,0,1
861,25,226,633,0.950000,0,0
862,23,226,634,0.950000,0,0
863,29,227,634,0.950000,0,0
864,27,227,635,0.950000,1,0
865,25,227,636,0.950000,0,1
866,29,228,636,0.950000,0,0
867,27,228,637,0.950000,0,0
868,25,228,638,0.950000,0,0
869,23,228,639,0.950000,0,0
870,21,228,640,0.950000,0,0
871,19,228,641,0.950000,0,0
872,29,229,641,0.950000,0,0
873,27,229,642,0.950000,1,0
874,25,229,643,0.950000,0,1
875,29,230,643,0.950000,0,0
876,27,230,644,0.950000,0,0
877,25,230,645,0.950000,0,1
878,23,230,646,0.950000,0,0
879,29,231,646,0.950000,0,0
880,27,231,647,0.950000,0,0
881,25,231,648,0.950000,0,0
882,23,231,649,0.950000,0,0
883,21,231,650,0.950000,0,0
884,19,231,651,0.950000,0,0
885,29,232,651,0.950000,0,0
886,27,232,652,0.950000,0,0
887,29,233,652,0.950000,0,0
888,27,233,653,0.950000,0,0
889,29,234,653,0.950000,0,0
890,27,234,654,0.950000,0,0
891,29,235,654,0.950000,0,0
892,27,235,655,0.950000,0,0
893,29,236,655,0.950000,0,0
894,27,236,656,0.950000,0,1
895,25,236,657,0.950000,0,0
896,23,236,658,0.950000,0,1
897,21,236,659,0.950000,0,0
898,19,236,660,0.950000,0,0
899,17,236,661,0.950000,0,0
900,29,237,661,0.950000,0,0
901,27,237,662,0.950000,1,0
902,25,237,663,0.950000,0,1
903,29,238,663,0.950000,0,0
904,27,238,664,0.950000,0,0
905,29,239,664,0.950000,0,0
906,27,239,665,0.950000,1,0
907,29,240,665,0.950000,1,0
908,27,240,666,0.950000,0,1
909,25,240,667,0.950000,0,0
910,29,241,667,0.950000,0,0
911,27,241,668,0.950000,0,0
912,29,242,668,0.950000,0,0
913,27,242,669,0.950000,0,0
914,25,242,670,0.950000,0,1
915,23,242,671,0.950000,0,0
916,21,242,672,0.950000,0,1
917,19,242,673,0.950000,0,1
918,17,242,674,0.950000,0,0
919,15,242,675,0.950000,0,1
920,13,242,676,0.950000,1,0
921,11,242,677,0.950000,1,1
922,29,243,677,0.950000,1,0
923,27,243,678,0.950000,0,1
924,29,244,678,0.950000,0,0
925,27,244,679,0.950000,0,1
926,25,244,680,0.950000,0,0
927,23,244,681,0.950000,0,0
928,29,245,681,0.950000,0,0
929,27,245,682,0.950000,0,0
930,29,246,682,0.950000,0,0
931,27,246,683,0.950000,0,0
932,29,247,683,0.950000,0,0
933,27,247,684,0.950000,0,0
934,29,248,684,0.950000,0,0
935,27,248,685,0.950000,0,0
936,25,248,686,0.950000,0,0
937,23,248,687,0.950000,0,0
938,29,249,687,0.950000,1,0
939,27,249,688,0.950000,0,1
940,29,250,688,0.950000,0,0
941,27,250,689,0.950000,0,0
942,25,250,690,0.950000,0,0
943,23,250,691,0.950000,0,1
944,21,250,692,0.950000,0,1
945,19,250,693,0.950000,0,0
946,17,250,694,0.950000,0,1
947,29,251,694,0.950000,0,0
948,27,251,695,0.950000,0,1
949,25,251,696,0.950000,0,0
950,23,251,697,0.950000,0,0
951,21,251,698,0.950000,0,0
952,29,252,698,0.950000,0,0
953,27,252,699,0.950000,0,0
954,25,252,700,0.950000,0,1
955,23,252,701,0.950000,0,0
956,21,252,702,0.950000,0,0
957,19,252,703,0.950000,0,0
958,17,252,704,0.950000,0,0
959,15,252,705,0.950000,0,0
960,29,253,705,0.950000,0,0
961,27,253,706,0.950000,0,0
962,25,253,707,0.950000,0,0
963,29,254,707,0.950000,0,0
964,27,254,708,0.950000,0,1
965,25,254,709,0.950000,0,0
966,23,254,710,0.950000,0,1
967,21,254,711,0.950000,0,0
968,19,254,712,0.950000,0,0
969,17,254,713,0.950000,0,0
970,15,254,714,0.950000,0,0
971,13,254,715,0.950000,0,1
972,11,254,716,0.950000,0,0
973,9,254,717,0.950000,0,0
974,7,254,718,0.950000,1,0
975,5,254,719,0.950000,0,1
976,29,255,719,0.950000,0,0
977,27,255,720,0.950000,0,1
978,25,255,721,0.950000,0,1
979,23,255,722,0.950000,0,0
980,21,255,723,0.950000,0,0
981,19,255,724,0.950000,0,0
982,29,256,724,0.950000,0,0
983,27,256,725,0.950000,0,1
984,25,256,726,0.950000,0,0
985,29,257,726,0.950000,0,0
986,27,257,727,0.950000,0,0
987,25,257,728,0.950000,1,1
988,23,257,729,0.950000,0,1
989,29,258,729,0.950000,0,0
990,27,258,730,0.950000,0,0
991,25,258,731,0.950000,0,0
992,23,258,732,0.950000,0,0
993,21,258,733,0.950000,0,0
994,19,258,734,0.950000,0,0
995,17,258,735,0.950000,0,0
996,29,259,735,0.950000,0,0
997,27,259,736,0.950000,0,1
998,25,259,737,0.950000,0,0
999,29,260,737,0.950000,0,0
1000,27,260,738,0.950000,0,0
1001,29,261,738,0.950000,0,0
1002,27,261,739,0.950000,0,0
1003,29,262,739,0.950000,0,0
1004,27,262,740,0.950000,0,0
1005,25,262,741,0.950000,0,0
1006,23,262,742,0.950000,0,0
1007,29,263,742,0.950000,0,0
1008,27,263,743,0.950000,0,1
1009,25,263,744,0.950000,0,0
1010,23,263,745,0.950000,0,1
1011,21,263,746,0.950000,0,1
1012,19,263,747,0.950000,0,0
1013,17,263,748,0.950000,0,0
1014,15,263,749,0.950000,1,0
1015,13,263,750,0.950000,1,1
1016,29,264,750,0.950000,1,0
1017,27,264,751,0.950000,0,1
1018,29,265,751,0.950000,0,0
1019,27,265,752,0.950000,1,0
1020,29,266,752,0.950000,1,0
1021,27,266,753,0.950000,0,0
1022,25,266,754,0.950000,0,0
1023,29,267,754,0.950000,0,0
1024,27,267,755,0.950000,0,0
1025,25,267,756,0.950000,0,0
1026,23,267,757,0.950000,0,0
1027,21,267,758,0.950000,0,0
1028,29,268,758,0.950000,0,0
1029,27,268,759,0.950000,0,0
1030,29,269,759,0.950000,0,0
1031,27,269,760,0.950000,1,0
1032,25,269,761,0.950000,0,1
1033,29,270,761,0.950000,0,0
1034,27,270,762,0.950000,0,0
1035,29,271,762,0.950000,0,0
1036,27,271,763,0.950000,0,0
1037,29,272,763,0.950000,0,0
1038,27,272,764,0.950000,0,0
1039,25,272,765,0.950000,0,0
1040,29,273,765,0.950000,0,0
1041,27,273,766,0.950000,1,0
1042,25,273,767,0.950000,0,1
1043,29,274,767,0.950000,0,0
1044,27,274,768,0.950000,0,0
1045,25,274,769,0.950000,0,1
1046,23,274,770,0.950000,0,0
1047,21,274,771,0.950000,0,0
1048,19,274,772,0.950000,0,0
1049,17,274,773,0.950000,0,0
1050,15,274,774,0.950000,0,1
1051,13,274,775,0.950000,0,0
1052,11,274,776,0.950000,0,0
1053,9,274,777,0.950000,0,0
1054,7,274,778,0.950000,0,0
1055,5,274,779,0.950000,0,0
1056,3,274,780,0.950000,0,1
1057,1,274,781,0.950000,0,0
1058,0,274,782,0.950000,0,1
